0.268293	0.243902	0.195122	0.292683
0.291667	0.125	0.333333	0.25
0.293907	0.21147	0.462366	0.0322581
0.130435	0.0434783	0.173913	0.652174
0.268293	0.658537	0.0650407	0.00813008
0.117647	0.647059	0.117647	0.117647
0.125	0.0416667	0.0833333	0.75
0.25	0.25	0.25	0.25
0.259259	0.12963	0.166667	0.444444
0.45	0.3	0.0666667	0.183333
0.3125	0.0416667	0.125	0.520833
0.322581	0.16129	0.451613	0.0645161
0.438202	0.011236	0.0561798	0.494382
0.311475	0.442623	0.131148	0.114754
0.483755	0.249097	0.223827	0.0433213
0.142857	0.0285714	0.157143	0.671429
0.263158	0.105263	0.105263	0.526316
0.361702	0.0212766	0.0638298	0.553191
0.738095	0.0952381	0.0238095	0.142857
0.202899	0.217391	0.101449	0.478261
0.5	0.465517	0.0172414	0.0172414
0.311111	0.111111	0.555556	0.0222222
0.255319	0.702128	0.0212766	0.0212766
0.2	0.2	0.4	0.2
0.727273	0.181818	0.0227273	0.0681818
0.363636	0.5	0.0454545	0.0909091
0.714286	0.047619	0.0952381	0.142857
0.4	0.1	0.1	0.4
0.357143	0.5	0.0714286	0.0714286
0.0506849	0.924658	0.0150685	0.00958904
0.464286	0.107143	0.107143	0.321429
0.384615	0.423077	0.153846	0.0384615
0.172414	0.413793	0.206897	0.206897
0.483333	0.1	0.216667	0.2
0.592593	0.0648148	0.324074	0.0185185
0.20904	0.762712	0.0112994	0.0169492
0.2	0.0666667	0.0666667	0.666667
0.44	0.04	0.08	0.44
0.467742	0.177419	0.193548	0.16129
0.0898876	0.0393258	0.803371	0.0674157
0.613636	0.340909	0.0340909	0.0113636
0.483146	0.404494	0.011236	0.101124
0.176471	0.294118	0.470588	0.0588235
0.415385	0.230769	0.338462	0.0153846
0.354839	0.528536	0.114144	0.00248139
0.015625	0.104167	0.046875	0.833333
0.375	0.4375	0.15625	0.03125
0.226415	0.0566038	0.672956	0.0440252
0.727273	0.212121	0.030303	0.030303
0.795082	0.0122951	0.17623	0.0163934
0.666667	0.0833333	0.0208333	0.229167
0.137931	0.0344828	0.0689655	0.758621
0.639344	0.0122951	0.0983607	0.25
0.146067	0.011236	0.0786517	0.764045
0.434783	0.304348	0.217391	0.0434783
0.410256	0.282051	0.179487	0.128205
0.555556	0.416667	0.0138889	0.0138889
0.283582	0.656716	0.0298507	0.0298507
0.25	0.25	0.208333	0.291667
0.634146	0.219512	0.121951	0.0243902
0.84	0.04	0.04	0.08
0.531915	0.382979	0.0425532	0.0425532
0.292683	0.121951	0.365854	0.219512
0.693878	0.153061	0.142857	0.0102041
0.439024	0.0243902	0.243902	0.292683
0.28125	0.15625	0.5	0.0625
0.272727	0.0454545	0.0909091	0.590909
0.212121	0.212121	0.0606061	0.515152
0.352113	0.450704	0.056338	0.140845
0.511111	0.0888889	0.177778	0.222222
0.08	0.2	0.28	0.44
0.384615	0.153846	0.230769	0.230769
0.611111	0.111111	0.166667	0.111111
0.681818	0.0909091	0.181818	0.0454545
0.329114	0.639241	0.0253165	0.00632911
0.865385	0.0384615	0.0384615	0.0576923
0.589286	0.0357143	0.107143	0.267857
0.4	0.05	0.15	0.4
0.403226	0.5	0.0645161	0.0322581
0.157895	0.526316	0.105263	0.210526
0.615385	0.0769231	0.153846	0.153846
0.372093	0.0232558	0.209302	0.395349
0.365079	0.301587	0.15873	0.174603
0.333333	0.030303	0.30303	0.333333
0.25	0.5	0.125	0.125
0.25	0.25	0.25	0.25
0.538462	0.0769231	0.153846	0.230769
0.25	0.25	0.25	0.25
0.375	0.025	0.275	0.325
0.219512	0.097561	0.317073	0.365854
0.5	0.0416667	0.333333	0.125
0.268398	0.692641	0.017316	0.021645
0.9	0.05	0.0333333	0.0166667
0.897436	0.025641	0.025641	0.0512821
0.181818	0.0227273	0.0909091	0.704545
0.0526316	0.915789	0.0105263	0.0210526
0.666667	0.111111	0.166667	0.0555556
0.291339	0.622047	0.0787402	0.00787402
0.181818	0.272727	0.363636	0.181818
0.5625	0.0625	0.125	0.25
0.583333	0.0833333	0.0833333	0.25
0.918919	0.0439189	0.0337838	0.00337838
0.189018	0.0295671	0.174234	0.607181
0.416667	0.0833333	0.25	0.25
0.74359	0.196581	0.034188	0.025641
0.62	0.12	0.1	0.16
0.207506	0.0242826	0.304636	0.463576
0.428571	0.357143	0.142857	0.0714286
0.463364	0.509217	0.0209677	0.00645161
0.555556	0.148148	0.037037	0.259259
0.433333	0.2	0.266667	0.1
0.391304	0.434783	0.130435	0.0434783
0.36747	0.560241	0.0301205	0.0421687
0.490909	0.0181818	0.0727273	0.418182
0.0967742	0.16129	0.0322581	0.709677
0.0952381	0.047619	0.0952381	0.761905
0.0571429	0.0285714	0.657143	0.257143
0.636364	0.136364	0.0909091	0.136364
0.132867	0.755245	0.0979021	0.013986
0.6	0.2	0.0285714	0.171429
0.52381	0.238095	0.119048	0.119048
0.654054	0.0108108	0.237838	0.0972973
0.433333	0.0166667	0.0333333	0.516667
0.8	0.0571429	0.1	0.0428571
0.84	0.04	0.08	0.04
0.131965	0.13783	0.651026	0.0791789
0.3125	0.0078125	0.132812	0.546875
0.576427	0.364641	0.0497238	0.0092081
0.1875	0.0625	0.0625	0.6875
0.778761	0.0442478	0.0619469	0.115044
0.531915	0.148936	0.170213	0.148936
0.613636	0.0227273	0.0227273	0.340909
0.46789	0.477064	0.0458716	0.00917431
0.598958	0.0104167	0.135417	0.255208
0.647059	0.235294	0.0294118	0.0882353
0.672727	0.0181818	0.0363636	0.272727
0.384615	0.423077	0.153846	0.0384615
0.0199005	0.0597015	0.910448	0.00995025
0.466667	0.488889	0.0222222	0.0222222
0.625	0.125	0.125	0.125
0.666667	0.234043	0.0496454	0.0496454
0.272727	0.0909091	0.0909091	0.545455
0.25	0.25	0.25	0.25
0.222222	0.111111	0.166667	0.5
0.25	0.375	0.125	0.25
0.333333	0.333333	0.166667	0.166667
0.416667	0.0416667	0.25	0.291667
0.277778	0.166667	0.111111	0.444444
0.657895	0.0526316	0.184211	0.105263
0.792208	0.0519481	0.142857	0.012987
0.605042	0.0420168	0.268908	0.0840336
0.3125	0.657738	0.0178571	0.0119048
0.181818	0.030303	0.181818	0.606061
0.929204	0.0265487	0.0265487	0.0176991
0.692308	0.0769231	0.0769231	0.153846
0.166667	0.0555556	0.0555556	0.722222
0.736842	0.0526316	0.157895	0.0526316
0.25	0.133333	0.3	0.316667
0.3125	0.4375	0.125	0.125
0.46875	0.5	0.0208333	0.0104167
0.428571	0.285714	0.142857	0.142857
0.3125	0.5625	0.0625	0.0625
0.55	0.05	0.35	0.05
0.230769	0.0769231	0.230769	0.461538
0.697674	0.186047	0.0697674	0.0465116
0.168831	0.207792	0.545455	0.0779221
0.25	0.25	0.25	0.25
0.341176	0.0588235	0.0588235	0.541176
0.822464	0.0362319	0.123188	0.0181159
0.0625	0.09375	0.21875	0.625
0.518868	0.367925	0.0660377	0.0471698
0.428571	0.047619	0.333333	0.190476
0.64	0.16	0.08	0.12
0.27027	0.581081	0.135135	0.0135135
0.222222	0.222222	0.222222	0.333333
0.818182	0.125	0.0340909	0.0227273
0.457143	0.285714	0.2	0.0571429
0.22	0.533333	0.21	0.0366667
0.486486	0.135135	0.297297	0.0810811
0.289417	0.669546	0.0151188	0.0259179
0.377778	0.0333333	0.0888889	0.5
0.718232	0.0939227	0.110497	0.0773481
0.255952	0.696429	0.0416667	0.00595238
0.666667	0.166667	0.111111	0.0555556
0.125	0.625	0.125	0.125
0.170455	0.238636	0.0909091	0.5
0.748571	0.0571429	0.12	0.0742857
0.10354	0.029646	0.800442	0.0663717
0.784946	0.11828	0.0752688	0.0215054
0.722222	0.180556	0.0833333	0.0138889
0.464286	0.0785714	0.178571	0.278571
0.571429	0.142857	0.142857	0.142857
0.827586	0.0689655	0.0689655	0.0344828
0.363636	0.181818	0.30303	0.151515
0.655172	0.310345	0.0172414	0.0172414
0.335294	0.605882	0.0470588	0.0117647
0.222222	0.0555556	0.0555556	0.666667
0.306358	0.0231214	0.346821	0.323699
0.45	0.25	0.2	0.1
0.539474	0.407895	0.0263158	0.0263158
0.411765	0.294118	0.176471	0.117647
0.358491	0.0377358	0.0377358	0.566038
0.436364	0.454545	0.0727273	0.0363636
0.338028	0.0140845	0.591549	0.056338
0.234568	0.703704	0.037037	0.0246914
0.521739	0.0217391	0.195652	0.26087
0.190476	0.0952381	0.047619	0.666667
0.145833	0.270833	0.1875	0.395833
0.690476	0.0238095	0.0952381	0.190476
0.822222	0.0444444	0.0888889	0.0444444
0.272727	0.0606061	0.515152	0.151515
0.843137	0.0392157	0.0392157	0.0784314
0.13155	0.833891	0.0245262	0.0100334
0.869919	0.0162602	0.097561	0.0162602
0.190476	0.321429	0.309524	0.178571
0.302326	0.0465116	0.116279	0.534884
0.461538	0.0769231	0.0769231	0.384615
0.4	0.1	0.4	0.1
0.425397	0.031746	0.520635	0.0222222
0.574468	0.375	0.0239362	0.0265957
0.2875	0.575	0.075	0.0625
0.375	0.166667	0.0833333	0.375
0.305556	0.583333	0.0277778	0.0833333
0.292308	0.492308	0.207692	0.00769231
0.195652	0.0869565	0.478261	0.23913
0.214286	0.0238095	0.119048	0.642857
0.568627	0.196078	0.196078	0.0392157
0.439024	0.0487805	0.0243902	0.487805
0.484848	0.0909091	0.363636	0.0606061
0.425	0.025	0.15	0.4
0.451613	0.354839	0.16129	0.0322581
0.733333	0.0666667	0.1	0.1
0.723684	0.0526316	0.125	0.0986842
0.634146	0.0243902	0.146341	0.195122
0.613636	0.25	0.0909091	0.0454545
0.2	0.3	0.1	0.4
0.292683	0.585366	0.0243902	0.097561
0.0769231	0.230769	0.615385	0.0769231
0.6	0.1	0.1	0.2
0.496622	0.347973	0.0777027	0.0777027
0.3	0.1	0.05	0.55
0.825	0.025	0.125	0.025
0.127273	0.0181818	0.0181818	0.836364
0.308333	0.00833333	0.25	0.433333
0.56	0.04	0.04	0.36
0.104167	0.03125	0.65625	0.208333
0.692308	0.192308	0.0384615	0.0769231
0.150943	0.0377358	0.622642	0.188679
0.791667	0.0416667	0.0416667	0.125
0.148148	0.037037	0.037037	0.777778
0.30719	0.0522876	0.627451	0.0130719
0.0909091	0.181818	0.363636	0.363636
0.219178	0.0273973	0.0273973	0.726027
0.347826	0.0695652	0.0434783	0.53913
0.6	0.05	0.2	0.15
0.71875	0.125	0.09375	0.0625
0.712121	0.0909091	0.106061	0.0909091
0.269231	0.153846	0.346154	0.230769
0.858586	0.10101	0.020202	0.020202
0.8	0.04	0.1	0.06
0.025641	0.025641	0.102564	0.846154
0.604167	0.25	0.125	0.0208333
0.833333	0.133333	0.0166667	0.0166667
0.754717	0.081761	0.119497	0.0440252
0.208333	0.125	0.0416667	0.625
0.185185	0.0740741	0.222222	0.518519
0.619048	0.190476	0.047619	0.142857
0.111111	0.037037	0.037037	0.814815
0.776758	0.125382	0.0795107	0.0183486
0.710145	0.0434783	0.144928	0.101449
0.846154	0.0769231	0.0384615	0.0384615
0.263158	0.473684	0.0526316	0.210526
0.732759	0.0517241	0.137931	0.0775862
0.391304	0.173913	0.347826	0.0869565
0.25	0.25	0.25	0.25
0.0576923	0.0192308	0.0192308	0.903846
0.435897	0.128205	0.384615	0.0512821
0.421053	0.105263	0.263158	0.210526
0.25	0.25	0.25	0.25
0.192661	0.211009	0.477064	0.119266
0.714286	0.0952381	0.047619	0.142857
0.586207	0.275862	0.12069	0.0172414
0.625	0.025	0.1	0.25
0.0869565	0.101449	0.188406	0.623188
0.642857	0.142857	0.0714286	0.142857
0.0909091	0.030303	0.030303	0.848485
0.0952381	0.047619	0.0952381	0.761905
0.38587	0.00543478	0.048913	0.559783
0.5	0.4	0.05	0.05
0.547619	0.190476	0.142857	0.119048
0.328125	0.046875	0.609375	0.015625
0.409091	0.25	0.318182	0.0227273
0.428571	0.285714	0.142857	0.142857
0.37037	0.407407	0.111111	0.111111
0.212121	0.121212	0.484848	0.181818
0.646154	0.0307692	0.246154	0.0769231
0.125	0.291667	0.291667	0.291667
0.52381	0.047619	0.238095	0.190476
0.444444	0.444444	0.0555556	0.0555556
0.317073	0.0487805	0.390244	0.243902
0.551724	0.310345	0.0344828	0.103448
0.363636	0.0909091	0.0909091	0.454545
0.285714	0.0952381	0.047619	0.571429
0.322581	0.0645161	0.0806452	0.532258
0.53125	0.015625	0.03125	0.421875
0.7	0.118182	0.154545	0.0272727
0.533333	0.0222222	0.222222	0.222222
0.266667	0.633333	0.0833333	0.0166667
0.464912	0.105263	0.289474	0.140351
0.176309	0.760331	0.046832	0.0165289
0.1875	0.0625	0.125	0.625
0.529412	0.235294	0.176471	0.0588235
0.636364	0.181818	0.0909091	0.0909091
0.0512821	0.025641	0.25641	0.666667
0.4	0.05	0.1	0.45
0.121212	0.272727	0.151515	0.454545
0.368421	0.236842	0.184211	0.210526
0.428571	0.428571	0.107143	0.0357143
0.479167	0.416667	0.0763889	0.0277778
0.573034	0.370787	0.0449438	0.011236
0.555556	0.222222	0.111111	0.111111
0.384615	0.25641	0.230769	0.128205
0.181818	0.030303	0.121212	0.666667
0.719298	0.245614	0.0175439	0.0175439
0.333333	0.09375	0.104167	0.46875
0.181818	0.0909091	0.151515	0.575758
0.657439	0.083045	0.252595	0.00692042
0.0964912	0.0789474	0.175439	0.649123
0.172414	0.172414	0.103448	0.551724
0.347222	0.569444	0.0555556	0.0277778
0.211538	0.153846	0.0192308	0.615385
0.0645161	0.0645161	0.16129	0.709677
0.0769231	0.0769231	0.5	0.346154
0.24	0.14	0.54	0.08
0.0212766	0.0212766	0.0638298	0.893617
0.388889	0.111111	0.0555556	0.444444
0.216216	0.027027	0.027027	0.72973
0.23913	0.184783	0.402174	0.173913
0.764706	0.156863	0.0392157	0.0392157
0.315789	0.0526316	0.175439	0.45614
0.322581	0.258065	0.0322581	0.387097
0.25	0.25	0.25	0.25
0.885057	0.0574713	0.045977	0.0114943
0.315789	0.157895	0.105263	0.421053
0.25	0.0208333	0.145833	0.583333
0.425	0.525	0.025	0.025
0.208955	0.119403	0.0298507	0.641791
0.553957	0.251799	0.158273	0.0359712
0.18552	0.665158	0.140271	0.00904977
0.491329	0.0404624	0.398844	0.0693642
0.176471	0.0441176	0.470588	0.308824
0.272727	0.136364	0.0454545	0.545455
0.375	0.25	0.25	0.125
0.0263158	0.0526316	0.289474	0.631579
0.346154	0.0384615	0.25	0.365385
0.573529	0.102941	0.176471	0.147059
0.371429	0.0285714	0.428571	0.171429
0.269231	0.0769231	0.153846	0.5
0.194444	0.0555556	0.166667	0.583333
0.193548	0.612903	0.0967742	0.0967742
0.111111	0.185185	0.148148	0.555556
0.0740741	0.0185185	0.166667	0.740741
0.5	0.107143	0.25	0.142857
0.173913	0.0434783	0.0434783	0.73913
0.511628	0.0697674	0.0697674	0.348837
0.203593	0.131737	0.305389	0.359281
0.587302	0.349206	0.047619	0.015873
0.206897	0.413793	0.310345	0.0689655
0.326923	0.0192308	0.134615	0.519231
0.692308	0.0384615	0.192308	0.0769231
0.133333	0.4	0.133333	0.333333
0.679012	0.148148	0.0246914	0.148148
0.386454	0.501992	0.0876494	0.0239044
0.769231	0.0769231	0.0769231	0.0769231
0.0510949	0.751825	0.0948905	0.10219
0.454545	0.030303	0.030303	0.484848
0.518072	0.168675	0.0481928	0.26506
0.285714	0.285714	0.142857	0.285714
0.380952	0.380952	0.142857	0.0952381
0.578125	0.359375	0.046875	0.015625
0.644068	0.152542	0.118644	0.0847458
0.25	0.25	0.25	0.25
0.230769	0.0769231	0.282051	0.410256
0.192982	0.701754	0.0526316	0.0526316
0.611111	0.333333	0.0277778	0.0277778
0.166667	0.0555556	0.388889	0.388889
0.578947	0.323684	0.0736842	0.0236842
0.75	0.05	0.15	0.05
0.166667	0.12963	0.185185	0.518519
0.6875	0.1875	0.03125	0.09375
0.642857	0.0714286	0.142857	0.142857
0.702128	0.0638298	0.12766	0.106383
0.282051	0.0512821	0.641026	0.025641
0.391304	0.413043	0.173913	0.0217391
0.520833	0.375	0.0833333	0.0208333
0.624021	0.0130548	0.120104	0.24282
0.882353	0.0294118	0.0294118	0.0588235
0.133891	0.694561	0.0460251	0.125523
0.478261	0.130435	0.26087	0.130435
0.0867052	0.16474	0.17052	0.578035
0.047619	0.047619	0.047619	0.857143
0.20701	0.540619	0.251959	0.000412371
0.776119	0.0895522	0.0149254	0.119403
0.788235	0.0705882	0.117647	0.0235294
0.52381	0.0952381	0.190476	0.190476
0.783333	0.15	0.0333333	0.0333333
0.480734	0.475229	0.0385321	0.00550459
0.0357143	0.0357143	0.25	0.678571
0.25	0.642857	0.0714286	0.0357143
0.179487	0.692308	0.0769231	0.0512821
0.190476	0.047619	0.119048	0.642857
0.779221	0.116883	0.0519481	0.0519481
0.846154	0.0576923	0.0576923	0.0384615
0.150685	0.709589	0.0986301	0.0410959
0.842105	0.0526316	0.0526316	0.0526316
0.444444	0.111111	0.333333	0.111111
0.340909	0.613636	0.0151515	0.030303
0.2	0.64	0.08	0.08
0.428571	0.142857	0.285714	0.142857
0.82243	0.0934579	0.0280374	0.0560748
0.30303	0.545455	0.121212	0.030303
0.294118	0.0294118	0.441176	0.235294
0.487179	0.025641	0.025641	0.461538
0.756098	0.0487805	0.0243902	0.170732
0.444444	0.222222	0.111111	0.222222
0.0666667	0.0666667	0.333333	0.533333
0.28	0.2	0.16	0.36
0.55102	0.163265	0.163265	0.122449
0.574468	0.191489	0.212766	0.0212766
0.310811	0.135135	0.459459	0.0945946
0.089404	0.119205	0.788079	0.00331126
0.142857	0.047619	0.0714286	0.738095
0.418605	0.488372	0.0232558	0.0697674
0.861111	0.0555556	0.0555556	0.0277778
0.373016	0.126984	0.428571	0.0714286
0.871287	0.0693069	0.039604	0.019802
0.722222	0.166667	0.0555556	0.0555556
0.434783	0.413043	0.0869565	0.0652174
0.288136	0.0169492	0.0508475	0.644068
0.145631	0.038835	0.0679612	0.747573
0.782609	0.0652174	0.0869565	0.0652174
0.361702	0.0212766	0.0638298	0.553191
0.257143	0.0619048	0.0571429	0.62381
0.142857	0.0178571	0.0357143	0.803571
0.394737	0.210526	0.368421	0.0263158
0.680851	0.170213	0.0851064	0.0638298
0.948718	0.0128205	0.025641	0.0128205
0.5	0.166667	0.0833333	0.25
0.0769231	0.0769231	0.692308	0.153846
0.375	0.125	0.125	0.375
0.225806	0.612903	0.0967742	0.0645161
0.227273	0.590909	0.0454545	0.136364
0.764706	0.0588235	0.0588235	0.117647
0.742424	0.0454545	0.181818	0.030303
0.459459	0.351351	0.0810811	0.108108
0.460317	0.031746	0.174603	0.333333
0.2	0.28	0.48	0.04
0.130435	0.217391	0.26087	0.391304
0.16	0.08	0.44	0.32
0.42623	0.442623	0.0983607	0.0327869
0.309859	0.126761	0.056338	0.507042
0.0798122	0.0657277	0.715962	0.138498
0.289474	0.0526316	0.157895	0.5
0.781818	0.145455	0.0545455	0.0181818
0.423529	0.0705882	0.482353	0.0235294
0.486486	0.351351	0.108108	0.0540541
0.236842	0.118421	0.118421	0.526316
0.330935	0.0647482	0.136691	0.467626
0.4	0.4	0.08	0.12
0.840764	0.11465	0.0382166	0.00636943
0.764706	0.147059	0.0294118	0.0588235
0.351351	0.0540541	0.0540541	0.540541
0.0413793	0.0275862	0.0413793	0.889655
0.722222	0.166667	0.0555556	0.0555556
0.5	0.291667	0.166667	0.0416667
0.166667	0.0833333	0.333333	0.416667
0.576271	0.0677966	0.322034	0.0338983
0.64	0.12	0.08	0.16
0.611111	0.0555556	0.222222	0.111111
0.575758	0.30303	0.0909091	0.030303
0.727273	0.0909091	0.0909091	0.0909091
0.5	0.208333	0.125	0.166667
0.5	0.181818	0.181818	0.136364
0.55	0.1	0.1	0.25
0.815789	0.0526316	0.0789474	0.0526316
0.527778	0.277778	0.0833333	0.111111
0.285714	0.0204082	0.55102	0.142857
0.424779	0.115044	0.115044	0.345133
0.589744	0.290598	0.0512821	0.0683761
0.272727	0.181818	0.272727	0.272727
0.734375	0.046875	0.140625	0.078125
0.326087	0.26087	0.173913	0.23913
0.612903	0.0967742	0.258065	0.0322581
0.304348	0.246377	0.42029	0.0289855
0.769231	0.0769231	0.115385	0.0384615
0.666667	0.0128205	0.217949	0.102564
0.868421	0.0394737	0.0526316	0.0394737
0.0338164	0.057971	0.898551	0.00966184
0.804124	0.0618557	0.123711	0.0103093
0.294118	0.0588235	0.235294	0.411765
0.2	0.05	0.2	0.55
0.294118	0.0588235	0.0588235	0.588235
0.117647	0.705882	0.117647	0.0588235
0.409091	0.272727	0.136364	0.181818
0.36	0.12	0.36	0.16
0.484848	0.151515	0.212121	0.151515
0.28169	0.478873	0.225352	0.0140845
0.409091	0.0272727	0.0272727	0.536364
0.75	0.0681818	0.0909091	0.0909091
0.339623	0.433962	0.188679	0.0377358
0.2	0.2	0.4	0.2
0.636364	0.127273	0.163636	0.0727273
0.666667	0.117647	0.0392157	0.176471
0.266667	0.166667	0.333333	0.233333
0.272727	0.0909091	0.363636	0.272727
0.047619	0.0238095	0.119048	0.809524
0.578947	0.157895	0.105263	0.157895
0.478261	0.455243	0.028133	0.0383632
0.666667	0.133333	0.133333	0.0666667
0.6	0.1	0.2	0.1
0.53125	0.03125	0.03125	0.40625
0.352941	0.294118	0.0588235	0.294118
0.571429	0.413265	0.00510204	0.0102041
0.301887	0.150943	0.503145	0.0440252
0.59375	0.0625	0.21875	0.125
0.446043	0.323741	0.158273	0.0719424
0.0285714	0.928571	0.0142857	0.0285714
0.166667	0.166667	0.333333	0.333333
0.215054	0.763441	0.0107527	0.0107527
0.329949	0.0304569	0.15736	0.482234
0.323529	0.0588235	0.5	0.117647
0.797468	0.0506329	0.0886076	0.0632911
0.25	0.25	0.25	0.25
0.625	0.208333	0.125	0.0416667
0.915493	0.0422535	0.028169	0.0140845
0.59854	0.270073	0.116788	0.0145985
0.714286	0.0952381	0.142857	0.047619
0.555556	0.0555556	0.166667	0.222222
0.220588	0.338235	0.411765	0.0294118
0.588235	0.235294	0.117647	0.0588235
0.56	0.04	0.28	0.12
0.478261	0.26087	0.217391	0.0434783
0.571429	0.103896	0.311688	0.012987
0.727273	0.0681818	0.0909091	0.113636
0.481481	0.407407	0.037037	0.0740741
0.571429	0.0714286	0.196429	0.160714
0.36	0.42	0.1	0.12
0.424242	0.030303	0.181818	0.363636
0.0666667	0.266667	0.2	0.466667
0.375	0.5	0.0625	0.0625
0.36	0.52	0.08	0.04
0.705882	0.0588235	0.0588235	0.176471
0.25	0.25	0.25	0.25
0.21875	0.0625	0.09375	0.625
0.529412	0.264706	0.176471	0.0294118
0.142857	0.0204082	0.469388	0.367347
0.302326	0.372093	0.139535	0.186047
0.453125	0.015625	0.21875	0.3125
0.666667	0.294118	0.0196078	0.0196078
0.418605	0.488372	0.0697674	0.0232558
0.136364	0.0909091	0.0454545	0.727273
0.621622	0.162162	0.0540541	0.162162
0.73913	0.0434783	0.0869565	0.130435
0.168831	0.025974	0.298701	0.506494
0.333333	0.333333	0.111111	0.222222
0.219178	0.123288	0.328767	0.328767
0.313869	0.627737	0.0145985	0.0437956
0.655172	0.091954	0.16092	0.091954
0.342105	0.552632	0.0657895	0.0394737
0.483871	0.193548	0.290323	0.0322581
0.460227	0.511364	0.0170455	0.0113636
0.333333	0.536232	0.101449	0.0289855
0.2	0.2	0.2	0.4
0.357143	0.0714286	0.285714	0.285714
0.25	0.25	0.25	0.25
0.619469	0.345133	0.00884956	0.0265487
0.820225	0.0898876	0.0449438	0.0449438
0.677419	0.0322581	0.258065	0.0322581
0.587786	0.198473	0.0687023	0.145038
0.857143	0.0952381	0.0357143	0.0119048
0.128205	0.0512821	0.205128	0.615385
0.810811	0.0540541	0.108108	0.027027
0.0566038	0.0566038	0.830189	0.0566038
0.595238	0.309524	0.0714286	0.0238095
0.349206	0.285714	0.349206	0.015873
0.6	0.275	0.1	0.025
0.05	0.8	0.05	0.1
0.368421	0.552632	0.0526316	0.0263158
0.371528	0.583333	0.0347222	0.0104167
0.333333	0.148148	0.148148	0.37037
0.444444	0.222222	0.244444	0.0888889
0.238095	0.047619	0.666667	0.047619
0.352941	0.0588235	0.176471	0.411765
0.0294118	0.0294118	0.161765	0.779412
0.0454545	0.0454545	0.0454545	0.863636
0.519031	0.391003	0.0242215	0.0657439
0.272727	0.0909091	0.0909091	0.545455
0.373626	0.406593	0.186813	0.032967
0.583333	0.0833333	0.0833333	0.25
0.586207	0.275862	0.0689655	0.0689655
0.384615	0.307692	0.230769	0.0769231
0.4	0.0666667	0.0666667	0.466667
0.42623	0.0327869	0.0491803	0.491803
0.16	0.08	0.173333	0.586667
0.486486	0.108108	0.378378	0.027027
0.501992	0.478088	0.0159363	0.00398406
0.0178571	0.0267857	0.901786	0.0535714
0.461538	0.0769231	0.384615	0.0769231
0.578947	0.345029	0.0116959	0.0643275
0.391304	0.0434783	0.26087	0.304348
0.454023	0.442529	0.0977011	0.00574713
0.451613	0.0645161	0.290323	0.193548
0.278846	0.00961538	0.125	0.586538
0.197605	0.113772	0.215569	0.473054
0.766667	0.1	0.0333333	0.1
0.25	0.25	0.25	0.25
0.733333	0.0666667	0.133333	0.0666667
0.4375	0.3125	0.125	0.125
0.750789	0.00630915	0.214511	0.0283912
0.230769	0.230769	0.461538	0.0769231
0.448276	0.310345	0.0344828	0.206897
0.322034	0.0677966	0.576271	0.0338983
0.247706	0.110092	0.422018	0.220183
0.641509	0.0188679	0.0754717	0.264151
0.327273	0.563636	0.0545455	0.0545455
0.615385	0.230769	0.102564	0.0512821
0.382857	0.0171429	0.0457143	0.554286
0.0833333	0.0416667	0.166667	0.708333
0.630435	0.293478	0.0326087	0.0434783
0.0588235	0.0588235	0.352941	0.529412
0.864516	0.0774194	0.0322581	0.0258065
0.3125	0.0625	0.03125	0.59375
0.387097	0.177419	0.16129	0.274194
0.218045	0.736842	0.037594	0.0075188
0.565217	0.0434783	0.130435	0.26087
0.25	0.25	0.25	0.25
0.714286	0.119048	0.119048	0.047619
0.142857	0.142857	0.285714	0.428571
0.372093	0.534884	0.0465116	0.0465116
0.760563	0.169014	0.028169	0.0422535
0.555556	0.314815	0.111111	0.0185185
0.25	0.65	0.05	0.05
0.291667	0.0416667	0.0833333	0.583333
0.823529	0.0294118	0.102941	0.0441176
0.133333	0.0666667	0.333333	0.466667
0.00258324	0.00143513	0.0120551	0.983927
0.128788	0.810606	0.0473485	0.0132576
0.230216	0.028777	0.129496	0.611511
0.482759	0.431034	0.0517241	0.0344828
0.642857	0.0714286	0.0714286	0.214286
0.736842	0.105263	0.105263	0.0526316
0.5	0.03125	0.03125	0.4375
0.0789474	0.0263158	0.0526316	0.842105
0.444444	0.185185	0.333333	0.037037
0.308511	0.617021	0.0531915	0.0212766
0.642857	0.142857	0.142857	0.0714286
0.472441	0.0551181	0.0787402	0.393701
0.737374	0.222222	0.020202	0.020202
0.0454545	0.00324675	0.941558	0.00974026
0.166667	0.133333	0.333333	0.366667
0.454545	0.0909091	0.272727	0.181818
0.125	0.5	0.25	0.125
0.140351	0.0263158	0.0350877	0.798246
0.102041	0.530612	0.0204082	0.346939
0.588235	0.0588235	0.235294	0.117647
0.161905	0.7	0.114286	0.0238095
0.633803	0.0704225	0.084507	0.211268
0.036036	0.18018	0.747748	0.036036
0.285714	0.0238095	0.0714286	0.619048
0.373134	0.58209	0.038806	0.00597015
0.666667	0.222222	0.0555556	0.0555556
0.1	0.1	0.15	0.65
0.309735	0.00884956	0.60177	0.079646
0.272727	0.545455	0.0909091	0.0909091
0.117318	0.0139665	0.826816	0.0418994
0.0544554	0.0136139	0.893564	0.0383663
0.307692	0.384615	0.230769	0.0769231
0.636364	0.0909091	0.181818	0.0909091
0.529412	0.294118	0.0588235	0.117647
0.835404	0.0962733	0.0341615	0.0341615
0.413223	0.0330579	0.512397	0.0413223
0.646154	0.0923077	0.0769231	0.184615
0.8	0.06	0.1	0.04
0.574257	0.277228	0.0990099	0.049505
0.25	0.0277778	0.583333	0.138889
0.378378	0.108108	0.162162	0.351351
0.391304	0.173913	0.391304	0.0434783
0.151515	0.212121	0.242424	0.393939
0.25	0.25	0.25	0.25
0.382716	0.0864198	0.148148	0.382716
0.761905	0.0238095	0.119048	0.0952381
0.769231	0.115385	0.0192308	0.0961538
0.00191939	0.93858	0.0441459	0.0153551
0.305556	0.0833333	0.277778	0.333333
0.769231	0.153846	0.0384615	0.0384615
0.140845	0.084507	0.169014	0.605634
0.103448	0.0689655	0.103448	0.724138
0.26	0.585	0.11	0.045
0.047619	0.047619	0.047619	0.857143
0.61039	0.25974	0.0519481	0.0779221
0.740741	0.0555556	0.037037	0.166667
0.783505	0.164948	0.0309278	0.0206186
0.510204	0.0816327	0.326531	0.0816327
0.864865	0.027027	0.0810811	0.027027
0.526316	0.118421	0.342105	0.0131579
0.25	0.25	0.25	0.25
0.176471	0.0588235	0.235294	0.529412
0.621622	0.189189	0.0810811	0.108108
0.255319	0.648936	0.0797872	0.0159574
0.736842	0.0789474	0.0789474	0.105263
0.25	0.25	0.25	0.25
0.714286	0.142857	0.0952381	0.047619
0.365854	0.0365854	0.121951	0.47561
0.463768	0.492754	0.0289855	0.0144928
0.433333	0.1	0.0333333	0.433333
0.487179	0.128205	0.307692	0.0769231
0.5	0.1	0.3	0.1
0.222222	0.0555556	0.222222	0.5
0.454545	0.181818	0.181818	0.181818
0.104167	0.0625	0.0208333	0.8125
0.388889	0.166667	0.222222	0.222222
0.404762	0.5	0.0714286	0.0238095
0.325	0.05	0.125	0.5
0.153846	0.142308	0.211538	0.492308
0.322581	0.0645161	0.0322581	0.580645
0.378378	0.027027	0.0405405	0.554054
0.192308	0.0384615	0.307692	0.461538
0.5	0.178571	0.261905	0.0595238
0.714286	0.0952381	0.142857	0.047619
0.461538	0.153846	0.153846	0.230769
0.541667	0.0208333	0.375	0.0625
0.526316	0.0526316	0.105263	0.315789
0.428571	0.047619	0.047619	0.47619
0.903614	0.0240964	0.060241	0.0120482
0.537037	0.314815	0.12963	0.0185185
0.0967742	0.193548	0.612903	0.0967742
0.204225	0.176056	0.274648	0.34507
0.166667	0.0166667	0.166667	0.65
0.133333	0.266667	0.266667	0.333333
0.45	0.1	0.05	0.4
0.351351	0.162162	0.216216	0.27027
0.25	0.25	0.25	0.25
0.215385	0.0461538	0.0153846	0.723077
0.857143	0.0952381	0.0238095	0.0238095
0.397727	0.0795455	0.0795455	0.443182
0.580645	0.112903	0.290323	0.016129
0.28	0.12	0.08	0.52
0.772277	0.0990099	0.0891089	0.039604
0.207317	0.0609756	0.170732	0.560976
0.56	0.04	0.12	0.28
0.181818	0.242424	0.242424	0.333333
0.722222	0.111111	0.111111	0.0555556
0.5625	0.1875	0.125	0.125
0.125	0.0625	0.125	0.6875
0.375	0.0625	0.0625	0.5
0.615385	0.153846	0.153846	0.0769231
0.115385	0.0192308	0.0769231	0.788462
0.410853	0.0232558	0.0542636	0.511628
0.25	0.25	0.25	0.25
0.903226	0.0322581	0.0322581	0.0322581
0.394366	0.084507	0.183099	0.338028
0.52518	0.431655	0.0395683	0.00359712
0.4	0.48	0.08	0.04
0.357143	0.428571	0.0714286	0.142857
0.347826	0.0434783	0.391304	0.217391
0.316456	0.594937	0.0506329	0.0379747
0.2	0.0285714	0.142857	0.628571
0.206897	0.344828	0.0344828	0.413793
0.666667	0.148148	0.148148	0.037037
0.433265	0.344969	0.211499	0.0102669
0.25	0.6	0.05	0.1
0.6	0.1	0.1	0.2
0.317881	0.00662252	0.0198675	0.655629
0.211382	0.0162602	0.487805	0.284553
0.148057	0.749139	0.0954255	0.00737826
0.804878	0.097561	0.0731707	0.0243902
0.321429	0.0714286	0.0357143	0.571429
0.110368	0.090301	0.67893	0.120401
0.35	0.0333333	0.133333	0.483333
0.478261	0.0869565	0.391304	0.0434783
0.9375	0.03125	0.015625	0.015625
0.735849	0.0566038	0.188679	0.0188679
0.34715	0.564767	0.0414508	0.0466321
0.717391	0.076087	0.0326087	0.173913
0.307692	0.230769	0.192308	0.269231
0.156593	0.733516	0.107143	0.00274725
0.75	0.111111	0.111111	0.0277778
0.313953	0.662791	0.0116279	0.0116279
0.25	0.0555556	0.666667	0.0277778
0.153285	0.715328	0.10219	0.0291971
0.78125	0.125	0.0625	0.03125
0.647059	0.0588235	0.117647	0.176471
0.79845	0.116279	0.0775194	0.00775194
0.275862	0.0689655	0.137931	0.517241
0.304348	0.130435	0.478261	0.0869565
0.372881	0.389831	0.0338983	0.20339
0.255102	0.122449	0.581633	0.0408163
0.327586	0.0689655	0.137931	0.465517
0.2	0.0153846	0.138462	0.646154
0.481481	0.037037	0.111111	0.37037
0.24	0.06	0.12	0.58
0.906977	0.0465116	0.0232558	0.0232558
0.25	0.125	0.125	0.5
0.323529	0.0294118	0.382353	0.264706
0.2375	0.708333	0.0416667	0.0125
0.298157	0.623116	0.0234506	0.0552764
0.653846	0.115385	0.0769231	0.153846
0.302632	0.657895	0.0263158	0.0131579
0.615385	0.153846	0.153846	0.0769231
0.193548	0.016129	0.0806452	0.709677
0.696203	0.0253165	0.232068	0.0464135
0.355556	0.4	0.2	0.0444444
0.267857	0.178571	0.0535714	0.5
0.142857	0.214286	0.357143	0.285714
0.914286	0.0285714	0.0285714	0.0285714
0.149301	0.052774	0.786198	0.0117276
0.4	0.2	0.2	0.2
0.432836	0.467662	0.0646766	0.0348259
0.4	0.2	0.1	0.3
0.099631	0.0565806	0.790898	0.0528905
0.614407	0.370763	0.00529661	0.0095339
0.814815	0.111111	0.037037	0.037037
0.342105	0.578947	0.0394737	0.0394737
0.262183	0.0711501	0.643275	0.0233918
0.885714	0.0285714	0.0571429	0.0285714
0.529412	0.235294	0.176471	0.0588235
0.62963	0.222222	0.111111	0.037037
0.357143	0.285714	0.214286	0.142857
0.433333	0.0444444	0.1	0.422222
0.483871	0.0645161	0.0322581	0.419355
0.439024	0.0731707	0.243902	0.243902
0.471698	0.45283	0.0377358	0.0377358
0.266667	0.566667	0.1	0.0666667
0.538462	0.0307692	0.184615	0.246154
0.631579	0.0526316	0.157895	0.157895
0.555556	0.303704	0.111111	0.0296296
0.4	0.05	0.05	0.5
0.272727	0.030303	0.121212	0.575758
0.107143	0.107143	0.571429	0.214286
0.611111	0.0833333	0.277778	0.0277778
0.681818	0.136364	0.0454545	0.136364
0.611111	0.0555556	0.277778	0.0555556
0.166667	0.166667	0.0833333	0.583333
0.137255	0.0588235	0.0980392	0.705882
0.25	0.25	0.25	0.25
0.409091	0.0454545	0.136364	0.409091
0.307692	0.173077	0.365385	0.153846
0.4	0.0666667	0.333333	0.2
0.135135	0.0540541	0.72973	0.0810811
0.415	0.495	0.07	0.02
0.443182	0.0454545	0.0454545	0.465909
0.1875	0.0625	0.0625	0.6875
0.372881	0.0338983	0.254237	0.338983
0.84375	0.09375	0.03125	0.03125
0.622222	0.177778	0.177778	0.0222222
0.306122	0.183673	0.408163	0.102041
0.716981	0.169811	0.0283019	0.0849057
0.269231	0.192308	0.153846	0.384615
0.25	0.25	0.25	0.25
0.322115	0.0384615	0.625	0.0144231
0.511111	0.355556	0.111111	0.0222222
0.611111	0.0555556	0.111111	0.222222
0.822222	0.0222222	0.0666667	0.0888889
0.421053	0.0526316	0.157895	0.368421
0.606061	0.121212	0.030303	0.242424
0.866667	0.0666667	0.0166667	0.05
0.555556	0.166667	0.166667	0.111111
0.333333	0.2	0.2	0.266667
0.15625	0.09375	0.125	0.625
0.684211	0.105263	0.157895	0.0526316
0.276596	0.680851	0.035461	0.0070922
0.583333	0.345238	0.047619	0.0238095
0.571429	0.0571429	0.2	0.171429
0.888889	0.037037	0.037037	0.037037
0.125	0.0208333	0.604167	0.25
0.313953	0.0697674	0.0232558	0.593023
0.333333	0.0555556	0.0555556	0.555556
0.363636	0.0454545	0.0909091	0.5
0.384615	0.307692	0.0769231	0.230769
0.214286	0.0357143	0.107143	0.642857
0.423077	0.0769231	0.307692	0.192308
0.576271	0.20339	0.186441	0.0338983
0.75	0.142857	0.0714286	0.0357143
0.428571	0.142857	0.285714	0.142857
0.220779	0.727273	0.012987	0.038961
0.426829	0.0365854	0.317073	0.219512
0.458333	0.166667	0.145833	0.229167
0.555556	0.222222	0.111111	0.111111
0.2	0.00909091	0.0909091	0.7
0.75	0.0625	0.0208333	0.166667
0.473684	0.315789	0.105263	0.105263
0.878788	0.030303	0.030303	0.0606061
0.654545	0.0181818	0.236364	0.0909091
0.123596	0.117978	0.696629	0.0617978
0.0625	0.0625	0.3125	0.5625
0.457143	0.442857	0.0285714	0.0714286
0.413793	0.137931	0.137931	0.310345
0.597701	0.310345	0.045977	0.045977
0.767442	0.0310078	0.155039	0.0465116
0.111111	0.148148	0.037037	0.703704
0.222222	0.111111	0.555556	0.111111
0.538462	0.25	0.115385	0.0961538
0.0952381	0.047619	0.761905	0.0952381
0.566667	0.166667	0.1	0.166667
0.5	0.1	0.1	0.3
0.689655	0.0689655	0.0804598	0.16092
0.119863	0.732877	0.135274	0.0119863
0.613636	0.0681818	0.181818	0.136364
0.333333	0.444444	0.111111	0.111111
0.769231	0.0769231	0.128205	0.025641
0.772727	0.0454545	0.0909091	0.0909091
0.228571	0.0714286	0.0285714	0.671429
0.428571	0.0714286	0.214286	0.285714
0.1	0.1	0.2	0.6
0.457143	0.2	0.314286	0.0285714
0.309524	0.0238095	0.047619	0.619048
0.3125	0.375	0.0625	0.25
0.869565	0.0434783	0.0434783	0.0434783
0.383178	0.0186916	0.0841121	0.514019
0.22542	0.752998	0.00719424	0.0143885
0.533333	0.133333	0.133333	0.2
0.26087	0.173913	0.0434783	0.521739
0.0909091	0.0505051	0.212121	0.646465
0.742857	0.0285714	0.0857143	0.142857
0.522727	0.113636	0.0227273	0.340909
0.0555556	0.842593	0.0833333	0.0185185
0.521739	0.369565	0.0217391	0.0869565
0.852459	0.0655738	0.0655738	0.0163934
0.522523	0.045045	0.171171	0.261261
0.45	0.1	0.3	0.15
0.358268	0.551181	0.0511811	0.0393701
0.25	0.606707	0.112805	0.0304878
0.689189	0.148649	0.135135	0.027027
0.125	0.25	0.25	0.375
0.579251	0.268012	0.14121	0.0115274
0.0843373	0.0361446	0.253012	0.626506
0.271084	0.662651	0.060241	0.0060241
0.233279	0.0451332	0.704731	0.016857
0.798851	0.103448	0.0229885	0.0747126
0.297297	0.027027	0.162162	0.513514
0.636364	0.295455	0.0227273	0.0454545
0.222222	0.222222	0.111111	0.444444
0.88	0.02	0.08	0.02
0.25	0.25	0.25	0.25
0.356164	0.616438	0.0136986	0.0136986
0.285714	0.047619	0.047619	0.619048
0.375	0.4375	0.0625	0.125
0.255102	0.0306122	0.0408163	0.673469
0.877095	0.0167598	0.0614525	0.0446927
0.310345	0.0172414	0.327586	0.344828
0.454545	0.181818	0.0909091	0.272727
0.166667	0.5	0.166667	0.166667
0.744186	0.116279	0.0697674	0.0697674
0.2	0.45	0.3	0.05
0.05	0.1	0.5	0.35
0.25	0.25	0.25	0.25
0.428571	0.285714	0.142857	0.142857
0.108108	0.72973	0.0540541	0.108108
0.807692	0.0769231	0.0192308	0.0961538
0.75	0.0625	0.0625	0.125
0.25	0.25	0.25	0.25
0.642857	0.214286	0.0714286	0.0714286
0.285714	0.428571	0.142857	0.142857
0.15493	0.478873	0.197183	0.169014
0.0833333	0.708333	0.166667	0.0416667
0.333333	0.333333	0.0833333	0.25
0.847826	0.0362319	0.0507246	0.0652174
0.270833	0.5625	0.125	0.0416667
0.328125	0.015625	0.09375	0.5625
0.883333	0.0166667	0.05	0.05
0.266667	0.533333	0.133333	0.0666667
0.25	0.25	0.25	0.25
0.753846	0.0307692	0.107692	0.107692
0.705882	0.117647	0.0588235	0.117647
0.634146	0.170732	0.146341	0.0487805
0.2875	0.525	0.1375	0.05
0.3	0.1	0.328571	0.271429
0.380952	0.142857	0.380952	0.0952381
0.714286	0.142857	0.047619	0.0952381
0.783333	0.0833333	0.116667	0.0166667
0.0985915	0.028169	0.126761	0.746479
0.258065	0.0322581	0.193548	0.516129
0.896552	0.0114943	0.0344828	0.0574713
0.855072	0.0724638	0.0289855	0.0434783
0.4	0.0666667	0.466667	0.0666667
0.666667	0.222222	0.0555556	0.0555556
0.5	0.2	0.1	0.2
0.711111	0.0888889	0.177778	0.0222222
0.0606061	0.0909091	0.0909091	0.757576
0.6	0.133333	0.2	0.0666667
0.222222	0.222222	0.222222	0.333333
0.690476	0.047619	0.214286	0.047619
0.416667	0.333333	0.0416667	0.208333
0.615385	0.153846	0.0769231	0.153846
0.821429	0.0714286	0.0357143	0.0714286
0.379032	0.0645161	0.0322581	0.524194
0.533333	0.0666667	0.2	0.2
0.736364	0.0909091	0.0909091	0.0818182
0.708333	0.0833333	0.125	0.0833333
0.142857	0.142857	0.2	0.514286
0.554745	0.0875912	0.291971	0.0656934
0.5	0.1	0.3	0.1
0.3	0.15	0.216667	0.333333
0.461538	0.0576923	0.423077	0.0576923
0.5	0.3	0.1	0.1
0.435185	0.037037	0.37963	0.148148
0.176471	0.0588235	0.352941	0.411765
0.285714	0.142857	0.428571	0.142857
0.5	0.166667	0.166667	0.166667
0.333333	0.222222	0.222222	0.222222
0.75	0.104167	0.125	0.0208333
0.4	0.2	0.25	0.15
0.333333	0.166667	0.444444	0.0555556
0.148936	0.12766	0.0851064	0.638298
0.25	0.05	0.35	0.35
0.421053	0.0526316	0.421053	0.105263
0.891892	0.0540541	0.027027	0.027027
0.333333	0.037037	0.037037	0.592593
0.534884	0.0697674	0.0697674	0.325581
0.55814	0.186047	0.209302	0.0465116
0.322404	0.650273	0.0163934	0.010929
0.734177	0.0253165	0.151899	0.0886076
0.324324	0.513514	0.0810811	0.0810811
0.170732	0.0243902	0.365854	0.439024
0.198598	0.693925	0.0747664	0.0327103
0.333333	0.333333	0.222222	0.111111
0.192308	0.0192308	0.134615	0.653846
0.468085	0.0425532	0.319149	0.170213
0.802966	0.095339	0.0466102	0.0550847
0.666667	0.125	0.125	0.0833333
0.347826	0.0434783	0.130435	0.478261
0.233333	0.0333333	0.0666667	0.666667
0.361111	0.0277778	0.472222	0.138889
0.0588235	0.0588235	0.0588235	0.823529
0.190476	0.047619	0.0952381	0.666667
0.287671	0.0821918	0.273973	0.356164
0.207547	0.0943396	0.0566038	0.641509
0.436782	0.448276	0.091954	0.0229885
0.46789	0.12844	0.100917	0.302752
0.32	0.06	0.06	0.56
0.211957	0.771739	0.0108696	0.00543478
0.8	0.04	0.08	0.08
0.25	0.25	0.25	0.25
0.757143	0.178571	0.0357143	0.0285714
0.44	0.493333	0.0266667	0.04
0.454545	0.363636	0.0909091	0.0909091
0.403509	0.561404	0.0175439	0.0175439
0.661538	0.307692	0.0153846	0.0153846
0.591549	0.295775	0.0985915	0.0140845
0.34375	0.578125	0.015625	0.0625
0.818182	0.107438	0.0661157	0.00826446
0.65	0.15	0.05	0.15
0.3125	0.125	0.1875	0.375
0.546667	0.373333	0.04	0.04
0.27027	0.0540541	0.189189	0.486486
0.416667	0.458333	0.0416667	0.0833333
0.794677	0.0798479	0.0304183	0.095057
0.83871	0.0645161	0.0645161	0.0322581
0.305556	0.0416667	0.0972222	0.555556
0.6875	0.0625	0.0625	0.1875
0.451613	0.0322581	0.129032	0.387097
0.2	0.04	0.72	0.04
0.3125	0.125	0.25	0.3125
0.580645	0.387097	0.016129	0.016129
0.333333	0.333333	0.25	0.0833333
0.75	0.113636	0.0681818	0.0681818
0.863014	0.0410959	0.0821918	0.0136986
0.1	0.2	0.4	0.3
0.285714	0.142857	0.142857	0.428571
0.222222	0.222222	0.333333	0.222222
0.714286	0.0238095	0.0714286	0.190476
0.375	0.0625	0.25	0.3125
0.617647	0.25	0.0735294	0.0588235
0.0403538	0.0149254	0.771697	0.173024
0.666667	0.0277778	0.138889	0.166667
0.723404	0.148936	0.106383	0.0212766
0.375	0.5	0.0625	0.0625
0.0892857	0.0535714	0.107143	0.75
0.534884	0.209302	0.0930233	0.162791
0.1	0.08	0.06	0.76
0.364865	0.027027	0.0405405	0.567568
0.176471	0.147059	0.0882353	0.588235
0.348928	0.547758	0.0896686	0.0136452
0.625	0.125	0.125	0.125
0.631579	0.0526316	0.184211	0.131579
0.25	0.25	0.25	0.25
0.25	0.25	0.25	0.25
0.623626	0.252747	0.10989	0.0137363
0.0631579	0.0105263	0.463158	0.463158
0.5625	0.125	0.1875	0.125
0.0034188	0.0222222	0.0119658	0.962393
0.166667	0.0333333	0.1	0.7
0.283784	0.0135135	0.0135135	0.689189
0.403846	0.0192308	0.173077	0.403846
0.714286	0.0714286	0.0714286	0.142857
0.116667	0.0666667	0.116667	0.7
0.428571	0.142857	0.285714	0.142857
0.175	0.2	0.275	0.35
0.361111	0.194444	0.0277778	0.416667
0.545455	0.318182	0.0454545	0.0909091
0.411765	0.0588235	0.352941	0.176471
0.259259	0.037037	0.037037	0.666667
0.714286	0.0464286	0.158929	0.0803571
0.384615	0.0576923	0.442308	0.115385
0.851064	0.0851064	0.0425532	0.0212766
0.777778	0.111111	0.0555556	0.0555556
0.25	0.25	0.25	0.25
0.375	0.53125	0.03125	0.0625
0.619048	0.190476	0.142857	0.047619
0.4375	0.0625	0.25	0.25
0.5	0.25	0.125	0.125
0.689655	0.0689655	0.206897	0.0344828
0.271429	0.528571	0.0714286	0.128571
0.388889	0.0555556	0.0555556	0.5
0.553191	0.0638298	0.170213	0.212766
0.578125	0.265625	0.140625	0.015625
0.119691	0.796654	0.0785071	0.00514801
0.37037	0.0462963	0.472222	0.111111
0.528571	0.0142857	0.114286	0.342857
0.210526	0.0526316	0.263158	0.473684
0.1125	0.025	0.0875	0.775
0.262295	0.0819672	0.262295	0.393443
0.465839	0.0186335	0.503106	0.0124224
0.47619	0.047619	0.428571	0.047619
0.299065	0.598131	0.0841121	0.0186916
0.204545	0.0227273	0.0681818	0.704545
0.2	0.2	0.4	0.2
0.782609	0.0434783	0.130435	0.0434783
0.833333	0.0555556	0.0555556	0.0555556
0.242038	0.127389	0.56051	0.0700637
0.25	0.25	0.25	0.25
0.25	0.25	0.25	0.25
0.380952	0.047619	0.428571	0.142857
0.44	0.02	0.16	0.38
0.154871	0.750208	0.0799334	0.0149875
0.7	0.1	0.1	0.1
0.111111	0.0555556	0.111111	0.722222
0.413793	0.0344828	0.172414	0.37931
0.0454545	0.136364	0.318182	0.5
0.31068	0.213592	0.106796	0.368932
0.25	0.25	0.25	0.25
0.0857143	0.114286	0.114286	0.685714
0.885496	0.0458015	0.0305344	0.0381679
0.4	0.338462	0.0153846	0.246154
0.36	0.04	0.06	0.54
0.578947	0.315789	0.0526316	0.0526316
0.833333	0.0208333	0.0208333	0.125
0.881356	0.0677966	0.0338983	0.0169492
0.595238	0.0238095	0.261905	0.119048
0.571429	0.142857	0.142857	0.142857
0.235294	0.0588235	0.235294	0.470588
0.529412	0.0588235	0.235294	0.176471
0.380952	0.0714286	0.452381	0.0952381
0.473186	0.479495	0.0315457	0.0157729
0.470588	0.0588235	0.176471	0.294118
0.333333	0.166667	0.333333	0.166667
0.111111	0.37037	0.148148	0.37037
0.25	0.0833333	0.5	0.166667
0.177778	0.681481	0.0925926	0.0481481
0.892857	0.0714286	0.0178571	0.0178571
0.5	0.318182	0.136364	0.0454545
0.226415	0.0377358	0.301887	0.433962
0.470588	0.117647	0.117647	0.294118
0.333333	0.270833	0.333333	0.0625
0.857143	0.038961	0.0649351	0.038961
0.342857	0.0571429	0.371429	0.228571
0.25	0.25	0.25	0.25
0.25	0.25	0.25	0.25
0.5	0.166667	0.233333	0.1
0.384615	0.153846	0.153846	0.307692
0.344828	0.0344828	0.448276	0.172414
0.0620438	0.706204	0.209854	0.0218978
0.6875	0.125	0.125	0.0625
0.738636	0.125	0.0625	0.0738636
0.219512	0.0731707	0.121951	0.585366
0.286885	0.00819672	0.131148	0.57377
0.4	0.0181818	0.127273	0.454545
0.555556	0.0833333	0.0277778	0.333333
0.75	0.08	0.13	0.04
0.3125	0.3125	0.1875	0.1875
0.257618	0.243767	0.407202	0.0914127
0.275862	0.241379	0.206897	0.275862
0.470588	0.0588235	0.117647	0.352941
0.243902	0.292683	0.439024	0.0243902
0.666667	0.111111	0.185185	0.037037
0.28169	0.028169	0.0422535	0.647887
0.25	0.25	0.25	0.25
0.25	0.25	0.25	0.25
0.486486	0.027027	0.27027	0.216216
0.762295	0.0901639	0.106557	0.0409836
0.2	0.2	0.2	0.4
0.263158	0.368421	0.315789	0.0526316
0.769231	0.021978	0.131868	0.0769231
0.405797	0.434783	0.144928	0.0144928
0.184466	0.038835	0.708738	0.0679612
0.452381	0.10119	0.0952381	0.35119
0.463415	0.0487805	0.0487805	0.439024
0.458333	0.0416667	0.125	0.375
0.111111	0.0185185	0.037037	0.833333
0.166667	0.5	0.166667	0.166667
0.692308	0.0384615	0.0384615	0.230769
0.37931	0.137931	0.362069	0.12069
0.516667	0.0166667	0.4	0.0666667
0.156863	0.666667	0.137255	0.0392157
0.682927	0.121951	0.0731707	0.121951
0.416667	0.25	0.25	0.0833333
0.1875	0.125	0.609375	0.078125
0.533333	0.0666667	0.133333	0.266667
0.511364	0.170455	0.170455	0.147727
0.25	0.25	0.125	0.375
0.173913	0.652174	0.0869565	0.0869565
0.4	0.2	0.2	0.2
0.0166667	0.0333333	0.266667	0.683333
0.153226	0.0322581	0.715054	0.0994624
0.5	0.0714286	0.357143	0.0714286
0.25	0.25	0.25	0.25
0.210526	0.0526316	0.157895	0.578947
0.409091	0.181818	0.227273	0.181818
0.262295	0.0327869	0.131148	0.57377
0.206522	0.652174	0.0543478	0.0869565
0.450847	0.0847458	0.427119	0.0372881
0.590909	0.0454545	0.0909091	0.272727
0.28	0.08	0.08	0.56
0.142857	0.0714286	0.0714286	0.714286
0.388889	0.481481	0.111111	0.0185185
0.760234	0.0116959	0.222222	0.00584795
0.478261	0.173913	0.0434783	0.304348
0.840909	0.0113636	0.113636	0.0340909
0.0880282	0.0211268	0.084507	0.806338
0.694444	0.166667	0.0555556	0.0833333
0.314815	0.0185185	0.0555556	0.611111
0.192308	0.557692	0.0961538	0.153846
0.125	0.5	0.125	0.25
0.161905	0.733333	0.0920635	0.0126984
0.110294	0.0147059	0.845588	0.0294118
0.047619	0.714286	0.142857	0.0952381
0.735294	0.0882353	0.117647	0.0588235
0.897196	0.046729	0.0186916	0.0373832
0.2	0.05	0.05	0.7
0.307692	0.0384615	0.192308	0.461538
0.35	0.15	0.4	0.1
0.419355	0.129032	0.258065	0.193548
0.08	0.12	0.72	0.08
0.25	0.25	0.25	0.25
0.56	0.32	0.08	0.04
0.6	0.1	0.1	0.2
0.0645161	0.903226	0.0107527	0.0215054
0.10989	0.043956	0.78022	0.0659341
0.215686	0.0980392	0.372549	0.313725
0.698413	0.015873	0.111111	0.174603
0.3	0.66	0.02	0.02
0.166667	0.25	0.25	0.333333
0.257143	0.0285714	0.314286	0.4
0.305	0.57	0.105	0.02
0.285714	0.0714286	0.0714286	0.571429
0.666667	0.0909091	0.0909091	0.151515
0.55	0.3	0.1	0.05
0.139535	0.604651	0.232558	0.0232558
0.638889	0.194444	0.111111	0.0555556
0.555556	0.111111	0.222222	0.111111
0.736842	0.131579	0.0263158	0.105263
0.26087	0.217391	0.347826	0.173913
0.5	0.0625	0.1875	0.25
0.676471	0.117647	0.117647	0.0882353
0.55	0.3	0.1	0.05
0.387755	0.489796	0.0816327	0.0408163
0.827586	0.0689655	0.0344828	0.0689655
0.461538	0.307692	0.153846	0.0769231
0.1	0.7	0.05	0.15
0.5	0.125	0.25	0.125
0.777778	0.111111	0.037037	0.0740741
0.483333	0.366667	0.116667	0.0333333
0.142857	0.142857	0.142857	0.571429
0.4	0.2	0.2	0.2
0.321429	0.0178571	0.0357143	0.625
0.368421	0.140351	0.315789	0.175439
0.636364	0.0454545	0.0454545	0.272727
0.0909091	0.0909091	0.0909091	0.727273
0.895833	0.0416667	0.0208333	0.0416667
0.445714	0.00571429	0.0457143	0.502857
0.740741	0.17284	0.0246914	0.0617284
0.782609	0.0869565	0.0869565	0.0434783
0.416667	0.166667	0.291667	0.125
0.25	0.583333	0.0833333	0.0833333
0.571429	0.142857	0.142857	0.142857
0.268293	0.0487805	0.121951	0.560976
0.474453	0.430657	0.0583942	0.0364964
0.682927	0.243902	0.0243902	0.0487805
0.461538	0.0769231	0.384615	0.0769231
0.555556	0.111111	0.111111	0.222222
0.160714	0.0357143	0.142857	0.660714
0.625	0.117647	0.213235	0.0441176
0.263158	0.631579	0.0526316	0.0526316
0.195122	0.146341	0.634146	0.0243902
0.266667	0.466667	0.0666667	0.2
0.269231	0.653846	0.0384615	0.0384615
0.230769	0.153846	0.230769	0.384615
0.620968	0.0403226	0.201613	0.137097
0.290323	0.354839	0.0967742	0.258065
0.157895	0.105263	0.0526316	0.684211
0.391304	0.217391	0.304348	0.0869565
0.2	0.04	0.08	0.68
0.329412	0.0235294	0.0823529	0.564706
0.555556	0.222222	0.0555556	0.166667
0.555556	0.111111	0.111111	0.222222
0.404255	0.0212766	0.212766	0.361702
0.818182	0.0454545	0.0454545	0.0909091
0.190476	0.0952381	0.52381	0.190476
0.2	0.1	0.2	0.5
0.583333	0.166667	0.0833333	0.166667
0.317073	0.414634	0.146341	0.121951
0.25	0.25	0.25	0.25
0.333333	0.0606061	0.242424	0.363636
0.308642	0.419753	0.222222	0.0493827
0.470588	0.0588235	0.352941	0.117647
0.848485	0.0909091	0.030303	0.030303
0.111111	0.111111	0.666667	0.111111
0.111111	0.222222	0.0555556	0.611111
0.557047	0.348993	0.0536913	0.0402685
0.382353	0.294118	0.176471	0.147059
0.666667	0.181818	0.0606061	0.0909091
0.453125	0.328125	0.09375	0.125
0.258065	0.0322581	0.16129	0.548387
0.3	0.5	0.1	0.1
0.277778	0.0555556	0.0555556	0.611111
0.912195	0.0243902	0.0487805	0.0146341
0.0168067	0.0756303	0.00420168	0.903361
0.571429	0.0357143	0.357143	0.0357143
0.2	0.133333	0.6	0.0666667
0.483871	0.0322581	0.0967742	0.387097
0.365449	0.0730897	0.239203	0.322259
0.5625	0.25	0.0625	0.125
0.571429	0.142857	0.142857	0.142857
0.238095	0.142857	0.52381	0.0952381
0.545455	0.272727	0.0909091	0.0909091
0.695652	0.0869565	0.130435	0.0869565
0.05	0.15	0.1	0.7
0.2	0.12	0.12	0.56
0.292683	0.0731707	0.121951	0.512195
0.363636	0.0454545	0.204545	0.386364
0.722222	0.138889	0.125	0.0138889
0.368421	0.0263158	0.0789474	0.526316
0.333333	0.0606061	0.30303	0.30303
0.518519	0.277778	0.111111	0.0925926
0.419355	0.258065	0.258065	0.0645161
0.333333	0.285714	0.238095	0.142857
0.326531	0.591837	0.0408163	0.0408163
0.2	0.666667	0.0666667	0.0666667
0.75	0.125	0.09375	0.03125
0.455331	0.466859	0.0720461	0.00576369
0.0869565	0.0434783	0.0869565	0.782609
0.484848	0.121212	0.212121	0.181818
0.4	0.032	0.128	0.44
0.25	0.125	0.125	0.5
0.604651	0.0930233	0.232558	0.0697674
0.322581	0.0322581	0.612903	0.0322581
0.526316	0.0526316	0.315789	0.105263
0.779661	0.0847458	0.101695	0.0338983
0.342857	0.514286	0.0285714	0.114286
0.015625	0.046875	0.75	0.1875
0.36	0.36	0.2	0.08
0.538462	0.269231	0.0384615	0.153846
0.372549	0.215686	0.352941	0.0588235
0.375	0.125	0.125	0.375
0.470588	0.235294	0.235294	0.0588235
0.359375	0.125	0.0625	0.453125
0.113924	0.765823	0.0696203	0.0506329
0.745098	0.0196078	0.0392157	0.196078
0.761905	0.142857	0.047619	0.047619
0.342939	0.502882	0.136888	0.0172911
0.5	0.445652	0.0326087	0.0217391
0.936667	0.0266667	0.0266667	0.01
0.336735	0.625	0.0357143	0.00255102
0.119501	0.616935	0.217742	0.0458211
0.529412	0.352941	0.0294118	0.0882353
0.65	0.05	0.05	0.25
0.631579	0.0263158	0.315789	0.0263158
0.162393	0.031339	0.774929	0.031339
0.16	0.2	0.04	0.6
0.382979	0.148936	0.106383	0.361702
0.285714	0.285714	0.142857	0.285714
0.5	0.125	0.25	0.125
0.5	0.1875	0.0625	0.25
0.571429	0.0571429	0.114286	0.257143
0.625	0.0833333	0.0833333	0.208333
0.446809	0.489362	0.0212766	0.0425532
0.517241	0.413793	0.0344828	0.0344828
0.758065	0.145161	0.016129	0.0806452
0.835616	0.0547945	0.0136986	0.0958904
0.712329	0.164384	0.0684932	0.0547945
0.706897	0.172414	0.0172414	0.103448
0.122931	0.803783	0.0567376	0.0165485
0.85	0.05	0.05	0.05
0.854167	0.0555556	0.0324074	0.0578704
0.0810811	0.0540541	0.324324	0.540541
0.333333	0.222222	0.222222	0.222222
0.153846	0.0384615	0.5	0.307692
0.705584	0.203046	0.0152284	0.0761421
0.263158	0.605263	0.0263158	0.105263
0.444444	0.333333	0.111111	0.111111
0.471429	0.0285714	0.1	0.4
0.27907	0.0232558	0.0697674	0.627907
0.28125	0.00892857	0.178571	0.53125
0.666667	0.166667	0.133333	0.0333333
0.486486	0.162162	0.202703	0.148649
0.26087	0.565217	0.0434783	0.130435
0.708333	0.0416667	0.208333	0.0416667
0.384615	0.346154	0.153846	0.115385
0.177778	0.0888889	0.177778	0.555556
0.771429	0.0285714	0.0857143	0.114286
0.5	0.2	0.14	0.16
0.375	0.1875	0.25	0.1875
0.859375	0.078125	0.03125	0.03125
0.0357143	0.0357143	0.107143	0.821429
0.333333	0.166667	0.433333	0.0666667
0.461538	0.153846	0.307692	0.0769231
0.420561	0.557632	0.00934579	0.0124611
0.577778	0.155556	0.222222	0.0444444
0.352941	0.176471	0.352941	0.117647
0.551546	0.407216	0.0154639	0.0257732
0.457627	0.288136	0.135593	0.118644
0.634146	0.0487805	0.0731707	0.243902
0.611111	0.0555556	0.222222	0.111111
0.307692	0.115385	0.173077	0.403846
0.208791	0.153846	0.0549451	0.582418
0.142857	0.285714	0.142857	0.428571
0.772727	0.0909091	0.0909091	0.0454545
0.333333	0.166667	0.194444	0.305556
0.0952381	0.142857	0.047619	0.714286
0.181818	0.0909091	0.636364	0.0909091
0.75	0.0833333	0.0833333	0.0833333
0.470588	0.0294118	0.161765	0.338235
0.30303	0.636364	0.0454545	0.0151515
0.28	0.04	0.08	0.6
0.8125	0.0625	0.0625	0.0625
0.1	0.05	0.05	0.8
0.103448	0.0517241	0.258621	0.586207
0.560185	0.0925926	0.138889	0.208333
0.722222	0.0555556	0.194444	0.0277778
0.263158	0.0526316	0.0526316	0.631579
0.2	0.1	0.15	0.55
0.24	0.06	0.08	0.62
0.806452	0.0967742	0.0645161	0.0322581
0.409786	0.51682	0.0519878	0.0214067
0.2	0.1	0.2	0.5
0.631579	0.147368	0.136842	0.0842105
0.0714286	0.142857	0.0357143	0.75
0.112676	0.084507	0.028169	0.774648
0.3	0.3	0.25	0.15
0.704545	0.0909091	0.159091	0.0454545
0.228916	0.0120482	0.60241	0.156627
0.644444	0.111111	0.0888889	0.155556
0.8	0.12	0.04	0.04
0.4	0.12	0.34	0.14
0.765766	0.108108	0.0540541	0.0720721
0.692308	0.0576923	0.134615	0.115385
0.363636	0.242424	0.363636	0.030303
0.153846	0.153846	0.153846	0.538462
0.508475	0.423729	0.0169492	0.0508475
0.388889	0.166667	0.314815	0.12963
0.153846	0.0769231	0.0384615	0.730769
0.352941	0.411765	0.147059	0.0882353
0.2	0.2	0.2	0.4
0.333333	0.545455	0.030303	0.0909091
0.470588	0.0588235	0.117647	0.352941
0.333333	0.333333	0.166667	0.166667
0.315789	0.473684	0.184211	0.0263158
0.666667	0.037037	0.148148	0.148148
0.272727	0.0454545	0.0909091	0.590909
0.155172	0.103448	0.344828	0.396552
0.516854	0.393258	0.0561798	0.0337079
0.322581	0.596774	0.0483871	0.0322581
0.7	0.166667	0.0666667	0.0666667
0.405405	0.108108	0.351351	0.135135
0.192308	0.153846	0.0769231	0.576923
0.759259	0.0277778	0.0648148	0.148148
0.724868	0.164021	0.0793651	0.031746
0.3875	0.025	0.0625	0.525
0.4375	0.4375	0.0625	0.0625
0.172414	0.103448	0.137931	0.586207
0.1875	0.0625	0.0625	0.6875
0.465116	0.139535	0.0930233	0.302326
0.466667	0.266667	0.2	0.0666667
0.5	0.05	0.4	0.05
0.824324	0.0540541	0.0810811	0.0405405
0.181818	0.0909091	0.545455	0.181818
0.57377	0.360656	0.0491803	0.0163934
0.2	0.0769231	0.153846	0.569231
0.4375	0.104167	0.395833	0.0625
0.487179	0.179487	0.230769	0.102564
0.42813	0.535291	0.0252447	0.0113344
0.7	0.1	0.1	0.1
0.422222	0.466667	0.0666667	0.0444444
0.183333	0.183333	0.125	0.508333
0.128801	0.838998	0.0268336	0.00536673
0.363636	0.272727	0.181818	0.181818
0.588235	0.0294118	0.235294	0.147059
0.243056	0.0902778	0.5625	0.104167
0.235294	0.117647	0.588235	0.0588235
0.571429	0.142857	0.190476	0.0952381
0.617886	0.0569106	0.227642	0.097561
0.380952	0.047619	0.190476	0.380952
0.162791	0.0930233	0.511628	0.232558
0.459119	0.0440252	0.0691824	0.427673
0.774194	0.0368664	0.0875576	0.101382
0.197531	0.716049	0.0555556	0.0308642
0.222222	0.138889	0.0277778	0.611111
0.821429	0.0714286	0.0357143	0.0714286
0.134831	0.623596	0.196629	0.0449438
0.791667	0.0833333	0.0208333	0.104167
0.232143	0.633929	0.116071	0.0178571
0.0967742	0.0645161	0.16129	0.677419
0.716981	0.0943396	0.113208	0.0754717
0.22549	0.686275	0.0588235	0.0294118
0.175676	0.716216	0.0540541	0.0540541
0.461538	0.307692	0.0769231	0.153846
0.558824	0.294118	0.117647	0.0294118
0.47619	0.047619	0.333333	0.142857
0.583333	0.125	0.0416667	0.25
0.307692	0.461538	0.0769231	0.153846
0.479452	0.0205479	0.00684932	0.493151
0.617021	0.0851064	0.106383	0.191489
0.342857	0.2	0.342857	0.114286
0.0833333	0.833333	0.0416667	0.0416667
0.782609	0.0434783	0.130435	0.0434783
0.457143	0.2	0.0857143	0.257143
0.153846	0.0769231	0.0769231	0.692308
0.123894	0.00884956	0.389381	0.477876
0.214286	0.0714286	0.214286	0.5
0.188679	0.0188679	0.396226	0.396226
0.704819	0.192771	0.0903614	0.0120482
0.6875	0.195312	0.0859375	0.03125
0.5875	0.0375	0.3625	0.0125
0.440678	0.508475	0.0338983	0.0169492
0.0797617	0.0192197	0.410148	0.490871
0.645833	0.0625	0.270833	0.0208333
0.529412	0.147059	0.176471	0.147059
0.545455	0.381818	0.0454545	0.0272727
0.700565	0.20339	0.0451977	0.0508475
0.287611	0.141593	0.517699	0.0530973
0.773333	0.0533333	0.133333	0.04
0.451923	0.0576923	0.153846	0.336538
0.7	0.1	0.17	0.03
0.538462	0.153846	0.230769	0.0769231
0.472222	0.138889	0.194444	0.194444
0.25	0.25	0.25	0.25
0.290598	0.017094	0.02849	0.663818
0.701299	0.0519481	0.025974	0.220779
0.155172	0.0387931	0.137931	0.668103
0.615385	0.032967	0.0989011	0.252747
0.0714286	0.0535714	0.142857	0.732143
0.507143	0.164286	0.314286	0.0142857
0.4	0.2	0.163636	0.236364
0.139535	0.755814	0.0813953	0.0232558
0.2125	0.0625	0.375	0.35
0.25	0.25	0.25	0.25
0.8125	0.0625	0.09375	0.03125
0.268987	0.0506329	0.579114	0.101266
0.625	0.3125	0.025	0.0375
0.333333	0.194444	0.444444	0.0277778
0.171429	0.0285714	0.2	0.6
0.886076	0.0886076	0.0126582	0.0126582
0.1	0.05	0.1	0.75
0.444444	0.222222	0.222222	0.111111
0.235294	0.0588235	0.117647	0.588235
0.472222	0.388889	0.111111	0.0277778
0.578947	0.315789	0.0263158	0.0789474
0.553672	0.350282	0.0338983	0.0621469
0.0414508	0.0238342	0.927461	0.00725389
0.8	0.0333333	0.0904762	0.0761905
0.304348	0.0434783	0.0869565	0.565217
0.0943396	0.160377	0.150943	0.59434
0.357143	0.142857	0.428571	0.0714286
0.821429	0.107143	0.0357143	0.0357143
0.4	0.05	0.4	0.15
0.608696	0.304348	0.0434783	0.0434783
0.65	0.175	0.1625	0.0125
0.25	0.571429	0.142857	0.0357143
0.7	0.1	0.1	0.1
0.28169	0.028169	0.253521	0.43662
0.823529	0.0294118	0.117647	0.0294118
0.037037	0.851852	0.037037	0.0740741
0.222222	0.037037	0.62963	0.111111
0.782609	0.0869565	0.0869565	0.0434783
0.912	0.048	0.024	0.016
0.025974	0.142857	0.766234	0.0649351
0.233333	0.0111111	0.277778	0.477778
0.254545	0.0272727	0.127273	0.590909
0.296296	0.0493827	0.54321	0.111111
0.211268	0.633803	0.126761	0.028169
0.403226	0.0322581	0.532258	0.0322581
0.12253	0.0731225	0.72332	0.0810277
0.176471	0.647059	0.117647	0.0588235
0.472222	0.375	0.0416667	0.111111
0.0606061	0.030303	0.0606061	0.848485
0.192771	0.0481928	0.650602	0.108434
0.416667	0.0833333	0.166667	0.333333
0.590164	0.0327869	0.327869	0.0491803
0.2	0.3	0.1	0.4
0.25641	0.025641	0.230769	0.487179
0.25	0.25	0.25	0.25
0.714286	0.119048	0.047619	0.119048
0.304348	0.0434783	0.26087	0.391304
0.630435	0.326087	0.0217391	0.0217391
0.666667	0.0740741	0.0740741	0.185185
0.333333	0.54902	0.0784314	0.0392157
0.4	0.2	0.2	0.2
0.80303	0.106061	0.0454545	0.0454545
0.3	0.1	0.433333	0.166667
0.607843	0.196078	0.0392157	0.156863
0.783333	0.0833333	0.116667	0.0166667
0.208333	0.125	0.125	0.541667
0.534884	0.372093	0.0465116	0.0465116
0.37931	0.551724	0.0172414	0.0517241
0.176471	0.627451	0.0588235	0.137255
0.702128	0.0212766	0.0212766	0.255319
0.212121	0.0606061	0.0606061	0.666667
0.295455	0.0681818	0.181818	0.454545
0.153846	0.0769231	0.230769	0.538462
0.611111	0.277778	0.0740741	0.037037
0.682927	0.097561	0.170732	0.0487805
0.25	0.25	0.25	0.25
0.315789	0.0526316	0.578947	0.0526316
0.4	0.0428571	0.1	0.457143
0.803571	0.160714	0.0178571	0.0178571
0.295082	0.639344	0.057377	0.00819672
0.54902	0.27451	0.156863	0.0196078
0.5625	0.0625	0.125	0.25
0.174603	0.0952381	0.126984	0.603175
0.735294	0.0882353	0.0294118	0.147059
0.607143	0.142857	0.0714286	0.178571
0.365714	0.531429	0.0914286	0.0114286
0.19697	0.0151515	0.257576	0.530303
0.428571	0.142857	0.214286	0.214286
0.636364	0.0454545	0.136364	0.181818
0.270073	0.613139	0.0729927	0.0437956
0.536364	0.318182	0.118182	0.0272727
0.390244	0.0390244	0.521951	0.0487805
0.142857	0.047619	0.190476	0.619048
0.25	0.25	0.25	0.25
0.649123	0.175439	0.140351	0.0350877
0.708029	0.175182	0.10219	0.0145985
0.324324	0.0540541	0.0810811	0.540541
0.378049	0.426829	0.109756	0.0853659
0.441176	0.5	0.0294118	0.0294118
0.69697	0.0909091	0.181818	0.030303
0.331072	0.0783582	0.182497	0.408073
0.428571	0.0285714	0.0857143	0.457143
0.0581395	0.866279	0.0581395	0.0174419
0.828571	0.114286	0.0285714	0.0285714
0.576923	0.153846	0.0769231	0.192308
0.442623	0.131148	0.295082	0.131148
0.494737	0.0842105	0.347368	0.0736842
0.333333	0.030303	0.181818	0.454545
0.333333	0.538462	0.0769231	0.0512821
0.631579	0.0526316	0.105263	0.210526
0.413793	0.206897	0.241379	0.137931
0.0542747	0.0163305	0.863112	0.0662824
0.530864	0.0617284	0.382716	0.0246914
0.537954	0.39604	0.0561056	0.00990099
0.181818	0.0909091	0.0909091	0.636364
0.285714	0.0285714	0.228571	0.457143
0.5	0.0714286	0.142857	0.285714
0.27027	0.277027	0.402027	0.0506757
0.3125	0.046875	0.359375	0.28125
0.545455	0.0909091	0.272727	0.0909091
0.78125	0.09375	0.0625	0.0625
0.287356	0.678161	0.00383142	0.0306513
0.68	0.186667	0.04	0.0933333
0.818182	0.0909091	0.0227273	0.0681818
0.218274	0.0406091	0.071066	0.670051
0.375	0.125	0.125	0.375
0.295082	0.672131	0.0163934	0.0163934
0.357143	0.142857	0.0714286	0.428571
0.571429	0.0714286	0.0357143	0.321429
0.1625	0.7875	0.025	0.025
0.416667	0.107143	0.130952	0.345238
0.210526	0.0526316	0.315789	0.421053
0.574324	0.216216	0.189189	0.0202703
0.244444	0.7	0.0333333	0.0222222
0.625	0.125	0.125	0.125
0.305556	0.0277778	0.111111	0.555556
0.101301	0.0241636	0.780669	0.0938662
0.4	0.2	0.0666667	0.333333
0.545455	0.0606061	0.0606061	0.333333
0.0454545	0.863636	0.0454545	0.0454545
0.25	0.125	0.125	0.5
0.378151	0.117647	0.12605	0.378151
0.352941	0.176471	0.294118	0.176471
0.521739	0.304348	0.0434783	0.130435
0.522727	0.0227273	0.204545	0.25
0.384615	0.0769231	0.153846	0.384615
0.0123077	0.0923077	0.809231	0.0861538
0.448276	0.103448	0.37931	0.0689655
0.528571	0.314286	0.0714286	0.0857143
0.181818	0.272727	0.272727	0.272727
0.414286	0.457143	0.0714286	0.0571429
0.380952	0.0238095	0.0238095	0.571429
0.357527	0.521505	0.115591	0.00537634
0.811321	0.0754717	0.0566038	0.0566038
0.568182	0.0227273	0.295455	0.113636
0.485294	0.0441176	0.455882	0.0147059
0.285714	0.107143	0.535714	0.0714286
0.5	0.333333	0.104167	0.0625
0.222222	0.555556	0.111111	0.111111
0.333333	0.133333	0.466667	0.0666667
0.789474	0.0210526	0.147368	0.0421053
0.125	0.0625	0.4375	0.375
0.52381	0.047619	0.380952	0.047619
0.738462	0.0153846	0.138462	0.107692
0.785714	0.0510204	0.112245	0.0510204
0.814815	0.037037	0.037037	0.111111
0.821429	0.0357143	0.107143	0.0357143
0.348837	0.180233	0.459302	0.0116279
0.555556	0.222222	0.166667	0.0555556
0.565217	0.217391	0.0434783	0.173913
0.447368	0.315789	0.131579	0.105263
0.44	0.4	0.12	0.04
0.285714	0.0714286	0.571429	0.0714286
0.5	0.0769231	0.307692	0.115385
0.277778	0.0555556	0.111111	0.555556
0.3	0.682857	0.00571429	0.0114286
0.576271	0.0169492	0.101695	0.305085
0.166667	0.333333	0.166667	0.333333
0.0952381	0.52381	0.190476	0.190476
0.895161	0.0725806	0.016129	0.016129
0.428571	0.171429	0.314286	0.0857143
0.650943	0.0566038	0.207547	0.0849057
0.388889	0.444444	0.111111	0.0555556
0.208333	0.0138889	0.0972222	0.680556
0.173077	0.0192308	0.0384615	0.769231
0.7875	0.1	0.025	0.0875
0.166667	0.166667	0.166667	0.5
0.818548	0.0685484	0.100806	0.0120968
0.477876	0.486726	0.00884956	0.0265487
0.336842	0.452632	0.126316	0.0842105
0.463415	0.0731707	0.414634	0.0487805
0.789511	0.0999291	0.0999291	0.0106308
0.138889	0.0555556	0.333333	0.472222
0.666667	0.1	0.0666667	0.166667
0.166667	0.0769231	0.532051	0.224359
0.732143	0.196429	0.0535714	0.0178571
0.238095	0.142857	0.142857	0.47619
0.0983607	0.0491803	0.409836	0.442623
0.741935	0.0645161	0.0322581	0.16129
0.428571	0.0952381	0.047619	0.428571
0.594595	0.0810811	0.162162	0.162162
0.578571	0.114286	0.164286	0.142857
0.333333	0.0277778	0.0277778	0.611111
0.307692	0.0769231	0.0769231	0.538462
0.690476	0.166667	0.0714286	0.0714286
0.0974576	0.00105932	0.138771	0.762712
0.368421	0.105263	0.315789	0.210526
0.481481	0.444444	0.037037	0.037037
0.259259	0.037037	0.296296	0.407407
0.25	0.125	0.25	0.375
0.2	0.466667	0.266667	0.0666667
0.880597	0.0447761	0.0447761	0.0298507
0.90566	0.0377358	0.0377358	0.0188679
0.514085	0.204225	0.126761	0.15493
0.793893	0.0381679	0.0610687	0.10687
0.101266	0.189873	0.594937	0.113924
0.558394	0.368613	0.0656934	0.00729927
0.735294	0.147059	0.0588235	0.0588235
0.0526316	0.105263	0.105263	0.736842
0.0273973	0.0410959	0.136986	0.794521
0.75	0.0909091	0.113636	0.0454545
0.380368	0.518405	0.0889571	0.0122699
0.142857	0.0238095	0.178571	0.654762
0.26513	0.0403458	0.674352	0.0201729
0.691176	0.176471	0.102941	0.0294118
0.472727	0.0909091	0.0363636	0.4
0.57971	0.304348	0.0869565	0.0289855
0.269231	0.384615	0.269231	0.0769231
0.888889	0.037037	0.0648148	0.00925926
0.810484	0.0685484	0.116935	0.00403226
0.461538	0.115385	0.307692	0.115385
0.62963	0.037037	0.185185	0.148148
0.625	0.125	0.175	0.075
0.517241	0.0344828	0.0689655	0.37931
0.588235	0.0882353	0.264706	0.0588235
0.780822	0.123288	0.0365297	0.0593607
0.166667	0.0333333	0.2	0.6
0.555556	0.266667	0.155556	0.0222222
0.376238	0.158416	0.178218	0.287129
0.454545	0.454545	0.0454545	0.0454545
0.5	0.236842	0.0789474	0.184211
0.183673	0.0816327	0.591837	0.142857
0.5	0.1	0.1	0.3
0.477064	0.0642202	0.40367	0.0550459
0.266667	0.0666667	0.4	0.266667
0.62963	0.203704	0.0555556	0.111111
0.481481	0.407407	0.037037	0.0740741
0.289474	0.0394737	0.118421	0.552632
0.353448	0.594828	0.00862069	0.0431034
0.390244	0.0609756	0.0365854	0.512195
0.390244	0.371951	0.182927	0.054878
0.316667	0.55	0.1	0.0333333
0.542857	0.171429	0.171429	0.114286
0.263158	0.368421	0.263158	0.105263
0.235294	0.117647	0.117647	0.529412
0.0784314	0.0196078	0.852941	0.0490196
0.272727	0.0454545	0.5	0.181818
0.92	0.06	0.00666667	0.0133333
0.144928	0.0724638	0.768116	0.0144928
0.397727	0.0227273	0.0643939	0.515152
0.470588	0.0882353	0.0735294	0.367647
0.65	0.1	0.15	0.1
0.46875	0.03125	0.25	0.25
0.24	0.12	0.44	0.2
0.509091	0.0181818	0.109091	0.363636
0.0754717	0.0377358	0.0188679	0.867925
0.614379	0.0130719	0.359477	0.0130719
0.222222	0.0888889	0.155556	0.533333
0.0952381	0.0952381	0.428571	0.380952
0.298969	0.0721649	0.340206	0.28866
0.640625	0.234375	0.109375	0.015625
0.790123	0.135802	0.0123457	0.0617284
0.588235	0.0294118	0.0294118	0.352941
0.653846	0.175214	0.145299	0.025641
0.666667	0.0666667	0.233333	0.0333333
0.416667	0.277778	0.125	0.180556
0.777778	0.0740741	0.111111	0.037037
0.653333	0.08	0.213333	0.0533333
0.384615	0.0769231	0.0192308	0.519231
0.25	0.25	0.25	0.25
0.288889	0.0444444	0.0444444	0.622222
0.409091	0.5	0.0454545	0.0454545
0.166667	0.388889	0.0555556	0.388889
0.512195	0.243902	0.0731707	0.170732
0.779592	0.0857143	0.130612	0.00408163
0.765957	0.0638298	0.106383	0.0638298
0.5	0.0454545	0.0909091	0.363636
0.25	0.1	0.45	0.2
0.305556	0.645833	0.0347222	0.0138889
0.427083	0.177083	0.333333	0.0625
0.827586	0.0344828	0.103448	0.0344828
0.382979	0.12766	0.382979	0.106383
0.735294	0.0392157	0.166667	0.0588235
0.424658	0.0547945	0.273973	0.246575
0.115385	0.115385	0.730769	0.0384615
0.326087	0.0434783	0.478261	0.152174
0.0333333	0.0333333	0.566667	0.366667
0.444444	0.222222	0.111111	0.222222
0.62963	0.0740741	0.148148	0.148148
0.555556	0.138889	0.166667	0.138889
0.276596	0.0638298	0.0638298	0.595745
0.648649	0.135135	0.0540541	0.162162
0.285714	0.52381	0.142857	0.047619
0.0769231	0.153846	0.153846	0.615385
0.502924	0.397661	0.0760234	0.0233918
0.346154	0.307692	0.269231	0.0769231
0.583333	0.166667	0.166667	0.0833333
0.25	0.09375	0.03125	0.625
0.306452	0.0403226	0.153226	0.5
0.378882	0.0434783	0.559006	0.0186335
0.87931	0.0344828	0.0517241	0.0344828
0.846154	0.0769231	0.0461538	0.0307692
0.8	0.114286	0.0571429	0.0285714
0.1875	0.34375	0.375	0.09375
0.181818	0.575758	0.030303	0.212121
0.792308	0.146154	0.0384615	0.0230769
0.649123	0.122807	0.175439	0.0526316
0.2	0.1	0.2	0.5
0.0232558	0.116279	0.0697674	0.790698
0.5	0.40625	0.0625	0.03125
0.4375	0.0416667	0.166667	0.354167
0.301724	0.0172414	0.146552	0.534483
0.428571	0.285714	0.142857	0.142857
0.333333	0.111111	0.333333	0.222222
0.166667	0.774194	0.0268817	0.0322581
0.553398	0.262136	0.165049	0.0194175
0.8	0.05	0.1	0.05
0.317073	0.609756	0.0243902	0.0487805
0.653061	0.183673	0.122449	0.0408163
0.1	0.1	0.1	0.7
0.806452	0.0322581	0.0967742	0.0645161
0.333333	0.444444	0.111111	0.111111
0.212121	0.030303	0.545455	0.212121
0.677419	0.129032	0.16129	0.0322581
0.55	0.15	0.15	0.15
0.352941	0.117647	0.294118	0.235294
0.473684	0.0877193	0.122807	0.315789
0.50369	0.418819	0.0332103	0.0442804
0.10625	0.821875	0.06875	0.003125
0.541667	0.166667	0.208333	0.0833333
0.484848	0.333333	0.0909091	0.0909091
0.239362	0.0585106	0.678191	0.0239362
0.460526	0.223684	0.302632	0.0131579
0.440191	0.45933	0.0143541	0.0861244
0.804878	0.146341	0.0243902	0.0243902
0.180095	0.751185	0.0545024	0.014218
0.844961	0.0620155	0.0232558	0.0697674
0.166667	0.166667	0.25	0.416667
0.5	0.4	0.05	0.05
0.0833333	0.0833333	0.125	0.708333
0.641304	0.25	0.076087	0.0326087
0.633333	0.0666667	0.233333	0.0666667
0.358491	0.0188679	0.0566038	0.566038
0.473684	0.45614	0.0175439	0.0526316
0.103448	0.103448	0.137931	0.655172
0.3125	0.25	0.3125	0.125
0.342857	0.542857	0.0285714	0.0857143
0.205882	0.0294118	0.0588235	0.705882
0.272727	0.0181818	0.109091	0.6
0.559748	0.150943	0.27044	0.0188679
0.198473	0.709924	0.0534351	0.0381679
0.142857	0.285714	0.285714	0.285714
0.574468	0.0638298	0.319149	0.0425532
0.307692	0.589744	0.0769231	0.025641
0.596774	0.169355	0.137097	0.0967742
0.588235	0.0392157	0.27451	0.0980392
0.777778	0.0555556	0.0555556	0.111111
0.304348	0.608696	0.0434783	0.0434783
0.663265	0.0714286	0.0816327	0.183673
0.5	0.2	0.1	0.2
0.472222	0.277778	0.138889	0.111111
0.607143	0.214286	0.142857	0.0357143
0.469388	0.306122	0.204082	0.0204082
0.4	0.55625	0.01875	0.025
0.258621	0.137931	0.12069	0.482759
0.3125	0.34375	0.296875	0.046875
0.396226	0.0188679	0.518868	0.0660377
0.6875	0.0625	0.1875	0.0625
0.208333	0.625	0.125	0.0416667
0.132653	0.846939	0.0102041	0.0102041
0.191489	0.340426	0.361702	0.106383
0.28	0.06	0.26	0.4
0.625	0.25	0.0833333	0.0416667
0.856164	0.0342466	0.0136986	0.0958904
0.0689655	0.0344828	0.482759	0.413793
0.512821	0.452991	0.025641	0.00854701
0.474227	0.463918	0.0412371	0.0206186
0.25	0.25	0.25	0.25
0.527778	0.138889	0.0833333	0.25
0.469388	0.122449	0.387755	0.0204082
0.4	0.488889	0.0666667	0.0444444
0.28	0.28	0.36	0.08
0.444954	0.490826	0.0550459	0.00917431
0.333333	0.617284	0.037037	0.0123457
0.746753	0.0519481	0.038961	0.162338
0.339623	0.528302	0.0754717	0.0566038
0.202247	0.651685	0.0786517	0.0674157
0.642857	0.142857	0.0714286	0.142857
0.285714	0.571429	0.0357143	0.107143
0.0714286	0.571429	0.142857	0.214286
0.342342	0.612613	0.036036	0.00900901
0.157895	0.631579	0.105263	0.105263
0.294118	0.5	0.0882353	0.117647
0.563063	0.391892	0.018018	0.027027
0.25	0.25	0.25	0.25
0.481481	0.388889	0.037037	0.0925926
0.431138	0.520958	0.00598802	0.0419162
0.171429	0.6	0.0857143	0.142857
0.210526	0.236842	0.0526316	0.5
0.714689	0.257062	0.019774	0.00847458
0.529915	0.42735	0.025641	0.017094
0.301775	0.683432	0.00295858	0.0118343
0.511811	0.377953	0.0787402	0.0314961
0.333333	0.466667	0.133333	0.0666667
0.503289	0.453947	0.0361842	0.00657895
0.47619	0.333333	0.142857	0.047619
0.508651	0.411765	0.0449827	0.0346021
0.5	0.318182	0.136364	0.0454545
0.393939	0.560606	0.030303	0.0151515
0.188755	0.120482	0.670683	0.0200803
0.1	0.4	0.1	0.4
0.222222	0.555556	0.111111	0.111111
0.333333	0.5	0.0833333	0.0833333
0.35	0.4	0.1	0.15
0.521739	0.347826	0.0869565	0.0434783
0.708861	0.177215	0.0379747	0.0759494
0.486957	0.478261	0.0173913	0.0173913
0.555556	0.355556	0.0777778	0.0111111
0.363636	0.454545	0.0454545	0.136364
0.437209	0.47907	0.0744186	0.00930233
0.25	0.5	0.125	0.125
0.588235	0.264706	0.0882353	0.0588235
0.398551	0.515942	0.0594203	0.026087
0.705882	0.0588235	0.176471	0.0588235
0.5625	0.25	0.125	0.0625
0.863014	0.0547945	0.0684932	0.0136986
0.37931	0.482759	0.0689655	0.0689655
0.238095	0.142857	0.333333	0.285714
0.208333	0.708333	0.0416667	0.0416667
0.333333	0.4	0.0666667	0.2
0.746479	0.15493	0.084507	0.0140845
0.55102	0.367347	0.0612245	0.0204082
0.2	0.266667	0.133333	0.4
0.34375	0.5625	0.015625	0.078125
0.25	0.25	0.25	0.25
0.3	0.35	0.1	0.25
0.414085	0.538028	0.0028169	0.0450704
0.361371	0.563863	0.0654206	0.00934579
0.545455	0.227273	0.0454545	0.181818
0.4	0.2	0.2	0.2
0.478261	0.347826	0.0434783	0.130435
0.2	0.727273	0.0181818	0.0545455
0.382353	0.558824	0.0147059	0.0441176
0.542553	0.382979	0.0531915	0.0212766
