0.238095	0.238095	0.190476	0.0714286	0.261905
0.28	0.12	0.28	0.08	0.24
0.275	0.525	0.1	0.0714286	0.0285714
0.0833333	0.0833333	0.625	0.0833333	0.125
0.419355	0.0806452	0.00806452	0.483871	0.00806452
0.388889	0.0555556	0.111111	0.333333	0.111111
0.12	0.04	0.08	0.04	0.72
0.2	0.2	0.2	0.2	0.2
0.163636	0.145455	0.127273	0.0909091	0.472727
0.278689	0.278689	0.0491803	0.295082	0.0983607
0.285714	0.0408163	0.244898	0.0408163	0.387755
0.21875	0.375	0.3125	0.0625	0.03125
0.355556	0.0666667	0.144444	0.0111111	0.422222
0.354839	0.0967742	0.0483871	0.354839	0.145161
0.42446	0.223022	0.21223	0.0899281	0.0503597
0.070922	0.0212766	0.212766	0.0283688	0.666667
0.25	0.05	0.25	0.1	0.35
0.25	0.0625	0.0208333	0.0208333	0.645833
0.0930233	0.697674	0.0930233	0.0232558	0.0930233
0.242857	0.242857	0.171429	0.0428571	0.3
0.559322	0.0677966	0.0169492	0.338983	0.0169492
0.326087	0.0217391	0.543478	0.0652174	0.0434783
0.354167	0.104167	0.0208333	0.5	0.0208333
0.166667	0.166667	0.333333	0.166667	0.166667
0.644444	0.2	0.0222222	0.0666667	0.0666667
0.26087	0.0434783	0.0434783	0.521739	0.130435
0.454545	0.0909091	0.181818	0.0454545	0.227273
0.363636	0.0909091	0.0909091	0.0909091	0.363636
0.4	0.2	0.0666667	0.266667	0.0666667
0.0533516	0.0396717	0.0259918	0.876881	0.00410397
0.413793	0.0689655	0.0344828	0.137931	0.344828
0.666667	0.0740741	0.0740741	0.148148	0.037037
0.186441	0.457627	0.135593	0.101695	0.118644
0.442623	0.0983607	0.196721	0.0655738	0.196721
0.458716	0.311927	0.165138	0.0458716	0.0183486
0.252809	0.011236	0.011236	0.707865	0.0168539
0.1875	0.0625	0.0625	0.125	0.5625
0.423077	0.0384615	0.0769231	0.0384615	0.423077
0.349206	0.222222	0.142857	0.111111	0.174603
0.0448179	0.235294	0.661064	0.022409	0.0364146
0.573034	0.0786517	0.0337079	0.280899	0.0337079
0.511111	0.0444444	0.0111111	0.344444	0.0888889
0.222222	0.166667	0.388889	0.166667	0.0555556
0.333333	0.515152	0.121212	0.0151515	0.0151515
0.311881	0.0866337	0.0668317	0.517327	0.0173267
0.015544	0.00518135	0.0829016	0.891192	0.00518135
0.212121	0.272727	0.121212	0.333333	0.0606061
0.175	0.175	0.575	0.0125	0.0625
0.735294	0.0294118	0.0294118	0.176471	0.0294118
0.832653	0.122449	0.0244898	0.00816327	0.0122449
0.795918	0.0204082	0.0408163	0.102041	0.0408163
0.1	0.0666667	0.0333333	0.0666667	0.733333
0.395918	0.0285714	0.114286	0.0163265	0.444898
0.0555556	0.0444444	0.122222	0.0111111	0.766667
0.5	0.0833333	0.166667	0.208333	0.0416667
0.45	0.05	0.05	0.325	0.125
0.561644	0.0684932	0.0410959	0.315068	0.0136986
0.323529	0.0588235	0.0441176	0.544118	0.0294118
0.24	0.12	0.24	0.16	0.24
0.357143	0.5	0.047619	0.0714286	0.0238095
0.692308	0.0769231	0.0384615	0.0384615	0.153846
0.541667	0.104167	0.0208333	0.291667	0.0416667
0.285714	0.0952381	0.357143	0.142857	0.119048
0.131313	0.787879	0.030303	0.040404	0.010101
0.380952	0.0714286	0.261905	0.119048	0.166667
0.242424	0.393939	0.0909091	0.0606061	0.212121
0.244444	0.0222222	0.0888889	0.0666667	0.577778
0.176471	0.235294	0.117647	0.0294118	0.441176
0.416667	0.0277778	0.0416667	0.388889	0.125
0.434783	0.195652	0.130435	0.108696	0.130435
0.269231	0.0384615	0.153846	0.0384615	0.5
0.428571	0.142857	0.0714286	0.142857	0.214286
0.421053	0.157895	0.0526316	0.210526	0.157895
0.434783	0.304348	0.0434783	0.130435	0.0869565
0.377358	0.00628931	0.081761	0.528302	0.00628931
0.867925	0.0566038	0.0377358	0.0188679	0.0188679
0.438596	0.0701754	0.105263	0.0175439	0.368421
0.333333	0.047619	0.142857	0.047619	0.428571
0.444444	0.253968	0.031746	0.253968	0.015873
0.1	0.4	0.1	0.25	0.15
0.5	0.142857	0.142857	0.0714286	0.142857
0.295455	0.0227273	0.0681818	0.0227273	0.590909
0.34375	0.28125	0.109375	0.0625	0.203125
0.264706	0.0294118	0.323529	0.0294118	0.352941
0.111111	0.444444	0.111111	0.222222	0.111111
0.2	0.2	0.2	0.2	0.2
0.357143	0.142857	0.142857	0.0714286	0.285714
0.2	0.2	0.2	0.2	0.2
0.268293	0.170732	0.146341	0.0243902	0.390244
0.166667	0.166667	0.119048	0.047619	0.5
0.4	0.16	0.16	0.08	0.2
0.336207	0.0948276	0.00431034	0.538793	0.0258621
0.885246	0.0491803	0.0163934	0.0327869	0.0163934
0.425	0.475	0.025	0.05	0.025
0.2	0.0222222	0.0888889	0.0444444	0.644444
0.104167	0.0104167	0.0104167	0.822917	0.0520833
0.578947	0.157895	0.157895	0.0526316	0.0526316
0.21875	0.0859375	0.0546875	0.632812	0.0078125
0.0833333	0.0833333	0.166667	0.333333	0.333333
0.647059	0.0588235	0.0588235	0.0588235	0.176471
0.538462	0.153846	0.153846	0.0769231	0.0769231
0.875421	0.0841751	0.020202	0.016835	0.003367
0.14248	0.0796834	0.204749	0.0147757	0.558311
0.153846	0.153846	0.230769	0.0769231	0.384615
0.652542	0.220339	0.0338983	0.0677966	0.0254237
0.470588	0.117647	0.0784314	0.117647	0.215686
0.169604	0.0528634	0.389868	0.0352423	0.352423
0.4	0.0666667	0.266667	0.2	0.0666667
0.707671	0.0767104	0.00990555	0.199032	0.00668049
0.428571	0.214286	0.107143	0.0714286	0.178571
0.322581	0.225806	0.225806	0.193548	0.0322581
0.375	0.125	0.375	0.0833333	0.0416667
0.419162	0.0958084	0.011976	0.449102	0.0239521
0.339286	0.142857	0.107143	0.0178571	0.392857
0.125	0.0625	0.09375	0.0625	0.65625
0.0454545	0.0909091	0.0909091	0.0454545	0.727273
0.0555556	0.0277778	0.722222	0.0277778	0.166667
0.608696	0.0869565	0.0434783	0.0869565	0.173913
0.131944	0.208333	0.0486111	0.597222	0.0138889
0.666667	0.0555556	0.0833333	0.0555556	0.138889
0.651163	0.0465116	0.139535	0.116279	0.0465116
0.241935	0.247312	0.376344	0.0107527	0.123656
0.344262	0.0491803	0.0163934	0.0491803	0.540984
0.760563	0.0985915	0.028169	0.056338	0.056338
0.461538	0.346154	0.0384615	0.0384615	0.115385
0.119883	0.289474	0.453216	0.0789474	0.0584795
0.286822	0.0387597	0.186047	0.0232558	0.465116
0.625	0.110294	0.0294118	0.226103	0.00919118
0.176471	0.0588235	0.0588235	0.0588235	0.647059
0.552632	0.0526316	0.0350877	0.00877193	0.350877
0.541667	0.0833333	0.0833333	0.0208333	0.270833
0.488889	0.111111	0.0222222	0.0222222	0.355556
0.472727	0.172727	0.0181818	0.309091	0.0272727
0.341969	0.0518135	0.0518135	0.0466321	0.507772
0.685714	0.171429	0.0285714	0.0285714	0.0857143
0.392857	0.0892857	0.0535714	0.0357143	0.428571
0.185185	0.222222	0.0740741	0.407407	0.111111
0.0049505	0.163366	0.806931	0.0148515	0.00990099
0.413043	0.108696	0.0652174	0.391304	0.0217391
0.555556	0.111111	0.111111	0.111111	0.111111
0.549296	0.190141	0.0422535	0.161972	0.056338
0.264706	0.0294118	0.147059	0.0588235	0.5
0.2	0.2	0.2	0.2	0.2
0.157895	0.105263	0.157895	0.157895	0.421053
0.222222	0.222222	0.222222	0.111111	0.222222
0.285714	0.142857	0.285714	0.142857	0.142857
0.32	0.08	0.32	0.04	0.24
0.263158	0.157895	0.105263	0.0526316	0.421053
0.589744	0.025641	0.128205	0.0769231	0.179487
0.423077	0.461538	0.0641026	0.0384615	0.0128205
0.425	0.158333	0.291667	0.025	0.1
0.344214	0.041543	0.0148368	0.593472	0.00593472
0.205882	0.0588235	0.0588235	0.0294118	0.647059
0.77193	0.0964912	0.00877193	0.0175439	0.105263
0.642857	0.0714286	0.0714286	0.0714286	0.142857
0.157895	0.0526316	0.0526316	0.0526316	0.684211
0.55	0.05	0.15	0.05	0.2
0.163934	0.0655738	0.409836	0.0655738	0.295082
0.235294	0.235294	0.0588235	0.352941	0.117647
0.28866	0.185567	0.0618557	0.453608	0.0103093
0.375	0.125	0.125	0.25	0.125
0.294118	0.352941	0.0588235	0.235294	0.0588235
0.428571	0.0952381	0.380952	0.047619	0.047619
0.142857	0.0714286	0.214286	0.0714286	0.5
0.659091	0.0909091	0.0909091	0.113636	0.0454545
0.166667	0.0897436	0.564103	0.102564	0.0769231
0.2	0.2	0.2	0.2	0.2
0.325581	0.0465116	0.0813953	0.0465116	0.5
0.353791	0.595668	0.0216606	0.00361011	0.0252708
0.212121	0.0606061	0.030303	0.0606061	0.636364
0.579439	0.0373832	0.0280374	0.28972	0.0654206
0.181818	0.318182	0.227273	0.136364	0.136364
0.269231	0.5	0.0769231	0.0384615	0.115385
0.253333	0.0933333	0.173333	0.466667	0.0133333
0.2	0.2	0.2	0.1	0.3
0.797753	0.0898876	0.011236	0.0898876	0.011236
0.444444	0.194444	0.138889	0.194444	0.0277778
0.232558	0.129568	0.182724	0.421927	0.0332226
0.394737	0.0789474	0.263158	0.157895	0.105263
0.293103	0.0818966	0.012931	0.579741	0.0323276
0.362637	0.043956	0.0879121	0.0549451	0.450549
0.313187	0.593407	0.00549451	0.0494505	0.0384615
0.272189	0.0710059	0.035503	0.615385	0.00591716
0.526316	0.105263	0.105263	0.157895	0.105263
0.111111	0.111111	0.111111	0.444444	0.222222
0.191011	0.0674157	0.168539	0.134831	0.438202
0.647727	0.125	0.0909091	0.0625	0.0738636
0.0897833	0.068996	0.774878	0.0185759	0.0477665
0.361702	0.542553	0.0425532	0.0319149	0.0212766
0.493151	0.410959	0.0547945	0.0273973	0.0136986
0.368794	0.141844	0.347518	0.0851064	0.0567376
0.25	0.375	0.125	0.125	0.125
0.733333	0.133333	0.0333333	0.0666667	0.0333333
0.235294	0.323529	0.205882	0.176471	0.0588235
0.237288	0.59322	0.0169492	0.135593	0.0169492
0.409357	0.0233918	0.0233918	0.532164	0.0116959
0.157895	0.105263	0.105263	0.0526316	0.578947
0.229885	0.178161	0.172414	0.0689655	0.350575
0.47619	0.190476	0.238095	0.047619	0.047619
0.467532	0.181818	0.012987	0.298701	0.038961
0.444444	0.222222	0.0555556	0.222222	0.0555556
0.351852	0.0185185	0.0925926	0.0185185	0.518519
0.678571	0.0357143	0.0178571	0.25	0.0178571
0.222222	0.152778	0.513889	0.0277778	0.0833333
0.292683	0.0121951	0.0609756	0.609756	0.0243902
0.489362	0.0851064	0.148936	0.0638298	0.212766
0.136364	0.0909091	0.0454545	0.0454545	0.681818
0.142857	0.530612	0.0408163	0.102041	0.183673
0.627907	0.139535	0.0930233	0.0232558	0.116279
0.130435	0.73913	0.0434783	0.0434783	0.0434783
0.235294	0.176471	0.411765	0.0588235	0.117647
0.634615	0.0384615	0.0192308	0.0384615	0.269231
0.18931	0.0835189	0.0144766	0.707127	0.00556793
0.33871	0.548387	0.0322581	0.0645161	0.016129
0.152941	0.188235	0.270588	0.164706	0.223529
0.227273	0.0681818	0.0909091	0.0227273	0.590909
0.428571	0.0714286	0.0714286	0.0714286	0.357143
0.363636	0.181818	0.181818	0.181818	0.0909091
0.300633	0.129747	0.487342	0.0443038	0.0379747
0.618037	0.175066	0.0159151	0.156499	0.0344828
0.283951	0.148148	0.0864198	0.432099	0.0493827
0.32	0.08	0.04	0.2	0.36
0.216216	0.162162	0.027027	0.513514	0.0810811
0.374046	0.19084	0.160305	0.267176	0.00763359
0.0638298	0.148936	0.468085	0.0851064	0.234043
0.209302	0.0465116	0.27907	0.0232558	0.44186
0.423077	0.288462	0.0961538	0.115385	0.0769231
0.309524	0.166667	0.0238095	0.0238095	0.47619
0.323529	0.205882	0.382353	0.0294118	0.0588235
0.414634	0.0487805	0.146341	0.0243902	0.365854
0.3125	0.3125	0.125	0.0625	0.1875
0.709677	0.0645161	0.0967742	0.0322581	0.0967742
0.363934	0.481967	0.0754098	0.00327869	0.0754098
0.5	0.047619	0.142857	0.0238095	0.285714
0.511111	0.266667	0.0666667	0.111111	0.0444444
0.181818	0.0909091	0.0909091	0.363636	0.272727
0.357143	0.0714286	0.0238095	0.47619	0.0714286
0.0714286	0.285714	0.428571	0.142857	0.0714286
0.548387	0.0322581	0.193548	0.0645161	0.16129
0.447811	0.245791	0.010101	0.215488	0.0808081
0.311475	0.131148	0.0163934	0.0327869	0.508197
0.682927	0.146341	0.0731707	0.0487805	0.0487805
0.0357143	0.0714286	0.0357143	0.0357143	0.821429
0.239669	0.14876	0.22314	0.00826446	0.380165
0.192308	0.230769	0.0384615	0.0384615	0.5
0.0927835	0.0103093	0.649485	0.0412371	0.206186
0.415094	0.433962	0.0188679	0.0188679	0.113208
0.12963	0.0185185	0.62963	0.037037	0.185185
0.68	0.08	0.04	0.04	0.16
0.142857	0.0357143	0.0357143	0.0357143	0.75
0.253247	0.149351	0.551948	0.0324675	0.012987
0.166667	0.0833333	0.416667	0.0833333	0.25
0.162162	0.027027	0.0135135	0.027027	0.77027
0.353448	0.0603448	0.0344828	0.0258621	0.525862
0.380952	0.333333	0.0952381	0.047619	0.142857
0.666667	0.0606061	0.151515	0.0909091	0.030303
0.447761	0.0597015	0.119403	0.0597015	0.313433
0.37037	0.185185	0.333333	0.037037	0.0740741
0.85	0.08	0.02	0.01	0.04
0.254902	0.627451	0.0392157	0.0196078	0.0588235
0.025	0.025	0.1	0.025	0.825
0.183673	0.571429	0.102041	0.122449	0.0204082
0.327869	0.622951	0.0163934	0.0163934	0.0163934
0.6875	0.1125	0.11875	0.0625	0.01875
0.04	0.2	0.04	0.04	0.68
0.0357143	0.0357143	0.178571	0.0714286	0.678571
0.454545	0.272727	0.0454545	0.0454545	0.181818
0.107143	0.0714286	0.107143	0.0357143	0.678571
0.170732	0.759146	0.0304878	0.0243902	0.0152439
0.671429	0.157143	0.0714286	0.0285714	0.0714286
0.222222	0.666667	0.037037	0.037037	0.037037
0.15	0.2	0.05	0.4	0.2
0.350427	0.478632	0.0683761	0.017094	0.0854701
0.458333	0.125	0.166667	0.0833333	0.166667
0.2	0.2	0.2	0.2	0.2
0.132075	0.0188679	0.0188679	0.0188679	0.811321
0.4	0.45	0.025	0.025	0.1
0.4	0.05	0.15	0.2	0.2
0.2	0.2	0.2	0.2	0.2
0.227273	0.0363636	0.145455	0.463636	0.127273
0.681818	0.0454545	0.0454545	0.136364	0.0909091
0.355932	0.372881	0.101695	0.101695	0.0677966
0.390244	0.0487805	0.0487805	0.0487805	0.463415
0.1	0.171429	0.185714	0.0142857	0.528571
0.551724	0.206897	0.103448	0.0689655	0.0689655
0.0882353	0.0882353	0.0588235	0.0294118	0.735294
0.0909091	0.0454545	0.136364	0.0454545	0.681818
0.281081	0.0864865	0.0864865	0.00540541	0.540541
0.380952	0.047619	0.0952381	0.428571	0.047619
0.55814	0.0232558	0.0697674	0.232558	0.116279
0.4	0.0615385	0.446154	0.0769231	0.0153846
0.311111	0.222222	0.244444	0.2	0.0222222
0.375	0.125	0.125	0.25	0.125
0.428571	0.0714286	0.0357143	0.357143	0.107143
0.147059	0.176471	0.441176	0.147059	0.0882353
0.545455	0.0909091	0.272727	0.030303	0.0606061
0.2	0.16	0.2	0.32	0.12
0.272727	0.318182	0.181818	0.136364	0.0909091
0.421053	0.157895	0.0526316	0.315789	0.0526316
0.214286	0.261905	0.285714	0.166667	0.0714286
0.7	0.0333333	0.0333333	0.133333	0.1
0.333333	0.0833333	0.0833333	0.0833333	0.416667
0.272727	0.0454545	0.0909091	0.0454545	0.545455
0.349206	0.015873	0.031746	0.0793651	0.52381
0.446154	0.0461538	0.0307692	0.0153846	0.461538
0.648649	0.045045	0.0900901	0.171171	0.045045
0.304348	0.347826	0.0434783	0.0652174	0.23913
0.147541	0.229508	0.0983607	0.508197	0.0163934
0.452174	0.286957	0.0521739	0.113043	0.0956522
0.18956	0.0521978	0.0192308	0.730769	0.00824176
0.0588235	0.235294	0.0588235	0.0588235	0.588235
0.277778	0.5	0.0555556	0.111111	0.0555556
0.416667	0.166667	0.0833333	0.166667	0.166667
0.075	0.05	0.5	0.025	0.35
0.428571	0.047619	0.142857	0.047619	0.333333
0.323529	0.0294118	0.0882353	0.0882353	0.470588
0.282051	0.102564	0.128205	0.282051	0.205128
0.448276	0.0344828	0.103448	0.37931	0.0344828
0.703448	0.0344828	0.0482759	0.151724	0.062069
0.7	0.133333	0.0444444	0.111111	0.0111111
0.6	0.1	0.1	0.1	0.1
0.45	0.125	0.175	0.125	0.125
0.264706	0.0588235	0.117647	0.0294118	0.529412
0.551724	0.293103	0.0172414	0.12069	0.0172414
0.309278	0.103093	0.0618557	0.0103093	0.515464
0.117647	0.147059	0.0882353	0.0882353	0.558824
0.348276	0.513793	0.0965517	0.037931	0.00344828
0.113043	0.026087	0.2	0.0608696	0.6
0.233333	0.0333333	0.0666667	0.0666667	0.6
0.328767	0.0136986	0.0410959	0.589041	0.0273973
0.169811	0.0188679	0.0188679	0.132075	0.660377
0.0625	0.03125	0.125	0.0625	0.71875
0.111111	0.148148	0.481481	0.037037	0.222222
0.137255	0.27451	0.470588	0.0588235	0.0588235
0.0208333	0.0625	0.0208333	0.0625	0.833333
0.315789	0.0526316	0.157895	0.0526316	0.421053
0.157895	0.0526316	0.0526316	0.0263158	0.710526
0.215054	0.268817	0.290323	0.107527	0.11828
0.75	0.0384615	0.0192308	0.0769231	0.115385
0.155172	0.172414	0.189655	0.0517241	0.431034
0.3125	0.125	0.03125	0.03125	0.5
0.2	0.2	0.2	0.2	0.2
0.875	0.0795455	0.0227273	0.0113636	0.0113636
0.25	0.15	0.1	0.1	0.4
0.0816327	0.0612245	0.0816327	0.0408163	0.734694
0.609756	0.0487805	0.0243902	0.292683	0.0243902
0.205882	0.0294118	0.132353	0.0147059	0.617647
0.55	0.135714	0.121429	0.164286	0.0285714
0.171171	0.211712	0.0495495	0.554054	0.0135135
0.356322	0.0114943	0.408046	0.0517241	0.172414
0.173913	0.115942	0.449275	0.0144928	0.246377
0.0434783	0.26087	0.0434783	0.0434783	0.608696
0.444444	0.111111	0.111111	0.222222	0.111111
0.025641	0.102564	0.384615	0.0769231	0.410256
0.169811	0.320755	0.283019	0.0377358	0.188679
0.57971	0.188406	0.0869565	0.0144928	0.130435
0.277778	0.138889	0.388889	0.0277778	0.166667
0.185185	0.222222	0.185185	0.037037	0.37037
0.216216	0.0540541	0.216216	0.027027	0.486486
0.28125	0.15625	0.09375	0.375	0.09375
0.2	0.0181818	0.218182	0.0909091	0.472727
0.0545455	0.0545455	0.145455	0.0363636	0.709091
0.310345	0.344828	0.206897	0.0689655	0.0689655
0.166667	0.0416667	0.0416667	0.0833333	0.666667
0.431818	0.0909091	0.0909091	0.0227273	0.363636
0.184524	0.166667	0.363095	0.0714286	0.214286
0.65625	0.125	0.046875	0.140625	0.03125
0.3	0.0666667	0.166667	0.366667	0.1
0.245283	0.150943	0.0943396	0.0188679	0.490566
0.592593	0.0740741	0.148148	0.037037	0.148148
0.25	0.0625	0.25	0.25	0.1875
0.658537	0.0365854	0.0243902	0.0731707	0.207317
0.424603	0.0793651	0.0634921	0.412698	0.0198413
0.714286	0.0714286	0.0714286	0.0714286	0.0714286
0.130435	0.057971	0.0144928	0.731884	0.0652174
0.294118	0.0588235	0.0294118	0.0294118	0.588235
0.47619	0.107143	0.0238095	0.107143	0.285714
0.533333	0.2	0.0666667	0.0666667	0.133333
0.409091	0.0454545	0.136364	0.318182	0.0909091
0.538462	0.0615385	0.0307692	0.353846	0.0153846
0.616667	0.2	0.0833333	0.0166667	0.0833333
0.2	0.2	0.2	0.2	0.2
0.3	0.025	0.325	0.025	0.325
0.206897	0.12069	0.0344828	0.62069	0.0172414
0.513514	0.0540541	0.027027	0.378378	0.027027
0.263158	0.263158	0.105263	0.0526316	0.315789
0.635171	0.0393701	0.0577428	0.230971	0.0367454
0.714286	0.047619	0.142857	0.047619	0.047619
0.145455	0.0181818	0.181818	0.0727273	0.581818
0.606061	0.151515	0.030303	0.121212	0.0909091
0.466667	0.133333	0.2	0.0666667	0.133333
0.479167	0.166667	0.0833333	0.0625	0.208333
0.05	0.275	0.6	0.025	0.05
0.553191	0.212766	0.106383	0.0425532	0.0851064
0.44898	0.163265	0.0816327	0.285714	0.0204082
0.302083	0.138021	0.0911458	0.015625	0.453125
0.6	0.285714	0.0285714	0.0285714	0.0571429
0.1625	0.0916667	0.0208333	0.708333	0.0166667
0.0416667	0.0416667	0.166667	0.0416667	0.708333
0.10951	0.037464	0.146974	0.118156	0.587896
0.0454545	0.0909091	0.0454545	0.0454545	0.772727
0.0853256	0.784831	0.0828524	0.0453421	0.0016488
0.0735294	0.823529	0.0147059	0.0735294	0.0147059
0.767442	0.0116279	0.174419	0.0348837	0.0116279
0.5	0.227273	0.0454545	0.0909091	0.136364
0.721311	0.114754	0.0163934	0.0983607	0.0491803
0.470696	0.10989	0.0347985	0.375458	0.00915751
0.0344828	0.0344828	0.241379	0.0344828	0.655172
0.344828	0.103448	0.0689655	0.448276	0.0344828
0.25	0.175	0.075	0.45	0.05
0.162791	0.116279	0.0697674	0.0465116	0.604651
0.730769	0.0641026	0.0512821	0.025641	0.128205
0.603774	0.226415	0.0566038	0.0566038	0.0566038
0.191257	0.163934	0.0491803	0.560109	0.0355191
0.8	0.05	0.05	0.05	0.05
0.4	0.3	0.1	0.1	0.1
0.43609	0.0300752	0.0300752	0.466165	0.037594
0.230769	0.384615	0.0769231	0.269231	0.0384615
0.375	0.125	0.25	0.125	0.125
0.75	0.148148	0.0185185	0.0462963	0.037037
0.264706	0.294118	0.0882353	0.323529	0.0294118
0.228571	0.0571429	0.428571	0.0285714	0.257143
0.3	0.175	0.025	0.025	0.475
0.619048	0.047619	0.0238095	0.047619	0.261905
0.3	0.3	0.1	0.1	0.2
0.0625	0.0625	0.25	0.125	0.5
0.269231	0.115385	0.0769231	0.192308	0.346154
0.434343	0.282828	0.0909091	0.0505051	0.141414
0.375	0.416667	0.0625	0.0833333	0.0625
0.32	0.0266667	0.453333	0.08	0.12
0.0528053	0.290429	0.577558	0.0726073	0.00660066
0.0930233	0.0232558	0.116279	0.0465116	0.72093
0.413793	0.114943	0.0229885	0.37931	0.0689655
0.702703	0.189189	0.0540541	0.027027	0.027027
0.377953	0.0629921	0.448819	0.0472441	0.0629921
0.872549	0.0588235	0.00980392	0.0392157	0.0196078
0.631579	0.210526	0.0526316	0.0526316	0.0526316
0.617021	0.0851064	0.0425532	0.191489	0.0638298
0.183333	0.0166667	0.15	0.0166667	0.633333
0.144231	0.0673077	0.0480769	0.00961538	0.730769
0.765957	0.0638298	0.0638298	0.0425532	0.0638298
0.333333	0.0416667	0.1875	0.0208333	0.416667
0.199052	0.00947867	0.0853081	0.042654	0.663507
0.105263	0.0175439	0.0350877	0.0350877	0.807018
0.435897	0.25641	0.102564	0.179487	0.025641
0.479167	0.333333	0.0416667	0.0833333	0.0625
0.873418	0.0759494	0.0253165	0.0126582	0.0126582
0.307692	0.153846	0.0769231	0.0769231	0.384615
0.0714286	0.357143	0.428571	0.0714286	0.0714286
0.333333	0.111111	0.111111	0.111111	0.333333
0.25	0.09375	0.0625	0.5625	0.03125
0.217391	0.0869565	0.0434783	0.521739	0.130435
0.722222	0.111111	0.0555556	0.0555556	0.0555556
0.313433	0.462687	0.119403	0.0447761	0.0597015
0.421053	0.421053	0.0263158	0.0526316	0.0789474
0.390625	0.046875	0.203125	0.015625	0.34375
0.230769	0.0384615	0.384615	0.307692	0.0384615
0.166667	0.291667	0.208333	0.125	0.208333
0.0980392	0.235294	0.411765	0.0588235	0.196078
0.467742	0.0967742	0.112903	0.306452	0.016129
0.222222	0.125	0.0972222	0.0138889	0.541667
0.0257611	0.222482	0.641686	0.00702576	0.103044
0.307692	0.025641	0.128205	0.0512821	0.487179
0.428571	0.464286	0.0357143	0.0357143	0.0357143
0.337209	0.255814	0.383721	0.0116279	0.0116279
0.368421	0.236842	0.0789474	0.263158	0.0526316
0.181818	0.0649351	0.168831	0.0779221	0.506494
0.285714	0.0857143	0.121429	0.05	0.457143
0.384615	0.0769231	0.0384615	0.461538	0.0384615
0.860759	0.0949367	0.0126582	0.0253165	0.00632911
0.428571	0.4	0.0285714	0.114286	0.0285714
0.315789	0.105263	0.131579	0.0526316	0.394737
0.0684932	0.0205479	0.0342466	0.00684932	0.869863
0.631579	0.0526316	0.0526316	0.105263	0.157895
0.16	0.6	0.04	0.16	0.04
0.08	0.16	0.48	0.08	0.2
0.45	0.183333	0.283333	0.05	0.0333333
0.588235	0.0196078	0.137255	0.156863	0.0980392
0.421053	0.263158	0.157895	0.0526316	0.105263
0.147059	0.735294	0.0588235	0.0294118	0.0294118
0.666667	0.0833333	0.0833333	0.0833333	0.0833333
0.48	0.08	0.16	0.24	0.04
0.217391	0.434783	0.0869565	0.130435	0.130435
0.47619	0.0952381	0.047619	0.0952381	0.285714
0.74026	0.103896	0.038961	0.038961	0.0779221
0.432432	0.0810811	0.027027	0.324324	0.135135
0.34	0.04	0.5	0.02	0.1
0.289474	0.166667	0.131579	0.0789474	0.333333
0.228814	0.601695	0.059322	0.0338983	0.0762712
0.5	0.0833333	0.166667	0.0833333	0.166667
0.492308	0.184615	0.0153846	0.0307692	0.276923
0.276596	0.148936	0.106383	0.212766	0.255319
0.53125	0.09375	0.28125	0.03125	0.0625
0.328571	0.1	0.114286	0.414286	0.0428571
0.407407	0.444444	0.037037	0.0740741	0.037037
0.493671	0.0632911	0.278481	0.0253165	0.139241
0.493506	0.454545	0.012987	0.012987	0.025974
0.0384615	0.158654	0.774038	0.0192308	0.00961538
0.877551	0.0204082	0.0306122	0.0612245	0.0102041
0.277778	0.0555556	0.222222	0.0555556	0.388889
0.142857	0.190476	0.190476	0.047619	0.428571
0.222222	0.111111	0.0555556	0.0555556	0.555556
0.222222	0.0555556	0.0555556	0.611111	0.0555556
0.173913	0.304348	0.0434783	0.217391	0.26087
0.346154	0.0384615	0.461538	0.0384615	0.115385
0.441176	0.205882	0.0294118	0.0294118	0.294118
0.222222	0.194444	0.166667	0.402778	0.0138889
0.387387	0.045045	0.018018	0.00900901	0.540541
0.6	0.0666667	0.0666667	0.0666667	0.2
0.444444	0.037037	0.388889	0.0925926	0.037037
0.166667	0.166667	0.333333	0.166667	0.166667
0.196429	0.607143	0.125	0.0535714	0.0178571
0.423077	0.115385	0.0384615	0.0576923	0.365385
0.258065	0.0645161	0.129032	0.290323	0.258065
0.25	0.0833333	0.333333	0.0833333	0.25
0.0232558	0.0232558	0.139535	0.0232558	0.790698
0.4	0.35	0.05	0.05	0.15
0.436224	0.242347	0.0102041	0.280612	0.0306122
0.25	0.5625	0.0625	0.0625	0.0625
0.181818	0.454545	0.181818	0.0909091	0.0909091
0.484848	0.030303	0.030303	0.030303	0.424242
0.388889	0.0555556	0.0555556	0.166667	0.333333
0.680203	0.0761421	0.0253807	0.213198	0.00507614
0.325	0.05625	0.4625	0.10625	0.05
0.484848	0.242424	0.121212	0.0909091	0.0606061
0.5	0.0785714	0.171429	0.178571	0.0714286
0.140845	0.0140845	0.0140845	0.816901	0.0140845
0.142857	0.285714	0.142857	0.142857	0.285714
0.255319	0.0106383	0.0106383	0.712766	0.0106383
0.282828	0.0808081	0.0909091	0.0808081	0.464646
0.2	0.485714	0.114286	0.114286	0.0857143
0.825	0.05	0.0875	0.0125	0.025
0.2	0.2	0.2	0.2	0.2
0.48	0.24	0.16	0.08	0.04
0.888889	0.0277778	0.0138889	0.0416667	0.0277778
0.362319	0.391304	0.0362319	0.195652	0.0144928
0.590909	0.227273	0.0454545	0.0909091	0.0454545
0.105263	0.157895	0.105263	0.0526316	0.578947
0.202899	0.115942	0.333333	0.318841	0.0289855
0.5	0.111111	0.166667	0.0555556	0.166667
0.576923	0.153846	0.115385	0.0384615	0.115385
0.375	0.208333	0.0833333	0.291667	0.0416667
0.461538	0.166667	0.192308	0.153846	0.025641
0.533333	0.222222	0.0222222	0.155556	0.0666667
0.357143	0.178571	0.0357143	0.357143	0.0714286
0.385965	0.210526	0.140351	0.0877193	0.175439
0.352941	0.0196078	0.156863	0.411765	0.0588235
0.411765	0.0294118	0.235294	0.0294118	0.294118
0.0625	0.4375	0.125	0.0625	0.3125
0.352941	0.0588235	0.176471	0.352941	0.0588235
0.461538	0.0384615	0.115385	0.346154	0.0384615
0.611111	0.111111	0.111111	0.0555556	0.111111
0.2	0.2	0.2	0.2	0.2
0.121212	0.0909091	0.0606061	0.030303	0.69697
0.318841	0.333333	0.115942	0.173913	0.057971
0.14	0.06	0.5	0.02	0.28
0.409091	0.0909091	0.159091	0.227273	0.113636
0.307692	0.0461538	0.169231	0.0153846	0.461538
0.557692	0.0192308	0.0192308	0.365385	0.0384615
0.363636	0.136364	0.0454545	0.431818	0.0227273
0.173913	0.0434783	0.0434783	0.0869565	0.652174
0.473684	0.236842	0.0526316	0.0789474	0.157895
0.75	0.125	0.0416667	0.0416667	0.0416667
0.141026	0.102564	0.307692	0.0128205	0.435897
0.368421	0.105263	0.157895	0.210526	0.157895
0.22973	0.0135135	0.27027	0.121622	0.364865
0.333333	0.108696	0.00724638	0.507246	0.0434783
0.352273	0.397727	0.0909091	0.0454545	0.113636
0.376623	0.038961	0.0519481	0.454545	0.0779221
0.4375	0.0625	0.1875	0.28125	0.03125
0.429379	0.237288	0.0112994	0.316384	0.00564972
0.4	0.0428571	0.0714286	0.442857	0.0428571
0.166667	0.166667	0.166667	0.166667	0.333333
0.2	0.0666667	0.333333	0.0666667	0.333333
0.2	0.2	0.2	0.2	0.2
0.605263	0.201754	0.00877193	0.131579	0.0526316
0.833333	0.0555556	0.0222222	0.0555556	0.0333333
0.59375	0.0625	0.15625	0.0625	0.125
0.55303	0.121212	0.0151515	0.0681818	0.242424
0.764706	0.141176	0.0352941	0.0470588	0.0117647
0.125	0.075	0.2	0.025	0.575
0.342105	0.578947	0.0263158	0.0263158	0.0263158
0.0740741	0.111111	0.777778	0.0185185	0.0185185
0.534884	0.0930233	0.0930233	0.255814	0.0232558
0.203125	0.53125	0.203125	0.046875	0.015625
0.560976	0.0731707	0.0487805	0.292683	0.0243902
0.047619	0.52381	0.047619	0.333333	0.047619
0.179487	0.641026	0.025641	0.128205	0.025641
0.422145	0.0865052	0.017301	0.460208	0.0138408
0.214286	0.107143	0.142857	0.0714286	0.464286
0.282609	0.217391	0.130435	0.26087	0.108696
0.181818	0.136364	0.545455	0.0909091	0.0454545
0.277778	0.0555556	0.166667	0.0555556	0.444444
0.057971	0.057971	0.130435	0.0144928	0.73913
0.0434783	0.0434783	0.0434783	0.0434783	0.826087
0.503448	0.224138	0.0241379	0.22069	0.0275862
0.25	0.0833333	0.166667	0.25	0.25
0.173913	0.402174	0.141304	0.25	0.0326087
0.384615	0.153846	0.0769231	0.0769231	0.307692
0.666667	0.1	0.0666667	0.0666667	0.1
0.5	0.142857	0.214286	0.0714286	0.0714286
0.1875	0.1875	0.0625	0.125	0.4375
0.370968	0.0806452	0.0322581	0.016129	0.5
0.157895	0.157895	0.0789474	0.0526316	0.552632
0.306667	0.36	0.293333	0.0266667	0.0133333
0.575397	0.0674603	0.0198413	0.333333	0.00396825
0.0176991	0.0176991	0.876106	0.0619469	0.0265487
0.428571	0.0714286	0.214286	0.214286	0.0714286
0.674419	0.0813953	0.0116279	0.151163	0.0813953
0.333333	0.0833333	0.333333	0.0833333	0.166667
0.36	0.297143	0.0514286	0.28	0.0114286
0.34375	0.0625	0.3125	0.09375	0.1875
0.12381	0.0190476	0.171429	0.00952381	0.67619
0.160714	0.220238	0.113095	0.0416667	0.464286
0.774194	0.0322581	0.0322581	0.129032	0.0322581
0.2	0.2	0.2	0.2	0.2
0.6875	0.0625	0.125	0.0625	0.0625
0.411765	0.294118	0.117647	0.0588235	0.117647
0.556604	0.402516	0.00628931	0.00314465	0.0314465
0.214286	0.285714	0.357143	0.0714286	0.0714286
0.133333	0.633333	0.0333333	0.1	0.1
0.366667	0.15	0.416667	0.0333333	0.0333333
0.209091	0.145455	0.181818	0.0909091	0.372727
0.560748	0.0747664	0.0934579	0.0280374	0.242991
0.285714	0.196429	0.0535714	0.446429	0.0178571
0.625	0.15	0.05	0.125	0.05
0.25	0.0681818	0.0340909	0.0113636	0.636364
0.08	0.24	0.12	0.04	0.52
0.569892	0.139785	0.0107527	0.215054	0.0645161
0.0555556	0.388889	0.166667	0.0555556	0.333333
0.762821	0.128205	0.0769231	0.025641	0.00641026
0.212121	0.121212	0.030303	0.030303	0.606061
0.349206	0.126984	0.15873	0.0793651	0.285714
0.276119	0.00746269	0.0447761	0.664179	0.00746269
0.458333	0.291667	0.0416667	0.0833333	0.125
0.2	0.2	0.2	0.2	0.2
0.604651	0.0930233	0.116279	0.0465116	0.139535
0.125	0.25	0.125	0.125	0.375
0.386364	0.181818	0.0909091	0.295455	0.0454545
0.277778	0.597222	0.0138889	0.0833333	0.0277778
0.474654	0.294931	0.0737327	0.133641	0.0230415
0.238095	0.0952381	0.047619	0.571429	0.047619
0.24	0.04	0.08	0.04	0.6
0.855072	0.0144928	0.0434783	0.0289855	0.057971
0.125	0.0625	0.3125	0.0625	0.4375
0.00114778	0.00573888	0.00918221	0.00860832	0.975323
0.113422	0.120983	0.0245747	0.733459	0.00756144
0.178571	0.0642857	0.171429	0.00714286	0.578571
0.389831	0.0677966	0.0338983	0.474576	0.0338983
0.133333	0.266667	0.0666667	0.0666667	0.466667
0.1	0.75	0.05	0.05	0.05
0.454545	0.030303	0.030303	0.030303	0.454545
0.128205	0.025641	0.230769	0.025641	0.589744
0.321429	0.285714	0.214286	0.142857	0.0357143
0.263158	0.0947368	0.0631579	0.547368	0.0315789
0.533333	0.2	0.0666667	0.133333	0.0666667
0.242188	0.0625	0.046875	0.0625	0.585938
0.46	0.47	0.04	0.02	0.01
0.0485437	0.00323625	0.0355987	0.902913	0.00970874
0.193548	0.0967742	0.387097	0.0322581	0.290323
0.25	0.166667	0.0833333	0.166667	0.333333
0.111111	0.333333	0.111111	0.333333	0.111111
0.026087	0.0173913	0.0347826	0.00869565	0.913043
0.08	0.06	0.04	0.54	0.28
0.388889	0.166667	0.277778	0.0555556	0.111111
0.246445	0.109005	0.0947867	0.535545	0.014218
0.416667	0.0833333	0.0694444	0.0138889	0.416667
0.0357143	0.5625	0.258929	0.107143	0.0357143
0.325581	0.0232558	0.116279	0.0232558	0.511628
0.755952	0.104167	0.00297619	0.130952	0.00595238
0.473684	0.210526	0.0526316	0.210526	0.0526316
0.0952381	0.047619	0.142857	0.0952381	0.619048
0.219298	0.131579	0.54386	0.0175439	0.0877193
0.583333	0.0833333	0.0833333	0.166667	0.0833333
0.0362117	0.086351	0.785515	0.00835655	0.0835655
0.0593325	0.0333745	0.875155	0.00494438	0.0271941
0.285714	0.285714	0.142857	0.214286	0.0714286
0.652174	0.0434783	0.0869565	0.130435	0.0869565
0.5	0.0555556	0.0555556	0.277778	0.111111
0.414861	0.482972	0.0123839	0.0433437	0.0464396
0.360656	0.0737705	0.47541	0.0245902	0.0655738
0.621212	0.0454545	0.0909091	0.0151515	0.227273
0.803922	0.0392157	0.0980392	0.0196078	0.0392157
0.607843	0.215686	0.0392157	0.0588235	0.0784314
0.189189	0.297297	0.324324	0.027027	0.162162
0.394737	0.0263158	0.184211	0.0526316	0.342105
0.25	0.0416667	0.416667	0.166667	0.125
0.235294	0.117647	0.117647	0.176471	0.352941
0.2	0.2	0.2	0.2	0.2
0.304878	0.0487805	0.170732	0.0487805	0.426829
0.511628	0.255814	0.0930233	0.0232558	0.116279
0.207547	0.622642	0.0188679	0.0377358	0.113208
0.00574713	0.0785441	0.032567	0.871648	0.0114943
0.297297	0.108108	0.297297	0.027027	0.27027
0.777778	0.037037	0.037037	0.111111	0.037037
0.0555556	0.291667	0.0694444	0.0138889	0.569444
0.0333333	0.0333333	0.233333	0.0333333	0.666667
0.481297	0.139651	0.0249377	0.311721	0.042394
0.0454545	0.0454545	0.136364	0.0454545	0.727273
0.487179	0.294872	0.0769231	0.115385	0.025641
0.46789	0.311927	0.0275229	0.00917431	0.183486
0.367347	0.5	0.0204082	0.0816327	0.0306122
0.38	0.14	0.32	0.1	0.06
0.289474	0.552632	0.0263158	0.0526316	0.0789474
0.402597	0.233766	0.298701	0.0519481	0.012987
0.2	0.2	0.2	0.2	0.2
0.111111	0.111111	0.222222	0.0555556	0.5
0.342105	0.552632	0.0263158	0.0263158	0.0526316
0.222222	0.0952381	0.031746	0.640212	0.010582
0.179487	0.564103	0.0512821	0.0769231	0.128205
0.2	0.2	0.2	0.2	0.2
0.5	0.0454545	0.0454545	0.318182	0.0909091
0.313253	0.0722892	0.204819	0.0240964	0.385542
0.585714	0.1	0.0285714	0.271429	0.0142857
0.354839	0.0645161	0.0967742	0.0967742	0.387097
0.6	0.075	0.225	0.05	0.05
0.454545	0.0909091	0.272727	0.0909091	0.0909091
0.157895	0.0526316	0.315789	0.0526316	0.421053
0.333333	0.166667	0.0833333	0.166667	0.25
0.0408163	0.0408163	0.102041	0.0408163	0.77551
0.421053	0.315789	0.0526316	0.157895	0.0526316
0.72093	0.0465116	0.0465116	0.162791	0.0232558
0.268293	0.0731707	0.097561	0.0243902	0.536585
0.199234	0.149425	0.0957854	0.0574713	0.498084
0.1875	0.03125	0.0625	0.0625	0.65625
0.346667	0.0133333	0.0266667	0.0266667	0.586667
0.111111	0.222222	0.111111	0.037037	0.518519
0.458824	0.152941	0.270588	0.0705882	0.0470588
0.409091	0.363636	0.0909091	0.0909091	0.0454545
0.0714286	0.142857	0.214286	0.214286	0.357143
0.122449	0.673469	0.163265	0.0204082	0.0204082
0.5	0.1	0.05	0.05	0.3
0.318182	0.136364	0.0454545	0.0454545	0.454545
0.845238	0.107143	0.0238095	0.0119048	0.0119048
0.4	0.181818	0.0909091	0.290909	0.0363636
0.0625	0.3125	0.5625	0.03125	0.03125
0.160839	0.328671	0.132867	0.0909091	0.286713
0.147541	0.131148	0.0983607	0.0163934	0.606557
0.193548	0.290323	0.193548	0.0322581	0.290323
0.238095	0.285714	0.047619	0.047619	0.380952
0.263158	0.157895	0.184211	0.105263	0.289474
0.2	0.2	0.2	0.2	0.2
0.166667	0.0454545	0.0151515	0.0151515	0.757576
0.837209	0.0697674	0.0232558	0.0465116	0.0232558
0.370787	0.0337079	0.101124	0.0561798	0.438202
0.269841	0.52381	0.142857	0.031746	0.031746
0.153846	0.0384615	0.5	0.0769231	0.230769
0.558824	0.362745	0.00980392	0.00980392	0.0588235
0.120482	0.0843373	0.120482	0.0722892	0.60241
0.384615	0.0384615	0.153846	0.0384615	0.384615
0.147059	0.117647	0.176471	0.205882	0.352941
0.27027	0.405405	0.108108	0.108108	0.108108
0.588235	0.117647	0.0588235	0.117647	0.117647
0.0588235	0.0588235	0.117647	0.0588235	0.705882
0.352941	0.0588235	0.0588235	0.0588235	0.470588
0.571429	0.142857	0.0714286	0.142857	0.0714286
0.0377358	0.0377358	0.0943396	0.0377358	0.792453
0.192308	0.0769231	0.0923077	0.0153846	0.623077
0.2	0.2	0.2	0.2	0.2
0.78125	0.125	0.03125	0.03125	0.03125
0.361111	0.138889	0.152778	0.0277778	0.319444
0.634409	0.179211	0.0430108	0.139785	0.00358423
0.769231	0.0384615	0.0384615	0.115385	0.0384615
0.333333	0.133333	0.0666667	0.333333	0.133333
0.333333	0.166667	0.125	0.166667	0.208333
0.375	0.025	0.0375	0.525	0.0375
0.138889	0.111111	0.277778	0.0277778	0.444444
0.333333	0.133333	0.0333333	0.333333	0.166667
0.357143	0.428571	0.107143	0.0714286	0.0357143
0.307377	0.336066	0.10041	0.235656	0.0204918
0.238095	0.047619	0.047619	0.571429	0.0952381
0.545455	0.0909091	0.0909091	0.0909091	0.181818
0.263158	0.0197368	0.0723684	0.00657895	0.638158
0.145161	0.241935	0.33871	0.0241935	0.25
0.160767	0.101278	0.06588	0.666175	0.00589971
0.785714	0.047619	0.0952381	0.047619	0.0238095
0.310345	0.0689655	0.0689655	0.0344828	0.517241
0.166667	0.07	0.55	0.0733333	0.14
0.311475	0.0327869	0.163934	0.0163934	0.47541
0.416667	0.0833333	0.333333	0.0833333	0.0833333
0.830769	0.123077	0.0153846	0.0153846	0.0153846
0.740741	0.0555556	0.12963	0.037037	0.037037
0.43299	0.103093	0.0103093	0.412371	0.0412371
0.505376	0.0645161	0.0752688	0.0107527	0.344086
0.0740741	0.333333	0.111111	0.222222	0.259259
0.186301	0.0849315	0.0520548	0.673973	0.00273973
0.189189	0.702703	0.0540541	0.027027	0.027027
0.402299	0.0229885	0.0344828	0.528736	0.0114943
0.297297	0.0540541	0.594595	0.027027	0.027027
0.130435	0.231884	0.0289855	0.557971	0.0507246
0.787879	0.030303	0.030303	0.121212	0.030303
0.611111	0.0555556	0.111111	0.111111	0.111111
0.561538	0.369231	0.0307692	0.0230769	0.0153846
0.0666667	0.233333	0.3	0.133333	0.266667
0.25	0.0833333	0.416667	0.166667	0.0833333
0.333333	0.183333	0.05	0.3	0.133333
0.131313	0.323232	0.505051	0.010101	0.030303
0.322034	0.0847458	0.0847458	0.0169492	0.491525
0.151515	0.0151515	0.0757576	0.0151515	0.742424
0.464286	0.0357143	0.107143	0.0357143	0.357143
0.196078	0.0980392	0.117647	0.0392157	0.54902
0.204545	0.727273	0.0227273	0.0227273	0.0227273
0.222222	0.111111	0.111111	0.111111	0.444444
0.114286	0.0285714	0.4	0.0285714	0.428571
0.232365	0.0580913	0.033195	0.655602	0.0207469
0.332776	0.048495	0.0317726	0.551839	0.0351171
0.518519	0.185185	0.0740741	0.037037	0.185185
0.324675	0.0649351	0.025974	0.571429	0.012987
0.642857	0.0714286	0.142857	0.0714286	0.0714286
0.190476	0.047619	0.0793651	0.015873	0.666667
0.382353	0.0840336	0.205882	0.0504202	0.277311
0.369565	0.0869565	0.152174	0.304348	0.0869565
0.263158	0.105263	0.0526316	0.0350877	0.54386
0.133333	0.0666667	0.2	0.333333	0.266667
0.861111	0.0555556	0.0277778	0.0277778	0.0277778
0.123986	0.0793508	0.75789	0.0247971	0.0139766
0.333333	0.166667	0.166667	0.166667	0.166667
0.386139	0.207921	0.029703	0.326733	0.049505
0.454545	0.0909091	0.272727	0.0909091	0.0909091
0.0737101	0.046683	0.0982801	0.653563	0.127764
0.780952	0.0497354	0.0116402	0.148148	0.00952381
0.142857	0.75	0.0357143	0.0357143	0.0357143
0.337662	0.025974	0.025974	0.571429	0.038961
0.178189	0.198637	0.548199	0.0477118	0.0272639
0.833333	0.0555556	0.0277778	0.0277778	0.0555556
0.5	0.111111	0.111111	0.222222	0.0555556
0.642857	0.107143	0.0357143	0.178571	0.0357143
0.2	0.266667	0.266667	0.133333	0.133333
0.197802	0.021978	0.0769231	0.0659341	0.637363
0.3125	0.25	0.09375	0.03125	0.3125
0.380952	0.166667	0.214286	0.0238095	0.214286
0.537037	0.12963	0.0740741	0.240741	0.0185185
0.290323	0.129032	0.0967742	0.451613	0.0322581
0.439394	0.166667	0.106061	0.0151515	0.272727
0.6	0.05	0.1	0.1	0.15
0.661765	0.0955882	0.0735294	0.147059	0.0220588
0.333333	0.0952381	0.0952381	0.047619	0.428571
0.205882	0.0882353	0.0882353	0.0294118	0.588235
0.241379	0.172414	0.344828	0.0689655	0.172414
0.540541	0.0540541	0.324324	0.0540541	0.027027
0.695652	0.0434783	0.0869565	0.0869565	0.0869565
0.526316	0.315789	0.0526316	0.0526316	0.0526316
0.0769231	0.153846	0.153846	0.0769231	0.538462
0.0576923	0.0576923	0.0384615	0.0384615	0.807692
0.2	0.2	0.2	0.2	0.2
0.402985	0.0149254	0.164179	0.0447761	0.373134
0.150943	0.283019	0.339623	0.0943396	0.132075
0.375	0.0625	0.3125	0.0625	0.1875
0.105263	0.0789474	0.710526	0.0526316	0.0526316
0.427861	0.0597015	0.0547264	0.447761	0.00995025
0.325843	0.123596	0.0449438	0.011236	0.494382
0.235294	0.0588235	0.0588235	0.0588235	0.588235
0.316667	0.15	0.15	0.0666667	0.316667
0.818182	0.030303	0.0909091	0.030303	0.030303
0.586957	0.217391	0.0434783	0.130435	0.0217391
0.18	0.52	0.18	0.06	0.06
0.71028	0.0560748	0.0186916	0.158879	0.0560748
0.148148	0.037037	0.296296	0.148148	0.37037
0.2	0.2	0.2	0.2	0.2
0.248804	0.0813397	0.636364	0.0287081	0.00478469
0.478261	0.217391	0.108696	0.173913	0.0217391
0.526316	0.157895	0.105263	0.0526316	0.157895
0.23913	0.173913	0.108696	0.0217391	0.456522
0.35	0.1	0.1	0.05	0.4
0.470588	0.0588235	0.0588235	0.117647	0.294118
0.295082	0.606557	0.0327869	0.0327869	0.0327869
0.368421	0.315789	0.157895	0.0526316	0.105263
0.375	0.0625	0.0625	0.25	0.25
0.184615	0.0615385	0.107692	0.0615385	0.584615
0.65	0.05	0.15	0.1	0.05
0.306604	0.134434	0.0306604	0.525943	0.00235849
0.447059	0.235294	0.141176	0.152941	0.0235294
0.194444	0.111111	0.0277778	0.0555556	0.611111
0.821429	0.0714286	0.0357143	0.0357143	0.0357143
0.102041	0.0816327	0.653061	0.0204082	0.142857
0.183908	0.091954	0.0114943	0.0229885	0.689655
0.263158	0.0526316	0.0526316	0.0526316	0.578947
0.26087	0.0869565	0.0869565	0.0434783	0.521739
0.407407	0.222222	0.111111	0.148148	0.111111
0.206897	0.0344828	0.103448	0.0344828	0.62069
0.333333	0.111111	0.37037	0.111111	0.0740741
0.366667	0.416667	0.1	0.0833333	0.0333333
0.172414	0.655172	0.0689655	0.0689655	0.0344828
0.375	0.125	0.25	0.125	0.125
0.205128	0.153846	0.0128205	0.589744	0.0384615
0.301205	0.060241	0.289157	0.0722892	0.277108
0.510204	0.0408163	0.142857	0.265306	0.0408163
0.5	0.1	0.1	0.2	0.1
0.189189	0.0540541	0.108108	0.00900901	0.63964
0.612245	0.0816327	0.0204082	0.0204082	0.265306
0.5	0.1	0.05	0.25	0.1
0.705882	0.176471	0.0294118	0.0294118	0.0588235
0.571429	0.0892857	0.178571	0.0535714	0.107143
0.0726257	0.150838	0.636872	0.0782123	0.0614525
0.121212	0.121212	0.121212	0.030303	0.606061
0.507042	0.056338	0.0140845	0.380282	0.0422535
0.466667	0.1	0.133333	0.0666667	0.233333
0.568182	0.125	0.0681818	0.227273	0.0113636
0.716495	0.0695876	0.154639	0.0154639	0.0438144
0.0714286	0.0714286	0.107143	0.142857	0.607143
0.1	0.2	0.5	0.1	0.1
0.415094	0.301887	0.0566038	0.132075	0.0943396
0.0454545	0.0909091	0.636364	0.0909091	0.136364
0.580645	0.0967742	0.0322581	0.0967742	0.193548
0.272727	0.0909091	0.0909091	0.0909091	0.454545
0.386364	0.227273	0.0227273	0.0568182	0.306818
0.136752	0.165812	0.0717949	0.613675	0.0119658
0.555556	0.133333	0.222222	0.0222222	0.0666667
0.3	0.2	0.3	0.1	0.1
0.7	0.05	0.05	0.1	0.1
0.652174	0.130435	0.0434783	0.0434783	0.130435
0.197183	0.084507	0.112676	0.028169	0.577465
0.4	0.133333	0.133333	0.0666667	0.266667
0.181818	0.0909091	0.0909091	0.0909091	0.545455
0.416667	0.194444	0.194444	0.138889	0.0555556
0.186047	0.0465116	0.0232558	0.0930233	0.651163
0.294118	0.352941	0.0588235	0.0588235	0.235294
0.666667	0.208333	0.0416667	0.0416667	0.0416667
0.388889	0.037037	0.0925926	0.0185185	0.462963
0.282297	0.0430622	0.0119617	0.655502	0.00717703
0.4375	0.0625	0.125	0.125	0.25
0.208333	0.0416667	0.291667	0.0833333	0.375
0.04	0.07	0.18	0.02	0.69
0.75	0.0555556	0.0555556	0.0555556	0.0833333
0.577778	0.0444444	0.0444444	0.0222222	0.311111
0.0733945	0.0642202	0.0366972	0.807339	0.0183486
0.510638	0.191489	0.0212766	0.191489	0.0851064
0.193548	0.741935	0.016129	0.0322581	0.016129
0.375	0.0982143	0.133929	0.0446429	0.348214
0.285714	0.190476	0.380952	0.047619	0.0952381
0.305882	0.188235	0.0235294	0.431373	0.0509804
0.227964	0.197568	0.0273556	0.544073	0.00303951
0.266667	0.653333	0.0533333	0.0133333	0.0133333
0.111111	0.222222	0.222222	0.111111	0.333333
0.235632	0.591954	0.0574713	0.0977011	0.0172414
0.047619	0.130952	0.214286	0.0238095	0.583333
0.269461	0.0778443	0.0239521	0.616766	0.011976
0.185326	0.102717	0.661413	0.0353261	0.0152174
0.72	0.154286	0.0342857	0.0114286	0.08
0.263158	0.0526316	0.236842	0.0263158	0.421053
0.377778	0.466667	0.0222222	0.0888889	0.0444444
0.2	0.1	0.2	0.1	0.4
0.235294	0.607843	0.0392157	0.0588235	0.0588235
0.2	0.2	0.2	0.2	0.2
0.378378	0.0405405	0.027027	0.540541	0.0135135
0.272727	0.0454545	0.181818	0.0454545	0.454545
0.470588	0.0588235	0.117647	0.235294	0.117647
0.131313	0.0505051	0.0808081	0.020202	0.717172
0.85	0.0722222	0.0277778	0.0166667	0.0333333
0.271186	0.118644	0.305085	0.0169492	0.288136
0.25	0.333333	0.0833333	0.0833333	0.25
0.142857	0.142857	0.428571	0.142857	0.142857
0.409091	0.113636	0.0681818	0.0454545	0.363636
0.238095	0.0952381	0.285714	0.333333	0.047619
0.047619	0.190476	0.380952	0.047619	0.333333
0.2	0.2	0.2	0.2	0.2
0.5	0.125	0.125	0.125	0.125
0.131579	0.0263158	0.131579	0.552632	0.157895
0.773585	0.113208	0.0188679	0.0188679	0.0754717
0.705882	0.0588235	0.0588235	0.0588235	0.117647
0.2	0.2	0.2	0.2	0.2
0.4	0.2	0.133333	0.133333	0.133333
0.125	0.25	0.125	0.375	0.125
0.194444	0.0972222	0.0972222	0.430556	0.180556
0.2	0.2	0.08	0.48	0.04
0.230769	0.0769231	0.153846	0.307692	0.230769
0.820144	0.0503597	0.028777	0.0359712	0.0647482
0.22449	0.142857	0.0816327	0.510204	0.0408163
0.230769	0.107692	0.0461538	0.0153846	0.6
0.803279	0.0655738	0.0491803	0.0163934	0.0655738
0.5625	0.125	0.1875	0.0625	0.0625
0.2	0.2	0.2	0.2	0.2
0.636364	0.106061	0.136364	0.0151515	0.106061
0.685714	0.0285714	0.0571429	0.0857143	0.142857
0.571429	0.142857	0.0238095	0.166667	0.0952381
0.160494	0.407407	0.0740741	0.320988	0.037037
0.295775	0.15493	0.225352	0.126761	0.197183
0.318182	0.0454545	0.272727	0.181818	0.181818
0.636364	0.181818	0.0454545	0.0454545	0.0909091
0.295082	0.622951	0.0163934	0.0491803	0.0163934
0.111111	0.0555556	0.125	0.0416667	0.666667
0.15625	0.0625	0.0625	0.03125	0.6875
0.545455	0.0568182	0.0227273	0.0113636	0.363636
0.442857	0.442857	0.0142857	0.0714286	0.0285714
0.387097	0.0322581	0.483871	0.0322581	0.0645161
0.473684	0.263158	0.0526316	0.157895	0.0526316
0.181818	0.181818	0.0909091	0.181818	0.363636
0.630435	0.0869565	0.195652	0.0652174	0.0217391
0.0294118	0.0588235	0.117647	0.0294118	0.764706
0.3125	0.5	0.0625	0.0625	0.0625
0.2	0.2	0.4	0.1	0.1
0.395349	0.162791	0.325581	0.0465116	0.0697674
0.4	0.12	0.2	0.16	0.12
0.642857	0.0714286	0.0714286	0.0714286	0.142857
0.586207	0.0689655	0.0689655	0.0344828	0.241379
0.296	0.104	0.048	0.016	0.536
0.3125	0.3125	0.125	0.125	0.125
0.27027	0.657658	0.00900901	0.027027	0.036036
0.24	0.56	0.04	0.08	0.08
0.138889	0.194444	0.166667	0.0277778	0.472222
0.543478	0.26087	0.057971	0.0724638	0.0652174
0.454545	0.0909091	0.272727	0.0909091	0.0909091
0.377049	0.344262	0.0655738	0.0163934	0.196721
0.396226	0.132075	0.415094	0.0188679	0.0377358
0.454545	0.181818	0.0909091	0.181818	0.0909091
0.385321	0.110092	0.376147	0.0275229	0.100917
0.0555556	0.333333	0.277778	0.0555556	0.277778
0.25	0.125	0.375	0.125	0.125
0.285714	0.285714	0.142857	0.142857	0.142857
0.3	0.1	0.1	0.3	0.2
0.591837	0.265306	0.0408163	0.0816327	0.0204082
0.380952	0.238095	0.047619	0.190476	0.142857
0.263158	0.210526	0.368421	0.105263	0.0526316
0.166667	0.0208333	0.166667	0.0833333	0.5625
0.238095	0.190476	0.285714	0.047619	0.238095
0.35	0.3	0.15	0.1	0.1
0.813333	0.0533333	0.0133333	0.0933333	0.0266667
0.25	0.0714286	0.0357143	0.0357143	0.607143
0.425287	0.126437	0.0804598	0.0229885	0.344828
0.5	0.0227273	0.0454545	0.363636	0.0681818
0.342391	0.0706522	0.00543478	0.565217	0.0163043
0.525	0.2125	0.075	0.0875	0.1
0.263158	0.236842	0.105263	0.315789	0.0789474
0.119048	0.0238095	0.642857	0.047619	0.166667
0.177156	0.114219	0.0512821	0.636364	0.020979
0.315789	0.105263	0.315789	0.157895	0.105263
0.188679	0.0377358	0.113208	0.0188679	0.641509
0.458333	0.125	0.229167	0.0625	0.125
0.765328	0.05074	0.0401691	0.0528541	0.0909091
0.28	0.52	0.04	0.12	0.04
0.291667	0.0833333	0.125	0.0416667	0.458333
0.290323	0.0322581	0.0967742	0.0322581	0.548387
0.621622	0.027027	0.108108	0.108108	0.135135
0.0555556	0.0555556	0.0555556	0.111111	0.722222
0.181818	0.0454545	0.227273	0.0454545	0.5
0.22973	0.0945946	0.27027	0.0405405	0.364865
0.12963	0.0740741	0.12963	0.037037	0.62963
0.306818	0.284091	0.0340909	0.352273	0.0227273
0.454545	0.145455	0.245455	0.0545455	0.1
0.352941	0.0196078	0.0980392	0.0196078	0.509804
0.216216	0.027027	0.0108108	0.735135	0.0108108
0.710526	0.105263	0.0657895	0.0263158	0.0921053
0.2	0.2	0.2	0.2	0.2
0.375887	0.453901	0.0070922	0.120567	0.0425532
0.473684	0.184211	0.0131579	0.289474	0.0394737
0.333333	0.0833333	0.0833333	0.333333	0.166667
0.413793	0.0172414	0.0172414	0.534483	0.0172414
0.651515	0.106061	0.0151515	0.212121	0.0151515
0.388889	0.361111	0.0694444	0.166667	0.0138889
0.338462	0.0615385	0.0307692	0.538462	0.0307692
0.614754	0.262295	0.00819672	0.0819672	0.0327869
0.285714	0.47619	0.142857	0.047619	0.047619
0.294118	0.0588235	0.0588235	0.176471	0.411765
0.25	0.407895	0.0657895	0.223684	0.0526316
0.236842	0.0789474	0.105263	0.0263158	0.552632
0.52	0.04	0.04	0.32	0.08
0.560606	0.140152	0.0378788	0.030303	0.231061
0.125	0.78125	0.03125	0.03125	0.03125
0.164384	0.0821918	0.164384	0.0821918	0.506849
0.454545	0.272727	0.0606061	0.030303	0.181818
0.53125	0.03125	0.125	0.03125	0.28125
0.115385	0.0769231	0.615385	0.115385	0.0769231
0.121212	0.393939	0.212121	0.030303	0.242424
0.634921	0.126984	0.015873	0.206349	0.015873
0.307692	0.0769231	0.0769231	0.384615	0.153846
0.2	0.622222	0.0666667	0.0666667	0.0444444
0.567568	0.364865	0.027027	0.027027	0.0135135
0.0909091	0.454545	0.181818	0.0909091	0.181818
0.227273	0.227273	0.0454545	0.0454545	0.454545
0.2	0.2	0.1	0.3	0.2
0.651163	0.232558	0.0232558	0.0232558	0.0697674
0.294118	0.117647	0.235294	0.0588235	0.294118
0.550725	0.130435	0.0434783	0.202899	0.0724638
0.039779	0.0331492	0.827072	0.00662983	0.0933702
0.486486	0.0540541	0.135135	0.027027	0.297297
0.229167	0.666667	0.0208333	0.0208333	0.0625
0.588235	0.117647	0.0588235	0.117647	0.117647
0.0701754	0.0175439	0.105263	0.0877193	0.719298
0.409091	0.318182	0.0909091	0.0227273	0.159091
0.0784314	0.117647	0.0196078	0.0392157	0.745098
0.146667	0.0533333	0.04	0.0266667	0.733333
0.228571	0.0571429	0.2	0.0571429	0.457143
0.394942	0.122568	0.0544747	0.416342	0.0116732
0.588235	0.0588235	0.117647	0.0588235	0.176471
0.410256	0.307692	0.128205	0.025641	0.128205
0.2	0.2	0.2	0.2	0.2
0.2	0.2	0.2	0.2	0.2
0.424658	0.331507	0.0849315	0.153425	0.00547945
0.0104167	0.0833333	0.375	0.0104167	0.520833
0.529412	0.176471	0.117647	0.0588235	0.117647
0.0187713	0.00682594	0.0273038	0.940273	0.00682594
0.0967742	0.0322581	0.0967742	0.0322581	0.741935
0.16	0.0933333	0.0133333	0.0133333	0.72
0.377358	0.0188679	0.320755	0.0188679	0.264151
0.666667	0.0666667	0.0666667	0.0666667	0.133333
0.114754	0.0327869	0.180328	0.0163934	0.655738
0.25	0.125	0.25	0.25	0.125
0.243902	0.0731707	0.219512	0.121951	0.341463
0.162162	0.189189	0.0540541	0.027027	0.567568
0.391304	0.304348	0.0434783	0.173913	0.0869565
0.5	0.0555556	0.222222	0.0555556	0.166667
0.25	0.0357143	0.0714286	0.0357143	0.607143
0.397504	0.41533	0.0909091	0.0160428	0.0802139
0.320755	0.113208	0.45283	0.0377358	0.0754717
0.895833	0.0208333	0.0208333	0.0416667	0.0208333
0.631579	0.210526	0.0526316	0.0526316	0.0526316
0.2	0.2	0.2	0.2	0.2
0.393939	0.030303	0.030303	0.484848	0.0606061
0.590909	0.181818	0.0909091	0.0909091	0.0454545
0.294118	0.117647	0.176471	0.176471	0.235294
0.444444	0.111111	0.111111	0.222222	0.111111
0.233333	0.633333	0.0666667	0.0333333	0.0333333
0.253521	0.0985915	0.0140845	0.478873	0.15493
0.473684	0.0526316	0.0526316	0.0526316	0.368421
0.520833	0.0416667	0.104167	0.0416667	0.291667
0.507692	0.323077	0.123077	0.0307692	0.0153846
0.131105	0.125964	0.0411311	0.699229	0.00257069
0.238532	0.266055	0.33945	0.0458716	0.110092
0.478873	0.0704225	0.0985915	0.0140845	0.338028
0.25	0.05	0.25	0.05	0.4
0.0493827	0.0493827	0.0864198	0.0246914	0.790123
0.177419	0.193548	0.241935	0.016129	0.370968
0.401235	0.0802469	0.481481	0.0185185	0.0185185
0.418605	0.0465116	0.372093	0.0697674	0.0930233
0.314815	0.0555556	0.0555556	0.555556	0.0185185
0.155556	0.0888889	0.0666667	0.0222222	0.666667
0.166667	0.166667	0.166667	0.333333	0.166667
0.708333	0.0833333	0.0833333	0.0833333	0.0416667
0.631579	0.210526	0.0526316	0.0526316	0.0526316
0.278481	0.0886076	0.493671	0.0759494	0.0632911
0.2	0.2	0.2	0.2	0.2
0.2	0.2	0.2	0.2	0.2
0.363636	0.0454545	0.454545	0.0454545	0.0909091
0.27451	0.0784314	0.117647	0.0784314	0.45098
0.143927	0.151414	0.0524126	0.635607	0.0166389
0.545455	0.0909091	0.0909091	0.0909091	0.181818
0.0526316	0.0526316	0.0526316	0.105263	0.736842
0.3	0.0666667	0.166667	0.0333333	0.433333
0.0869565	0.0434783	0.391304	0.0434783	0.434783
0.211538	0.0673077	0.105769	0.25	0.365385
0.2	0.2	0.2	0.2	0.2
0.111111	0.0277778	0.166667	0.0555556	0.638889
0.871212	0.030303	0.030303	0.00757576	0.0606061
0.409091	0.0454545	0.030303	0.30303	0.212121
0.294118	0.0392157	0.0392157	0.0196078	0.607843
0.5	0.15	0.1	0.2	0.05
0.0612245	0.755102	0.0204082	0.0612245	0.102041
0.483333	0.433333	0.0166667	0.05	0.0166667
0.604651	0.0465116	0.232558	0.0232558	0.0930233
0.5	0.125	0.125	0.125	0.125
0.166667	0.166667	0.222222	0.0555556	0.388889
0.388889	0.222222	0.0555556	0.111111	0.222222
0.232558	0.27907	0.27907	0.0930233	0.116279
0.518868	0.0157233	0.00943396	0.415094	0.0408805
0.388889	0.0555556	0.111111	0.0555556	0.388889
0.285714	0.142857	0.142857	0.142857	0.285714
0.107143	0.0357143	0.107143	0.321429	0.428571
0.24	0.04	0.48	0.08	0.16
0.158672	0.140221	0.0479705	0.627306	0.0258303
0.912281	0.0175439	0.0175439	0.0350877	0.0175439
0.434783	0.0434783	0.130435	0.347826	0.0434783
0.185185	0.0555556	0.296296	0.0740741	0.388889
0.333333	0.0555556	0.222222	0.111111	0.277778
0.163265	0.55102	0.122449	0.0816327	0.0816327
0.897436	0.0384615	0.0128205	0.025641	0.025641
0.222222	0.25	0.194444	0.0833333	0.25
0.2	0.2	0.2	0.2	0.2
0.2	0.2	0.2	0.2	0.2
0.548387	0.0322581	0.16129	0.0967742	0.16129
0.285714	0.142857	0.142857	0.142857	0.285714
0.133333	0.266667	0.433333	0.0333333	0.133333
0.0491803	0.546448	0.0601093	0.326047	0.0182149
0.470588	0.294118	0.0588235	0.117647	0.0588235
0.440678	0.446328	0.0169492	0.039548	0.0564972
0.142857	0.119048	0.047619	0.119048	0.571429
0.219512	0.0650407	0.195122	0.0162602	0.504065
0.375	0.0714286	0.142857	0.0535714	0.357143
0.405405	0.216216	0.027027	0.0540541	0.297297
0.623762	0.19802	0.0891089	0.019802	0.0693069
0.294118	0.117647	0.235294	0.235294	0.117647
0.243094	0.121547	0.38674	0.20442	0.0441989
0.266667	0.133333	0.0333333	0.2	0.366667
0.222222	0.277778	0.166667	0.0555556	0.277778
0.214286	0.119048	0.547619	0.0952381	0.0238095
0.142857	0.75	0.0357143	0.0357143	0.0357143
0.222222	0.0555556	0.0555556	0.0277778	0.638889
0.2	0.2	0.2	0.2	0.2
0.2	0.2	0.2	0.2	0.2
0.386667	0.0933333	0.24	0.0266667	0.253333
0.626016	0.138211	0.0813008	0.0406504	0.113821
0.166667	0.166667	0.166667	0.166667	0.333333
0.25	0.15	0.2	0.35	0.05
0.836957	0.0543478	0.0434783	0.0217391	0.0434783
0.414286	0.328571	0.0714286	0.171429	0.0142857
0.163462	0.0480769	0.673077	0.0384615	0.0769231
0.35503	0.112426	0.112426	0.130178	0.289941
0.333333	0.119048	0.0238095	0.0238095	0.5
0.28	0.16	0.08	0.08	0.4
0.0545455	0.0545455	0.0727273	0.0363636	0.781818
0.142857	0.142857	0.285714	0.285714	0.142857
0.481481	0.185185	0.037037	0.037037	0.259259
0.338983	0.152542	0.322034	0.101695	0.0847458
0.491803	0.0491803	0.377049	0.0163934	0.0655738
0.153846	0.230769	0.0576923	0.538462	0.0192308
0.738095	0.047619	0.0714286	0.0238095	0.119048
0.384615	0.0769231	0.153846	0.307692	0.0769231
0.107692	0.184615	0.430769	0.184615	0.0923077
0.25	0.3125	0.1875	0.0625	0.1875
0.292135	0.325843	0.157303	0.11236	0.11236
0.333333	0.111111	0.111111	0.222222	0.222222
0.166667	0.0416667	0.0416667	0.666667	0.0833333
0.333333	0.166667	0.166667	0.166667	0.166667
0.0163934	0.0983607	0.196721	0.0163934	0.672131
0.131367	0.33244	0.423592	0.0455764	0.0670241
0.466667	0.133333	0.266667	0.0666667	0.0666667
0.2	0.2	0.2	0.2	0.2
0.205128	0.102564	0.153846	0.025641	0.512821
0.0869565	0.434783	0.130435	0.173913	0.173913
0.225806	0.0483871	0.16129	0.0806452	0.483871
0.193548	0.0215054	0.0322581	0.655914	0.0967742
0.462838	0.0506757	0.398649	0.0337838	0.0540541
0.304348	0.173913	0.0869565	0.0434783	0.391304
0.313725	0.0196078	0.0588235	0.0588235	0.54902
0.266667	0.0666667	0.133333	0.0666667	0.466667
0.290909	0.163636	0.127273	0.4	0.0181818
0.563953	0.273256	0.145349	0.0116279	0.00581395
0.375	0.0416667	0.0416667	0.0833333	0.458333
0.606742	0.0898876	0.0674157	0.011236	0.224719
0.0561404	0.0245614	0.101754	0.0105263	0.807018
0.621622	0.0810811	0.0540541	0.135135	0.108108
0.272727	0.0909091	0.0363636	0.0181818	0.581818
0.169811	0.150943	0.113208	0.45283	0.113208
0.111111	0.222222	0.222222	0.222222	0.222222
0.199367	0.113924	0.0506329	0.632911	0.00316456
0.10507	0.0264511	0.831007	0.0191036	0.0183688
0.0909091	0.0909091	0.0909091	0.636364	0.0909091
0.685714	0.114286	0.0571429	0.0857143	0.0571429
0.518519	0.398148	0.0185185	0.0185185	0.0462963
0.190476	0.047619	0.047619	0.0952381	0.619048
0.333333	0.037037	0.185185	0.037037	0.407407
0.285714	0.190476	0.380952	0.047619	0.0952381
0.375	0.03125	0.25	0.125	0.21875
0.0384615	0.115385	0.653846	0.0769231	0.115385
0.2	0.2	0.2	0.2	0.2
0.5	0.0384615	0.0769231	0.269231	0.115385
0.454545	0.0909091	0.0909091	0.0909091	0.272727
0.0957447	0.0531915	0.0106383	0.797872	0.0425532
0.076087	0.184783	0.684783	0.0108696	0.0434783
0.115385	0.230769	0.269231	0.115385	0.269231
0.53125	0.09375	0.09375	0.015625	0.265625
0.313725	0.0784314	0.0196078	0.568627	0.0196078
0.153846	0.307692	0.0769231	0.153846	0.307692
0.25	0.0277778	0.333333	0.0277778	0.361111
0.308458	0.328358	0.0199005	0.328358	0.0149254
0.333333	0.0666667	0.0666667	0.0666667	0.466667
0.470588	0.176471	0.0882353	0.0294118	0.235294
0.47619	0.047619	0.0952381	0.285714	0.0952381
0.113636	0.386364	0.136364	0.340909	0.0227273
0.486486	0.135135	0.108108	0.135135	0.135135
0.3	0.3	0.2	0.1	0.1
0.717949	0.025641	0.025641	0.128205	0.102564
0.166667	0.0416667	0.333333	0.416667	0.0416667
0.352941	0.0588235	0.0588235	0.0588235	0.470588
0.571429	0.285714	0.0857143	0.0285714	0.0285714
0.557377	0.0983607	0.0655738	0.245902	0.0327869
0.6	0.12	0.16	0.08	0.04
0.766667	0.0666667	0.0333333	0.0333333	0.1
0.357143	0.0714286	0.142857	0.285714	0.142857
0.047619	0.047619	0.047619	0.666667	0.190476
0.444444	0.111111	0.222222	0.111111	0.111111
0.714286	0.0357143	0.0357143	0.142857	0.0714286
0.196721	0.327869	0.0819672	0.360656	0.0327869
0.125	0.125	0.125	0.125	0.5
0.333333	0.166667	0.166667	0.166667	0.166667
0.263158	0.0350877	0.0350877	0.0175439	0.649123
0.344828	0.0172414	0.327586	0.12069	0.189655
0.478261	0.130435	0.0434783	0.0434783	0.304348
0.0833333	0.0833333	0.0833333	0.166667	0.583333
0.510204	0.367347	0.0204082	0.0204082	0.0816327
0.278409	0.0681818	0.0397727	0.00568182	0.607955
0.682927	0.0365854	0.134146	0.0609756	0.0853659
0.75	0.0416667	0.125	0.0416667	0.0416667
0.44	0.08	0.12	0.24	0.12
0.230769	0.0769231	0.153846	0.461538	0.0769231
0.125	0.5	0.125	0.125	0.125
0.214286	0.0714286	0.047619	0.047619	0.619048
0.485507	0.0652174	0.0434783	0.362319	0.0434783
0.452381	0.380952	0.0238095	0.119048	0.0238095
0.428571	0.0714286	0.357143	0.0714286	0.0714286
0.3	0.3	0.1	0.1	0.2
0.0701754	0.0877193	0.157895	0.0350877	0.649123
0.335766	0.423358	0.182482	0.0145985	0.0437956
0.25	0.05	0.05	0.6	0.05
0.166667	0.047619	0.547619	0.190476	0.047619
0.3125	0.0625	0.0625	0.375	0.1875
0.296296	0.0740741	0.037037	0.555556	0.037037
0.214286	0.214286	0.0714286	0.0714286	0.428571
0.512	0.096	0.112	0.064	0.216
0.28125	0.09375	0.0625	0.3125	0.25
0.2	0.1	0.05	0.05	0.6
0.291667	0.125	0.333333	0.166667	0.0833333
0.230769	0.0384615	0.0384615	0.0384615	0.653846
0.302326	0.0697674	0.0813953	0.0232558	0.523256
0.578947	0.0526316	0.105263	0.105263	0.157895
0.5	0.1	0.1	0.1	0.2
0.291667	0.0833333	0.25	0.0208333	0.354167
0.304348	0.521739	0.0434783	0.0434783	0.0869565
0.227273	0.0454545	0.454545	0.0454545	0.227273
0.0952381	0.142857	0.142857	0.0952381	0.52381
0.461538	0.153846	0.0769231	0.0769231	0.230769
0.380952	0.047619	0.190476	0.309524	0.0714286
0.2	0.2	0.2	0.2	0.2
0.352941	0.0882353	0.147059	0.0588235	0.352941
0.268293	0.426829	0.109756	0.170732	0.0243902
0.444444	0.111111	0.222222	0.0555556	0.166667
0.294118	0.588235	0.0294118	0.0588235	0.0294118
0.1	0.4	0.2	0.2	0.1
0.0526316	0.157895	0.210526	0.157895	0.421053
0.433333	0.293333	0.0266667	0.226667	0.02
0.371429	0.0571429	0.114286	0.314286	0.142857
0.5	0.235294	0.0588235	0.117647	0.0882353
0.323077	0.138462	0.107692	0.338462	0.0923077
0.21875	0.0625	0.21875	0.03125	0.46875
0.272727	0.0909091	0.0909091	0.454545	0.0909091
0.105263	0.0526316	0.0526316	0.0526316	0.736842
0.883495	0.0679612	0.00970874	0.0145631	0.0242718
0.0167364	0.0041841	0.0041841	0.941423	0.0334728
0.689655	0.0689655	0.172414	0.0344828	0.0344828
0.25	0.3125	0.3125	0.0625	0.0625
0.375	0.15625	0.0625	0.03125	0.375
0.324503	0.125828	0.245033	0.0596026	0.245033
0.470588	0.176471	0.117647	0.176471	0.0588235
0.5	0.125	0.125	0.125	0.125
0.227273	0.181818	0.454545	0.0454545	0.0909091
0.5	0.0833333	0.0833333	0.25	0.0833333
0.458333	0.333333	0.0833333	0.0833333	0.0416667
0.047619	0.142857	0.0952381	0.0952381	0.619048
0.192308	0.153846	0.115385	0.0384615	0.5
0.261905	0.0238095	0.190476	0.0714286	0.452381
0.288889	0.0666667	0.0444444	0.0888889	0.511111
0.383562	0.410959	0.0684932	0.109589	0.0273973
0.384615	0.025641	0.0769231	0.025641	0.487179
0.294118	0.0882353	0.352941	0.0294118	0.235294
0.6	0.0909091	0.127273	0.0909091	0.0909091
0.40625	0.09375	0.1875	0.25	0.0625
0.0909091	0.454545	0.181818	0.181818	0.0909091
0.36	0.12	0.02	0.46	0.04
0.1875	0.125	0.0625	0.5625	0.0625
0.515152	0.181818	0.151515	0.121212	0.030303
0.456897	0.106322	0.0287356	0.402299	0.00574713
0.170213	0.0425532	0.0425532	0.0425532	0.702128
0.294118	0.441176	0.0588235	0.0882353	0.117647
0.333333	0.0714286	0.18254	0.00793651	0.404762
0.222222	0.111111	0.111111	0.111111	0.444444
0.25	0.454545	0.227273	0.0227273	0.0454545
0.25	0.03125	0.65625	0.03125	0.03125
0.2	0.25	0.25	0.05	0.25
0.35	0.166667	0.0333333	0.0333333	0.416667
0.444444	0.0277778	0.0277778	0.416667	0.0833333
0.0153846	0.184615	0.646154	0.0153846	0.138462
0.461538	0.0769231	0.0384615	0.346154	0.0769231
0.481481	0.222222	0.037037	0.111111	0.148148
0.326923	0.230769	0.288462	0.0769231	0.0769231
0.411765	0.0588235	0.0588235	0.117647	0.352941
0.444444	0.166667	0.111111	0.222222	0.0555556
0.353846	0.0307692	0.215385	0.0769231	0.323077
0.081761	0.125786	0.0503145	0.704403	0.0377358
0.37013	0.0194805	0.0454545	0.00649351	0.558442
0.272727	0.545455	0.0454545	0.0909091	0.0454545
0.270504	0.166906	0.0719424	0.473381	0.0172662
0.430108	0.11828	0.0107527	0.408602	0.0322581
0.877076	0.076412	0.0199336	0.0166113	0.00996678
0.320611	0.147583	0.0101781	0.519084	0.00254453
0.0366435	0.824844	0.0769513	0.0201539	0.0414071
0.628571	0.0571429	0.0571429	0.142857	0.114286
0.190476	0.47619	0.047619	0.047619	0.238095
0.538462	0.025641	0.333333	0.025641	0.0769231
0.133523	0.0568182	0.71875	0.0255682	0.0653409
0.235294	0.0980392	0.0392157	0.0392157	0.588235
0.354167	0.0833333	0.104167	0.104167	0.354167
0.4	0.0666667	0.133333	0.133333	0.266667
0.444444	0.111111	0.222222	0.111111	0.111111
0.393939	0.0909091	0.0606061	0.151515	0.30303
0.166667	0.222222	0.0277778	0.0833333	0.5
0.56	0.04	0.04	0.12	0.24
0.458333	0.0833333	0.0416667	0.395833	0.0208333
0.466667	0.1	0.0333333	0.366667	0.0333333
0.650794	0.047619	0.0952381	0.174603	0.031746
0.459459	0.432432	0.0135135	0.0135135	0.0810811
0.135135	0.783784	0.027027	0.0405405	0.0135135
0.627119	0.0338983	0.101695	0.135593	0.101695
0.139151	0.106132	0.0353774	0.705189	0.0141509
0.333333	0.52381	0.047619	0.047619	0.047619
0.863741	0.0277136	0.00692841	0.0484988	0.0531178
0.0789474	0.0526316	0.289474	0.0789474	0.5
0.4	0.1	0.2	0.1	0.2
0.37037	0.0740741	0.185185	0.037037	0.333333
0.590909	0.323232	0.00505051	0.030303	0.0505051
0.666667	0.0769231	0.025641	0.153846	0.0769231
0.4	0.1	0.1	0.3	0.1
0.295775	0.15493	0.112676	0.0140845	0.422535
0.227273	0.0227273	0.0454545	0.0454545	0.659091
0.213333	0.0355556	0.137778	0.00888889	0.604444
0.774194	0.0322581	0.0967742	0.0645161	0.0322581
0.28	0.306667	0.146667	0.0933333	0.173333
0.291667	0.0416667	0.0416667	0.5	0.125
0.72	0.08	0.12	0.04	0.04
0.333333	0.111111	0.037037	0.444444	0.0740741
0.217391	0.130435	0.130435	0.0217391	0.5
0.694444	0.0833333	0.0277778	0.0833333	0.111111
0.54902	0.137255	0.117647	0.0392157	0.156863
0.411765	0.117647	0.235294	0.176471	0.0588235
0.830769	0.0615385	0.0153846	0.0615385	0.0307692
0.0344828	0.0344828	0.0689655	0.0344828	0.827586
0.290323	0.225806	0.258065	0.129032	0.0967742
0.357143	0.214286	0.214286	0.142857	0.0714286
0.531056	0.00931677	0.0279503	0.42236	0.00931677
0.347826	0.282609	0.173913	0.152174	0.0434783
0.111111	0.166667	0.166667	0.333333	0.222222
0.584615	0.117949	0.0153846	0.261538	0.0205128
0.333333	0.15	0.1	0.266667	0.15
0.481928	0.144578	0.0120482	0.0120482	0.349398
0.315789	0.263158	0.0526316	0.105263	0.263158
0.320755	0.0377358	0.132075	0.0754717	0.433962
0.152174	0.25	0.0434783	0.119565	0.434783
0.25	0.125	0.125	0.125	0.375
0.608696	0.173913	0.0434783	0.130435	0.0434783
0.216216	0.324324	0.243243	0.027027	0.189189
0.0909091	0.0454545	0.0454545	0.0909091	0.727273
0.166667	0.166667	0.5	0.0833333	0.0833333
0.692308	0.0769231	0.0769231	0.0769231	0.0769231
0.362319	0.144928	0.0434783	0.057971	0.391304
0.238806	0.208955	0.0298507	0.477612	0.0447761
0.115385	0.192308	0.0769231	0.0384615	0.576923
0.647059	0.176471	0.0588235	0.0588235	0.0588235
0.047619	0.0952381	0.047619	0.047619	0.761905
0.0338983	0.0677966	0.254237	0.101695	0.542373
0.525346	0.119816	0.175115	0.0184332	0.16129
0.513514	0.189189	0.162162	0.0810811	0.0540541
0.25	0.05	0.05	0.05	0.6
0.142857	0.142857	0.380952	0.047619	0.285714
0.27451	0.0392157	0.0784314	0.0196078	0.588235
0.75	0.0625	0.0625	0.09375	0.03125
0.381098	0.158537	0.0182927	0.420732	0.0213415
0.238095	0.047619	0.238095	0.047619	0.428571
0.572917	0.197917	0.0833333	0.0833333	0.0625
0.0344828	0.103448	0.172414	0.0344828	0.655172
0.0979021	0.0629371	0.0699301	0.034965	0.734266
0.238095	0.0952381	0.047619	0.52381	0.0952381
0.288889	0.577778	0.0666667	0.0222222	0.0444444
0.190476	0.0714286	0.630952	0.0119048	0.0952381
0.652174	0.108696	0.108696	0.0434783	0.0869565
0.764706	0.0980392	0.0392157	0.0588235	0.0392157
0.431373	0.0980392	0.333333	0.0196078	0.117647
0.732143	0.0625	0.0625	0.0892857	0.0535714
0.433962	0.301887	0.0566038	0.0754717	0.132075
0.441176	0.117647	0.352941	0.0588235	0.0294118
0.142857	0.142857	0.285714	0.0714286	0.357143
0.433333	0.0166667	0.0166667	0.433333	0.1
0.345455	0.127273	0.327273	0.145455	0.0545455
0.148148	0.037037	0.0740741	0.111111	0.62963
0.376812	0.333333	0.0144928	0.231884	0.0434783
0.166667	0.166667	0.166667	0.166667	0.333333
0.470588	0.0294118	0.0294118	0.382353	0.0882353
0.444444	0.0555556	0.111111	0.0555556	0.333333
0.142857	0.285714	0.142857	0.142857	0.285714
0.179487	0.230769	0.153846	0.410256	0.025641
0.642857	0.107143	0.142857	0.0357143	0.0714286
0.217391	0.0434783	0.0869565	0.0434783	0.608696
0.0169492	0.220339	0.305085	0.0677966	0.389831
0.477778	0.133333	0.0444444	0.311111	0.0333333
0.380952	0.0952381	0.0634921	0.428571	0.031746
0.377049	0.508197	0.0163934	0.0491803	0.0491803
0.394737	0.0263158	0.342105	0.0789474	0.157895
0.185185	0.185185	0.0740741	0.0740741	0.481481
0.486239	0.0183486	0.0733945	0.0458716	0.376147
0.7	0.142105	0.0315789	0.0684211	0.0578947
0.345679	0.0246914	0.0987654	0.0123457	0.518519
0.411765	0.0588235	0.0588235	0.411765	0.0588235
0.1	0.133333	0.333333	0.0666667	0.366667
0.117647	0.117647	0.0588235	0.0588235	0.647059
0.5	0.0909091	0.113636	0.0227273	0.272727
0.375	0.125	0.125	0.25	0.125
0.52381	0.047619	0.238095	0.047619	0.142857
0.731544	0.14094	0.0268456	0.0469799	0.0536913
0.166667	0.0833333	0.25	0.25	0.25
0.532258	0.0967742	0.0322581	0.322581	0.016129
0.19697	0.0909091	0.19697	0.0757576	0.439394
0.387755	0.0612245	0.367347	0.102041	0.0816327
0.425	0.075	0.225	0.2	0.075
0.493821	0.0453141	0.0324408	0.422245	0.0061792
0.636364	0.0909091	0.0909091	0.0909091	0.0909091
0.434783	0.108696	0.0217391	0.413043	0.0217391
0.0743802	0.0743802	0.206612	0.198347	0.446281
0.166071	0.0464286	0.0303571	0.751786	0.00535714
0.5	0.0833333	0.166667	0.0833333	0.166667
0.457143	0.0571429	0.257143	0.0285714	0.2
0.255172	0.131034	0.475862	0.0482759	0.0896552
0.222222	0.0555556	0.5	0.166667	0.0555556
0.318182	0.272727	0.136364	0.0909091	0.181818
0.241935	0.556452	0.0806452	0.0241935	0.0967742
0.409091	0.136364	0.0454545	0.0454545	0.363636
0.113636	0.0909091	0.522727	0.0227273	0.25
0.40625	0.08125	0.03125	0.05	0.43125
0.811927	0.0963303	0.0321101	0.0229358	0.0366972
0.196319	0.110429	0.0552147	0.588957	0.0490798
0.162162	0.108108	0.027027	0.108108	0.594595
0.310345	0.0344828	0.0344828	0.0689655	0.551724
0.0782123	0.173184	0.117318	0.592179	0.0391061
0.693878	0.0612245	0.0612245	0.102041	0.0816327
0.327434	0.0707965	0.079646	0.495575	0.0265487
0.09375	0.0625	0.15625	0.0625	0.625
0.296296	0.574074	0.037037	0.0740741	0.0185185
0.194175	0.0485437	0.0485437	0.679612	0.0291262
0.266667	0.0133333	0.04	0.653333	0.0266667
0.285714	0.0714286	0.214286	0.214286	0.214286
0.514286	0.142857	0.0285714	0.285714	0.0285714
0.363636	0.136364	0.318182	0.0454545	0.136364
0.6	0.04	0.04	0.12	0.2
0.214286	0.214286	0.142857	0.285714	0.142857
0.414966	0.0612245	0.00680272	0.0204082	0.496599
0.1875	0.5625	0.0625	0.0625	0.125
0.25	0.416667	0.194444	0.0555556	0.0833333
0.08	0.32	0.04	0.52	0.04
0.666667	0.0416667	0.166667	0.0416667	0.0833333
0.194444	0.305556	0.111111	0.166667	0.222222
0.142857	0.0714286	0.0714286	0.0714286	0.642857
0.0877193	0.0701754	0.587719	0.0175439	0.236842
0.133333	0.133333	0.2	0.133333	0.4
0.166667	0.0185185	0.518519	0.0185185	0.277778
0.383234	0.532934	0.0718563	0.00598802	0.00598802
0.744186	0.0930233	0.0155039	0.116279	0.0310078
0.580247	0.17284	0.185185	0.037037	0.0246914
0.583333	0.1	0.116667	0.183333	0.0166667
0.0641814	0.0370869	0.669293	0.0124904	0.216949
0.632653	0.0612245	0.204082	0.0408163	0.0612245
0.4	0.228571	0.0571429	0.114286	0.2
0.558559	0.135135	0.0630631	0.234234	0.00900901
0.5	0.314607	0.0393258	0.117978	0.0280899
0.229075	0.114537	0.475771	0.123348	0.0572687
0.763158	0.184211	0.0131579	0.0263158	0.0131579
0.380952	0.180952	0.0666667	0.0285714	0.342857
0.465347	0.257426	0.148515	0.0792079	0.049505
0.5	0.142857	0.214286	0.0714286	0.0714286
0.405405	0.108108	0.162162	0.0810811	0.243243
0.2	0.2	0.2	0.2	0.2
0.877841	0.0142045	0.0738636	0.0198864	0.0142045
0.448718	0.0512821	0.025641	0.025641	0.448718
0.137339	0.0171674	0.16309	0.0472103	0.635193
0.304348	0.26087	0.0869565	0.0434783	0.304348
0.0701754	0.0701754	0.210526	0.0175439	0.631579
0.516014	0.0462633	0.259786	0.128114	0.0498221
0.321429	0.142857	0.107143	0.178571	0.25
0.206897	0.0689655	0.091954	0.597701	0.0344828
0.123457	0.333333	0.17284	0.0493827	0.320988
0.2	0.2	0.2	0.2	0.2
0.757576	0.121212	0.0606061	0.030303	0.030303
0.173502	0.0851735	0.599369	0.0283912	0.113565
0.444444	0.493827	0.0246914	0.0123457	0.0246914
0.216216	0.405405	0.243243	0.0810811	0.0540541
0.138889	0.0277778	0.194444	0.0555556	0.583333
0.8125	0.075	0.05	0.05	0.0125
0.0952381	0.047619	0.047619	0.047619	0.761905
0.5	0.1	0.1	0.2	0.1
0.0555556	0.611111	0.0555556	0.0555556	0.222222
0.567568	0.216216	0.0810811	0.108108	0.027027
0.384615	0.487179	0.0769231	0.025641	0.025641
0.516854	0.106742	0.0224719	0.258427	0.0955056
0.0486542	0.0455487	0.89234	0.0124224	0.0010352
0.829384	0.014218	0.0616114	0.00473934	0.0900474
0.25	0.0416667	0.125	0.0416667	0.541667
0.130841	0.224299	0.121495	0.0841121	0.439252
0.466667	0.2	0.2	0.0666667	0.0666667
0.827586	0.0344828	0.0344828	0.0689655	0.0344828
0.47619	0.047619	0.380952	0.047619	0.047619
0.541667	0.125	0.0416667	0.25	0.0416667
0.493827	0.271605	0.111111	0.111111	0.0123457
0.310345	0.0344828	0.0344828	0.551724	0.0689655
0.636364	0.0909091	0.0909091	0.0909091	0.0909091
0.0694444	0.0694444	0.125	0.0277778	0.708333
0.685714	0.0857143	0.142857	0.0571429	0.0285714
0.0714286	0.571429	0.0357143	0.285714	0.0357143
0.145455	0.109091	0.6	0.0181818	0.127273
0.75	0.125	0.0416667	0.0416667	0.0416667
0.865079	0.0714286	0.031746	0.015873	0.015873
0.0128205	0.24359	0.679487	0.0128205	0.0512821
0.21978	0.010989	0.417582	0.043956	0.307692
0.225225	0.00900901	0.225225	0.027027	0.513514
0.146341	0.134146	0.560976	0.0365854	0.121951
0.222222	0.0694444	0.0694444	0.611111	0.0277778
0.285714	0.0793651	0.460317	0.0634921	0.111111
0.0986193	0.510848	0.299803	0.0157791	0.0749507
0.111111	0.111111	0.0555556	0.666667	0.0555556
0.424658	0.0547945	0.0684932	0.383562	0.0684932
0.0294118	0.0294118	0.0588235	0.0294118	0.852941
0.178571	0.0119048	0.72619	0.0714286	0.0119048
0.384615	0.0769231	0.0769231	0.0769231	0.384615
0.532258	0.0645161	0.354839	0.016129	0.0322581
0.181818	0.181818	0.0909091	0.181818	0.363636
0.225	0.05	0.175	0.05	0.5
0.2	0.2	0.2	0.2	0.2
0.294118	0.517647	0.0588235	0.0352941	0.0941176
0.25	0.125	0.125	0.0833333	0.416667
0.531915	0.148936	0.0425532	0.255319	0.0212766
0.714286	0.0357143	0.0714286	0.0357143	0.142857
0.288462	0.0384615	0.115385	0.519231	0.0384615
0.333333	0.166667	0.166667	0.166667	0.166667
0.343284	0.522388	0.0298507	0.0746269	0.0298507
0.290323	0.129032	0.290323	0.129032	0.16129
0.653846	0.0384615	0.0769231	0.115385	0.115385
0.786885	0.131148	0.0327869	0.0327869	0.0163934
0.16	0.04	0.04	0.2	0.56
0.636364	0.0681818	0.0454545	0.181818	0.0681818
0.338983	0.0508475	0.0169492	0.525424	0.0677966
0.211538	0.211538	0.0961538	0.346154	0.134615
0.604167	0.0208333	0.0208333	0.0208333	0.333333
0.235294	0.0294118	0.0882353	0.0588235	0.588235
0.222222	0.0444444	0.2	0.0666667	0.466667
0.142857	0.0714286	0.0714286	0.0714286	0.642857
0.545455	0.145455	0.0363636	0.236364	0.0363636
0.547619	0.119048	0.119048	0.119048	0.0952381
0.2	0.2	0.2	0.2	0.2
0.310345	0.0172414	0.482759	0.137931	0.0517241
0.338028	0.0985915	0.0985915	0.028169	0.43662
0.789474	0.0701754	0.0877193	0.0350877	0.0175439
0.341463	0.0406504	0.0569106	0.520325	0.0406504
0.615385	0.115385	0.134615	0.115385	0.0192308
0.470588	0.0588235	0.117647	0.0588235	0.294118
0.131579	0.1	0.115789	0.0578947	0.594737
0.685714	0.0285714	0.0285714	0.0857143	0.171429
0.448276	0.0689655	0.103448	0.137931	0.241379
0.363636	0.0852273	0.0511364	0.482955	0.0170455
0.164179	0.0895522	0.19403	0.0149254	0.537313
0.333333	0.133333	0.2	0.0666667	0.266667
0.521739	0.130435	0.130435	0.0434783	0.173913
0.283636	0.0472727	0.0254545	0.581818	0.0618182
0.486486	0.162162	0.0630631	0.279279	0.00900901
0.31068	0.0631068	0.504854	0.038835	0.0825243
0.0454545	0.0454545	0.181818	0.0454545	0.681818
0.2	0.2	0.2	0.2	0.2
0.327586	0.37931	0.0862069	0.155172	0.0517241
0.333333	0.521739	0.0434783	0.0652174	0.0362319
0.184211	0.157895	0.0263158	0.0526316	0.578947
0.277108	0.289157	0.0963855	0.192771	0.144578
0.376812	0.188406	0.0434783	0.347826	0.0434783
0.676471	0.0882353	0.147059	0.0294118	0.0588235
0.281451	0.0946083	0.166158	0.0481519	0.40963
0.416667	0.0833333	0.0277778	0.0555556	0.416667
0.0635838	0.0867052	0.0520231	0.786127	0.0115607
0.833333	0.0277778	0.0555556	0.0555556	0.0277778
0.444444	0.259259	0.111111	0.037037	0.148148
0.5	0.0806452	0.241935	0.0483871	0.129032
0.416667	0.21875	0.28125	0.03125	0.0520833
0.147059	0.235294	0.117647	0.0294118	0.470588
0.325	0.05	0.075	0.5	0.05
0.45	0.2	0.05	0.05	0.25
0.233333	0.2	0.266667	0.0333333	0.266667
0.0484878	0.0364858	0.848296	0.00960154	0.0571291
0.329268	0.329268	0.292683	0.0243902	0.0243902
0.815789	0.0131579	0.0657895	0.0888158	0.0164474
0.166667	0.0833333	0.0833333	0.166667	0.5
0.277778	0.138889	0.194444	0.0277778	0.361111
0.266667	0.266667	0.133333	0.0666667	0.266667
0.245791	0.390572	0.181818	0.148148	0.03367
0.2	0.169231	0.276923	0.0923077	0.261538
0.25	0.0833333	0.0833333	0.166667	0.416667
0.545455	0.272727	0.0606061	0.0606061	0.0606061
0.278626	0.0572519	0.0114504	0.618321	0.0343511
0.223684	0.578947	0.0263158	0.118421	0.0526316
0.488889	0.266667	0.0222222	0.0444444	0.177778
0.232323	0.010101	0.0757576	0.00505051	0.676768
0.333333	0.111111	0.111111	0.111111	0.333333
0.274194	0.145161	0.016129	0.548387	0.016129
0.266667	0.0666667	0.0666667	0.133333	0.466667
0.448276	0.103448	0.0344828	0.0689655	0.344828
0.148148	0.037037	0.0123457	0.790123	0.0123457
0.388235	0.152941	0.141176	0.0117647	0.305882
0.2	0.05	0.3	0.05	0.4
0.348993	0.483221	0.107383	0.0469799	0.0134228
0.281768	0.143646	0.0276243	0.530387	0.0165746
0.555556	0.111111	0.111111	0.111111	0.111111
0.27027	0.0540541	0.216216	0.027027	0.432432
0.086351	0.0464253	0.778087	0.0222841	0.0668524
0.3125	0.1875	0.0625	0.125	0.3125
0.441176	0.117647	0.0588235	0.0588235	0.323529
0.173913	0.0434783	0.0869565	0.652174	0.0434783
0.24	0.08	0.24	0.08	0.36
0.35	0.15	0.0833333	0.05	0.366667
0.166667	0.166667	0.222222	0.222222	0.222222
0.375	0.0833333	0.0416667	0.333333	0.166667
0.4	0.2	0.0888889	0.0666667	0.244444
0.357143	0.0714286	0.142857	0.142857	0.285714
0.0337423	0.107362	0.736196	0.0613497	0.0613497
0.633333	0.1	0.1	0.1	0.0666667
0.605634	0.0140845	0.056338	0.239437	0.084507
0.333333	0.166667	0.166667	0.0833333	0.25
0.464789	0.0985915	0.0422535	0.380282	0.0140845
0.255814	0.0697674	0.0697674	0.0232558	0.581395
0.319035	0.0723861	0.0857909	0.517426	0.00536193
0.277778	0.62963	0.037037	0.0185185	0.037037
0.488889	0.111111	0.288889	0.0222222	0.0888889
0.333333	0.173913	0.405797	0.0724638	0.0144928
0.315789	0.0175439	0.508772	0.140351	0.0175439
0.346939	0.163265	0.0408163	0.346939	0.102041
0.1	0.3	0.2	0.3	0.1
0.387097	0.387097	0.16129	0.0322581	0.0322581
0.3125	0.583333	0.0416667	0.0208333	0.0416667
0.117647	0.0588235	0.411765	0.0588235	0.352941
0.681818	0.0909091	0.0454545	0.136364	0.0454545
0.712121	0.0454545	0.166667	0.0151515	0.0606061
0.161616	0.676768	0.121212	0.010101	0.030303
0.6	0.109091	0.0181818	0.0363636	0.236364
0.206897	0.62069	0.103448	0.0344828	0.0344828
0.271676	0.49711	0.208092	0.017341	0.00578035
0.526316	0.105263	0.0526316	0.210526	0.105263
0.541667	0.125	0.125	0.125	0.0833333
0.384615	0.230769	0.0769231	0.205128	0.102564
0.461538	0.0384615	0.115385	0.346154	0.0384615
0.2	0.333333	0.333333	0.0666667	0.0666667
0.37037	0.185185	0.148148	0.0740741	0.222222
0.315789	0.105263	0.105263	0.105263	0.368421
0.301994	0.014245	0.00569801	0.663818	0.014245
0.4	0.2	0.0666667	0.0166667	0.316667
0.142857	0.142857	0.142857	0.428571	0.142857
0.181818	0.0909091	0.0454545	0.5	0.181818
0.832	0.104	0.024	0.024	0.016
0.25	0.277778	0.25	0.138889	0.0833333
0.17757	0.663551	0.0373832	0.00934579	0.11215
0.315789	0.210526	0.0526316	0.368421	0.0526316
0.219178	0.0410959	0.0547945	0.0273973	0.657534
0.132075	0.0377358	0.0566038	0.0377358	0.735849
0.493827	0.333333	0.0493827	0.0493827	0.0740741
0.142857	0.142857	0.142857	0.142857	0.428571
0.815261	0.0522088	0.0803213	0.0321285	0.0200803
0.45614	0.0438596	0.0175439	0.45614	0.0263158
0.34375	0.145833	0.0729167	0.333333	0.104167
0.47619	0.0714286	0.357143	0.0238095	0.0714286
0.33711	0.592068	0.0446176	0.0205382	0.00566572
0.0810811	0.0540541	0.378378	0.0810811	0.405405
0.612903	0.129032	0.0322581	0.0645161	0.16129
0.146497	0.127389	0.55414	0.0700637	0.101911
0.754386	0.0175439	0.0175439	0.192982	0.0175439
0.0909091	0.0454545	0.181818	0.0454545	0.636364
0.145161	0.193548	0.532258	0.0806452	0.0483871
0.52381	0.0634921	0.0634921	0.047619	0.301587
0.409091	0.0454545	0.0454545	0.136364	0.363636
0.552632	0.157895	0.131579	0.0263158	0.131579
0.460993	0.22695	0.0567376	0.0638298	0.191489
0.216216	0.027027	0.027027	0.0540541	0.675676
0.259259	0.148148	0.037037	0.037037	0.518519
0.627907	0.116279	0.0232558	0.139535	0.0930233
0.0719577	0.021164	0.178836	0.0010582	0.726984
0.25	0.5	0.15	0.05	0.05
0.571429	0.25	0.0714286	0.0714286	0.0357143
0.25	0.0357143	0.285714	0.0357143	0.392857
0.222222	0.111111	0.111111	0.111111	0.444444
0.3125	0.0625	0.125	0.4375	0.0625
0.823529	0.102941	0.0294118	0.0147059	0.0294118
0.87037	0.0185185	0.037037	0.0555556	0.0185185
0.454545	0.146853	0.125874	0.0909091	0.181818
0.507576	0.318182	0.0530303	0.0378788	0.0833333
0.125	0.1875	0.4875	0.0875	0.1125
0.567273	0.101818	0.0472727	0.269091	0.0145455
0.710145	0.057971	0.0869565	0.0869565	0.057971
0.0512821	0.179487	0.153846	0.025641	0.589744
0.0405405	0.027027	0.0945946	0.0405405	0.797297
0.466667	0.4	0.0222222	0.0222222	0.0888889
0.366972	0.0703364	0.030581	0.519878	0.0122324
0.0588235	0.541176	0.282353	0.0117647	0.105882
0.20977	0.135057	0.614943	0.0114943	0.0287356
0.710145	0.115942	0.115942	0.0289855	0.0289855
0.375	0.196429	0.0178571	0.0178571	0.392857
0.371429	0.371429	0.0285714	0.2	0.0285714
0.259259	0.037037	0.185185	0.444444	0.0740741
0.880734	0.00917431	0.0733945	0.0275229	0.00917431
0.546185	0.373494	0.0441767	0.0321285	0.00401606
0.407407	0.111111	0.222222	0.0740741	0.185185
0.321429	0.428571	0.107143	0.0357143	0.107143
0.731707	0.0487805	0.097561	0.097561	0.0243902
0.133333	0.333333	0.0333333	0.133333	0.366667
0.571429	0.142857	0.171429	0.0571429	0.0571429
0.163636	0.75	0.0454545	0.0136364	0.0272727
0.114754	0.0491803	0.147541	0.0327869	0.655738
0.73913	0.0869565	0.0869565	0.0434783	0.0434783
0.362745	0.186275	0.186275	0.0784314	0.186275
0.391304	0.0434783	0.0434783	0.478261	0.0434783
0.102564	0.589744	0.128205	0.0769231	0.102564
0.16	0.22	0.5	0.04	0.08
0.454545	0.0909091	0.0909091	0.0909091	0.272727
0.163636	0.681818	0.0545455	0.0363636	0.0636364
0.225806	0.16129	0.387097	0.0967742	0.129032
0.381818	0.454545	0.0181818	0.0181818	0.127273
0.214286	0.357143	0.0714286	0.321429	0.0357143
0.311688	0.038961	0.0519481	0.038961	0.558442
0.444444	0.00854701	0.042735	0.452991	0.0512821
0.277108	0.0843373	0.0481928	0.0361446	0.554217
0.218182	0.218182	0.133333	0.387879	0.0424242
0.147541	0.147541	0.0491803	0.557377	0.0983607
0.527778	0.194444	0.0277778	0.166667	0.0833333
0.3	0.25	0.25	0.15	0.05
0.0555556	0.0555556	0.222222	0.111111	0.555556
0.0585366	0.146341	0.741463	0.0195122	0.0341463
0.2	0.0888889	0.444444	0.111111	0.155556
0.887417	0.0463576	0.00662252	0.0463576	0.013245
0.1	0.157143	0.671429	0.0571429	0.0142857
0.373585	0.0226415	0.124528	0.0113208	0.467925
0.434783	0.15942	0.0724638	0.0289855	0.304348
0.714286	0.047619	0.0952381	0.047619	0.0952381
0.333333	0.272727	0.181818	0.030303	0.181818
0.192308	0.692308	0.0384615	0.0384615	0.0384615
0.321429	0.0357143	0.0892857	0.0535714	0.5
0.0555556	0.0740741	0.0555556	0.0185185	0.796296
0.480519	0.311688	0.181818	0.0194805	0.00649351
0.152174	0.152174	0.152174	0.0217391	0.521739
0.0909091	0.0454545	0.363636	0.0909091	0.409091
0.306122	0.204082	0.163265	0.0510204	0.27551
0.630769	0.184615	0.0923077	0.0769231	0.0153846
0.804878	0.0365854	0.0121951	0.097561	0.0487805
0.542857	0.0857143	0.0285714	0.0285714	0.314286
0.557447	0.187234	0.0851064	0.165957	0.00425532
0.419355	0.225806	0.0322581	0.0322581	0.290323
0.410959	0.260274	0.0547945	0.0273973	0.246575
0.107143	0.714286	0.0714286	0.0357143	0.0714286
0.657895	0.0263158	0.144737	0.105263	0.0657895
0.358491	0.0566038	0.0188679	0.0377358	0.528302
0.2	0.2	0.2	0.2	0.2
0.23913	0.0652174	0.0434783	0.0434783	0.608696
0.478261	0.0434783	0.0434783	0.391304	0.0434783
0.210526	0.105263	0.0526316	0.210526	0.421053
0.333333	0.238095	0.0238095	0.0714286	0.333333
0.321138	0.577236	0.0447154	0.0528455	0.00406504
0.520833	0.104167	0.0208333	0.0625	0.291667
0.217391	0.347826	0.0434783	0.0869565	0.304348
0.238095	0.142857	0.285714	0.142857	0.190476
0.317241	0.0344828	0.0275862	0.606897	0.0137931
0.381443	0.237113	0.278351	0.0618557	0.0412371
0.833333	0.0333333	0.0666667	0.0333333	0.0333333
0.395833	0.375	0.104167	0.0416667	0.0833333
0.737864	0.0679612	0.126214	0.0194175	0.0485437
0.391892	0.135135	0.405405	0.0135135	0.0540541
0.037037	0.481481	0.407407	0.037037	0.037037
0.340426	0.0638298	0.489362	0.0212766	0.0851064
0.0322581	0.0645161	0.83871	0.0322581	0.0322581
0.4	0.2	0.1	0.1	0.2
0.464286	0.0714286	0.214286	0.0357143	0.214286
0.594595	0.108108	0.135135	0.0540541	0.108108
0.208333	0.125	0.0625	0.0208333	0.583333
0.421053	0.184211	0.0789474	0.105263	0.210526
0.272727	0.0909091	0.0909091	0.5	0.0454545
0.0714286	0.0714286	0.142857	0.142857	0.571429
0.383721	0.261628	0.00581395	0.30814	0.0406977
0.333333	0.111111	0.259259	0.222222	0.0740741
0.461538	0.153846	0.153846	0.153846	0.0769231
0.151515	0.121212	0.030303	0.0909091	0.606061
0.224	0.056	0.184	0.04	0.496
0.259259	0.253086	0.450617	0.0123457	0.0246914
0.830508	0.0508475	0.0169492	0.0677966	0.0338983
0.742424	0.151515	0.0454545	0.0454545	0.0151515
0.361111	0.138889	0.0277778	0.0277778	0.444444
0.393939	0.181818	0.272727	0.121212	0.030303
0.147059	0.176471	0.0294118	0.441176	0.205882
0.534351	0.374046	0.0458015	0.0381679	0.00763359
0.172414	0.568966	0.103448	0.12069	0.0344828
0.181818	0.0909091	0.272727	0.0909091	0.363636
0.0227273	0.0227273	0.113636	0.0909091	0.75
0.424242	0.212121	0.030303	0.30303	0.030303
0.469388	0.0204082	0.0204082	0.0408163	0.44898
0.273504	0.0683761	0.111111	0.025641	0.521368
0.375	0.25	0.125	0.125	0.125
0.3	0.1	0.4	0.1	0.1
0.208556	0.15508	0.0374332	0.582888	0.0160428
0.201923	0.663462	0.0576923	0.0384615	0.0384615
0.666667	0.142857	0.0952381	0.047619	0.047619
0.333333	0.0714286	0.0714286	0.47619	0.047619
0.66	0.1	0.12	0.1	0.02
0.0909091	0.0909091	0.363636	0.181818	0.272727
0.78125	0.0625	0.09375	0.03125	0.03125
0.392857	0.0357143	0.0357143	0.464286	0.0714286
0.205882	0.0294118	0.529412	0.0294118	0.205882
0.8125	0.03125	0.09375	0.03125	0.03125
0.52381	0.047619	0.047619	0.238095	0.142857
0.166667	0.333333	0.277778	0.111111	0.111111
0.362069	0.0689655	0.155172	0.0689655	0.344828
0.495396	0.0994475	0.0184162	0.342541	0.0441989
0.124611	0.11215	0.0218069	0.738318	0.00311526
0.56	0.04	0.28	0.08	0.04
0.352941	0.411765	0.0588235	0.0882353	0.0882353
0.214854	0.0928382	0.572944	0.0928382	0.0265252
0.012987	0.792208	0.0649351	0.103896	0.025974
0.485714	0.0380952	0.047619	0.37619	0.052381
0.833333	0.0238095	0.0238095	0.0952381	0.0238095
0.22695	0.101655	0.0283688	0.631206	0.0118203
0.815385	0.0846154	0.00769231	0.0307692	0.0615385
0.0769231	0.0769231	0.384615	0.384615	0.0769231
0.714286	0.142857	0.047619	0.047619	0.047619
0.12	0.04	0.16	0.04	0.64
0.430108	0.27957	0.0752688	0.182796	0.0322581
0.483871	0.193548	0.225806	0.0322581	0.0645161
0.12963	0.0740741	0.0740741	0.0185185	0.703704
0.413793	0.155172	0.0689655	0.327586	0.0344828
0.166667	0.1	0.0333333	0.0666667	0.633333
0.235294	0.352941	0.235294	0.0588235	0.117647
0.555556	0.138889	0.0277778	0.25	0.0277778
0.171429	0.0571429	0.0857143	0.0285714	0.657143
0.178571	0.0535714	0.0535714	0.0892857	0.625
0.49375	0.3875	0.0875	0.025	0.00625
0.189394	0.113636	0.0227273	0.651515	0.0227273
0.125	0.125	0.25	0.25	0.25
0.479167	0.1875	0.166667	0.0625	0.104167
0.2	0.075	0.1	0.55	0.075
0.488	0.376	0.008	0.032	0.096
0.557692	0.192308	0.115385	0.0961538	0.0384615
0.526316	0.157895	0.0526316	0.0526316	0.210526
0.333333	0.208333	0.0416667	0.375	0.0416667
0.494949	0.010101	0.0505051	0.010101	0.434343
0.454545	0.181818	0.0909091	0.181818	0.0909091
0.432432	0.108108	0.135135	0.27027	0.0540541
0.482759	0.310345	0.0689655	0.103448	0.0344828
0.24	0.5	0.1	0.14	0.02
0.360248	0.0496894	0.00621118	0.534161	0.0496894
0.220339	0.271186	0.152542	0.0677966	0.288136
0.369231	0.430769	0.0153846	0.153846	0.0307692
0.345794	0.0560748	0.495327	0.0186916	0.0841121
0.470588	0.235294	0.176471	0.0588235	0.0588235
0.16	0.12	0.08	0.6	0.04
0.111111	0.0808081	0.010101	0.787879	0.010101
0.166667	0.125	0.0833333	0.4375	0.1875
0.45098	0.0392157	0.117647	0.0196078	0.372549
0.8	0.08	0.04	0.04	0.04
0.707483	0.0612245	0.0136054	0.0340136	0.183673
0.0666667	0.0666667	0.433333	0.1	0.333333
0.508475	0.127119	0.0169492	0.338983	0.00847458
0.408163	0.204082	0.0102041	0.346939	0.0306122
0.2	0.2	0.2	0.2	0.2
0.513514	0.027027	0.216216	0.0810811	0.162162
0.34	0.14	0.26	0.08	0.18
0.369565	0.108696	0.0217391	0.434783	0.0652174
0.538462	0.192308	0.153846	0.0384615	0.0769231
0.465753	0.0502283	0.0593607	0.410959	0.0136986
0.329268	0.0853659	0.0121951	0.560976	0.0121951
0.56129	0.0774194	0.0129032	0.0580645	0.290323
0.240741	0.388889	0.0185185	0.296296	0.0555556
0.166667	0.0555556	0.133333	0.611111	0.0333333
0.466667	0.2	0.0666667	0.133333	0.133333
0.241379	0.137931	0.0344828	0.448276	0.137931
0.133333	0.133333	0.133333	0.4	0.2
0.294643	0.0714286	0.0625	0.5625	0.00892857
0.25	0.25	0.1	0.3	0.1
0.285714	0.171429	0.114286	0.342857	0.0857143
0.636771	0.0358744	0.0224215	0.286996	0.0179372
0.2	0.2	0.2	0.2	0.2
0.636364	0.0363636	0.0545455	0.218182	0.0545455
0.505952	0.0416667	0.0297619	0.404762	0.0178571
0.25	0.138889	0.0555556	0.361111	0.194444
0.153846	0.0769231	0.179487	0.205128	0.384615
0.740845	0.0591549	0.0309859	0.157746	0.0112676
0.668085	0.0425532	0.0170213	0.255319	0.0170213
0.351032	0.0265487	0.00294985	0.60767	0.0117994
0.773438	0.078125	0.109375	0.03125	0.0078125
0.25	0.125	0.125	0.3125	0.1875
0.659016	0.0721311	0.0163934	0.245902	0.00655738
0.454545	0.0909091	0.0454545	0.363636	0.0454545
0.631034	0.106897	0.0172414	0.203448	0.0413793
0.304348	0.173913	0.0434783	0.434783	0.0434783
0.402985	0.0746269	0.0298507	0.477612	0.0149254
0.172	0.092	0.068	0.644	0.024
0.0909091	0.0909091	0.0909091	0.363636	0.363636
0.2	0.1	0.1	0.4	0.2
0.307692	0.0769231	0.230769	0.307692	0.0769231
0.380952	0.0952381	0.142857	0.238095	0.142857
0.666667	0.0416667	0.0416667	0.125	0.125
0.625	0.125	0.05	0.1	0.1
0.396552	0.232759	0.0258621	0.318966	0.0258621
0.164835	0.582418	0.0659341	0.175824	0.010989
0.347826	0.0434783	0.0434783	0.478261	0.0869565
0.527778	0.25	0.0185185	0.189815	0.0138889
0.444444	0.222222	0.111111	0.111111	0.111111
0.542857	0.228571	0.0285714	0.142857	0.0571429
0.418234	0.0940666	0.0520984	0.416787	0.0188133
0.657143	0.0571429	0.114286	0.114286	0.0571429
0.588235	0.117647	0.0588235	0.117647	0.117647
0.783784	0.121622	0.0675676	0.0135135	0.0135135
0.533333	0.1	0.0333333	0.266667	0.0666667
0.0454545	0.363636	0.227273	0.0909091	0.272727
0.16	0.16	0.04	0.6	0.04
0.3125	0.0625	0.0625	0.375	0.1875
0.75	0.0416667	0.0694444	0.125	0.0138889
0.48	0.08	0.06	0.34	0.04
0.25	0.125	0.1875	0.1875	0.25
0.353846	0.0615385	0.0153846	0.492308	0.0769231
0.2	0.2	0.2	0.2	0.2
0.380952	0.190476	0.0952381	0.142857	0.190476
0.516854	0.0533708	0.011236	0.367978	0.0505618
0.403727	0.0403727	0.0403727	0.506211	0.00931677
0.478261	0.0869565	0.0434783	0.217391	0.173913
0.333333	0.166667	0.166667	0.166667	0.166667
0.0833333	0.458333	0.0416667	0.208333	0.208333
0.178571	0.142857	0.0357143	0.625	0.0178571
0.333333	0.101449	0.0289855	0.521739	0.0144928
0.557895	0.0105263	0.0315789	0.378947	0.0210526
