0.238095	0.261905	0.357143	0.0952381	0.047619
0.08	0.32	0.52	0.04	0.04
0.192857	0.232143	0.1	0.439286	0.0357143
0.0416667	0.0833333	0.666667	0.125	0.0833333
0.233871	0.193548	0.0564516	0.5	0.016129
0.222222	0.166667	0.0555556	0.5	0.0555556
0.08	0.08	0.56	0.04	0.24
0.2	0.2	0.2	0.2	0.2
0.327273	0.0727273	0.454545	0.127273	0.0181818
0.344262	0.213115	0.0491803	0.213115	0.180328
0.183673	0.183673	0.571429	0.0204082	0.0408163
0.125	0.40625	0.3125	0.125	0.03125
0.388889	0.0666667	0.455556	0.0111111	0.0777778
0.322581	0.16129	0.0483871	0.387097	0.0806452
0.348921	0.28777	0.154676	0.140288	0.0683453
0.234043	0.0141844	0.546099	0.0141844	0.191489
0.35	0.05	0.5	0.05	0.05
0.395833	0.0833333	0.4375	0.0208333	0.0625
0.186047	0.697674	0.0465116	0.0232558	0.0465116
0.228571	0.1	0.328571	0.114286	0.228571
0.237288	0.118644	0.0338983	0.576271	0.0338983
0.0869565	0.173913	0.521739	0.195652	0.0217391
0.125	0.541667	0.0208333	0.291667	0.0208333
0.166667	0.166667	0.166667	0.166667	0.333333
0.666667	0.0888889	0.0222222	0.155556	0.0666667
0.0869565	0.434783	0.0869565	0.26087	0.130435
0.590909	0.181818	0.0454545	0.136364	0.0454545
0.181818	0.0909091	0.0909091	0.0909091	0.545455
0.4	0.133333	0.0666667	0.333333	0.0666667
0.0341997	0.0164159	0.0191518	0.922025	0.00820793
0.310345	0.310345	0.275862	0.0689655	0.0344828
0.111111	0.740741	0.0740741	0.037037	0.037037
0.0847458	0.440678	0.20339	0.186441	0.0847458
0.442623	0.229508	0.147541	0.0327869	0.147541
0.348624	0.458716	0.146789	0.0275229	0.0183486
0.168539	0.101124	0.011236	0.707865	0.011236
0.1875	0.0625	0.375	0.0625	0.3125
0.346154	0.0384615	0.461538	0.0384615	0.115385
0.285714	0.238095	0.0952381	0.047619	0.333333
0.0420168	0.114846	0.798319	0.0336134	0.0112045
0.41573	0.213483	0.0561798	0.292135	0.0224719
0.366667	0.111111	0.0333333	0.4	0.0888889
0.111111	0.166667	0.111111	0.388889	0.222222
0.242424	0.439394	0.19697	0.106061	0.0151515
0.180693	0.643564	0.0420792	0.113861	0.019802
0.00518135	0.0103627	0.015544	0.0569948	0.911917
0.363636	0.121212	0.181818	0.30303	0.030303
0.2125	0.125	0.58125	0.05625	0.025
0.5	0.147059	0.0588235	0.235294	0.0588235
0.571429	0.044898	0.00408163	0.00408163	0.37551
0.55102	0.0408163	0.0408163	0.0612245	0.306122
0.4	0.0666667	0.466667	0.0333333	0.0333333
0.681633	0.0163265	0.22449	0.0285714	0.0489796
0.255556	0.0111111	0.566667	0.0111111	0.155556
0.416667	0.0416667	0.0833333	0.333333	0.125
0.225	0.025	0.175	0.325	0.25
0.356164	0.273973	0.0136986	0.342466	0.0136986
0.191176	0.117647	0.102941	0.573529	0.0147059
0.24	0.36	0.2	0.08	0.12
0.404762	0.380952	0.0238095	0.0952381	0.0952381
0.769231	0.0769231	0.0384615	0.0769231	0.0384615
0.520833	0.0833333	0.0208333	0.354167	0.0208333
0.190476	0.0952381	0.52381	0.166667	0.0238095
0.313131	0.515152	0.0505051	0.0606061	0.0606061
0.309524	0.261905	0.333333	0.047619	0.047619
0.272727	0.454545	0.0606061	0.0606061	0.151515
0.422222	0.0444444	0.466667	0.0444444	0.0222222
0.147059	0.0882353	0.529412	0.147059	0.0882353
0.361111	0.152778	0.0277778	0.125	0.333333
0.195652	0.543478	0.0434783	0.0434783	0.173913
0.115385	0.115385	0.576923	0.153846	0.0384615
0.428571	0.142857	0.142857	0.214286	0.0714286
0.315789	0.105263	0.0526316	0.263158	0.263158
0.347826	0.217391	0.173913	0.0434783	0.217391
0.232704	0.194969	0.0188679	0.540881	0.0125786
0.509434	0.0188679	0.0188679	0.0377358	0.415094
0.421053	0.140351	0.0175439	0.0350877	0.385965
0.380952	0.142857	0.333333	0.047619	0.0952381
0.253968	0.365079	0.031746	0.285714	0.0634921
0.1	0.2	0.25	0.25	0.2
0.642857	0.0714286	0.0714286	0.142857	0.0714286
0.477273	0.0227273	0.0454545	0.0909091	0.363636
0.328125	0.09375	0.265625	0.15625	0.15625
0.235294	0.0882353	0.264706	0.0294118	0.382353
0.222222	0.222222	0.111111	0.333333	0.111111
0.2	0.2	0.2	0.2	0.2
0.5	0.0714286	0.142857	0.142857	0.142857
0.2	0.2	0.2	0.2	0.2
0.341463	0.121951	0.414634	0.0243902	0.097561
0.309524	0.142857	0.238095	0.047619	0.261905
0.44	0.08	0.24	0.04	0.2
0.155172	0.650862	0.00431034	0.185345	0.00431034
0.819672	0.0327869	0.0163934	0.114754	0.0163934
0.3	0.525	0.05	0.1	0.025
0.311111	0.0222222	0.244444	0.0222222	0.4
0.03125	0.0520833	0.0104167	0.895833	0.0104167
0.631579	0.157895	0.0526316	0.0526316	0.105263
0.148438	0.3125	0.0078125	0.515625	0.015625
0.0833333	0.25	0.25	0.166667	0.25
0.470588	0.0588235	0.117647	0.235294	0.117647
0.384615	0.230769	0.0769231	0.0769231	0.230769
0.750842	0.148148	0.016835	0.016835	0.0673401
0.214776	0.0543536	0.689182	0.0189974	0.0226913
0.153846	0.0769231	0.538462	0.0769231	0.153846
0.279661	0.618644	0.0254237	0.0338983	0.0423729
0.588235	0.0392157	0.0196078	0.117647	0.235294
0.189427	0.169604	0.618943	0.00660793	0.0154185
0.333333	0.0666667	0.0666667	0.2	0.333333
0.390693	0.0668049	0.00990555	0.531444	0.00115181
0.428571	0.178571	0.178571	0.0714286	0.142857
0.419355	0.225806	0.225806	0.0967742	0.0322581
0.416667	0.416667	0.0416667	0.0416667	0.0833333
0.305389	0.179641	0.011976	0.497006	0.00598802
0.517857	0.0357143	0.375	0.0535714	0.0178571
0.1875	0.09375	0.59375	0.03125	0.09375
0.181818	0.0454545	0.5	0.0454545	0.227273
0.0833333	0.0555556	0.527778	0.0555556	0.277778
0.434783	0.217391	0.0869565	0.217391	0.0434783
0.0555556	0.326389	0.0277778	0.583333	0.00694444
0.527778	0.0277778	0.0277778	0.277778	0.138889
0.697674	0.0465116	0.0697674	0.0930233	0.0930233
0.698925	0.107527	0.172043	0.016129	0.00537634
0.311475	0.0983607	0.540984	0.0163934	0.0327869
0.619718	0.183099	0.0140845	0.0704225	0.112676
0.346154	0.5	0.0384615	0.0769231	0.0384615
0.149123	0.181287	0.236842	0.204678	0.22807
0.372093	0.0232558	0.581395	0.00775194	0.0155039
0.409926	0.125	0.00919118	0.454044	0.00183824
0.176471	0.117647	0.588235	0.0588235	0.0588235
0.763158	0.0350877	0.131579	0.00877193	0.0614035
0.479167	0.0833333	0.145833	0.0208333	0.270833
0.488889	0.0222222	0.377778	0.0666667	0.0444444
0.345455	0.263636	0.0272727	0.290909	0.0727273
0.419689	0.0569948	0.0880829	0.015544	0.419689
0.514286	0.285714	0.0285714	0.114286	0.0571429
0.607143	0.125	0.0714286	0.0178571	0.178571
0.0740741	0.333333	0.111111	0.333333	0.148148
0.0049505	0.20297	0.69802	0.0346535	0.0594059
0.23913	0.26087	0.0434783	0.434783	0.0217391
0.333333	0.222222	0.111111	0.111111	0.222222
0.408451	0.373239	0.0704225	0.119718	0.028169
0.323529	0.0882353	0.5	0.0588235	0.0294118
0.2	0.2	0.2	0.2	0.2
0.0526316	0.0526316	0.578947	0.263158	0.0526316
0.111111	0.444444	0.111111	0.111111	0.222222
0.142857	0.285714	0.142857	0.142857	0.285714
0.48	0.04	0.36	0.08	0.04
0.105263	0.157895	0.526316	0.105263	0.105263
0.666667	0.025641	0.153846	0.025641	0.128205
0.269231	0.628205	0.0512821	0.0384615	0.0128205
0.491667	0.2	0.258333	0.0416667	0.00833333
0.216617	0.225519	0.0237389	0.531157	0.00296736
0.147059	0.117647	0.647059	0.0294118	0.0588235
0.649123	0.201754	0.0263158	0.0175439	0.105263
0.714286	0.0714286	0.0714286	0.0714286	0.0714286
0.0526316	0.105263	0.631579	0.105263	0.105263
0.4	0.25	0.05	0.05	0.25
0.262295	0.0163934	0.508197	0.0655738	0.147541
0.294118	0.235294	0.0588235	0.294118	0.117647
0.257732	0.206186	0.0206186	0.494845	0.0206186
0.25	0.125	0.125	0.25	0.25
0.294118	0.176471	0.0588235	0.411765	0.0588235
0.619048	0.047619	0.238095	0.047619	0.047619
0.5	0.142857	0.142857	0.0714286	0.142857
0.659091	0.0681818	0.0909091	0.159091	0.0227273
0.0769231	0.141026	0.602564	0.153846	0.025641
0.2	0.2	0.2	0.2	0.2
0.488372	0.104651	0.325581	0.0232558	0.0581395
0.281588	0.635379	0.0361011	0.00361011	0.0433213
0.30303	0.030303	0.181818	0.030303	0.454545
0.186916	0.626168	0.0280374	0.130841	0.0280374
0.0909091	0.363636	0.272727	0.0454545	0.227273
0.230769	0.5	0.0769231	0.115385	0.0769231
0.266667	0.24	0.0266667	0.44	0.0266667
0.1	0.1	0.6	0.1	0.1
0.280899	0.662921	0.011236	0.0337079	0.011236
0.138889	0.0833333	0.0277778	0.305556	0.444444
0.166113	0.318937	0.146179	0.362126	0.00664452
0.526316	0.0789474	0.263158	0.105263	0.0263158
0.241379	0.146552	0.0280172	0.581897	0.00215517
0.516484	0.032967	0.406593	0.021978	0.021978
0.192308	0.60989	0.010989	0.0494505	0.137363
0.242604	0.0710059	0.0236686	0.656805	0.00591716
0.421053	0.0526316	0.0526316	0.210526	0.263158
0.111111	0.555556	0.111111	0.111111	0.111111
0.191011	0.11236	0.494382	0.191011	0.011236
0.659091	0.0909091	0.0909091	0.0681818	0.0909091
0.102609	0.0888987	0.735073	0.0176913	0.0557276
0.287234	0.595745	0.0531915	0.0425532	0.0212766
0.0684932	0.780822	0.0547945	0.0547945	0.0410959
0.510638	0.0780142	0.297872	0.0567376	0.0567376
0.375	0.25	0.125	0.125	0.125
0.666667	0.2	0.0333333	0.0666667	0.0333333
0.205882	0.205882	0.0588235	0.235294	0.294118
0.135593	0.59322	0.0508475	0.20339	0.0169492
0.269006	0.204678	0.0292398	0.479532	0.0175439
0.105263	0.0526316	0.631579	0.105263	0.105263
0.258621	0.103448	0.385057	0.0574713	0.195402
0.333333	0.0952381	0.190476	0.190476	0.190476
0.415584	0.233766	0.0779221	0.233766	0.038961
0.5	0.111111	0.166667	0.166667	0.0555556
0.333333	0.111111	0.5	0.0185185	0.037037
0.321429	0.196429	0.0178571	0.392857	0.0714286
0.236111	0.0972222	0.361111	0.0277778	0.277778
0.0853659	0.585366	0.0487805	0.268293	0.0121951
0.276596	0.170213	0.361702	0.106383	0.0851064
0.227273	0.0454545	0.590909	0.0454545	0.0909091
0.183673	0.163265	0.102041	0.102041	0.44898
0.511628	0.232558	0.186047	0.0465116	0.0232558
0.369565	0.5	0.0217391	0.0217391	0.0869565
0.205882	0.117647	0.5	0.0882353	0.0882353
0.692308	0.173077	0.0192308	0.0192308	0.0961538
0.0890869	0.0935412	0.0144766	0.797327	0.00556793
0.58871	0.306452	0.0403226	0.0403226	0.0241935
0.211765	0.0352941	0.341176	0.223529	0.188235
0.272727	0.159091	0.477273	0.0227273	0.0681818
0.357143	0.214286	0.0714286	0.142857	0.214286
0.454545	0.181818	0.0909091	0.0909091	0.181818
0.408228	0.10443	0.411392	0.0443038	0.0316456
0.456233	0.225464	0.0265252	0.281167	0.0106101
0.234568	0.148148	0.111111	0.444444	0.0617284
0.4	0.04	0.12	0.28	0.16
0.27027	0.135135	0.027027	0.540541	0.027027
0.198473	0.29771	0.122137	0.351145	0.0305344
0.12766	0.106383	0.510638	0.148936	0.106383
0.255814	0.0465116	0.581395	0.0465116	0.0697674
0.384615	0.307692	0.115385	0.173077	0.0192308
0.5	0.0714286	0.285714	0.0238095	0.119048
0.147059	0.176471	0.382353	0.0882353	0.205882
0.243902	0.0731707	0.560976	0.0243902	0.097561
0.5625	0.1875	0.125	0.0625	0.0625
0.709677	0.0645161	0.16129	0.0322581	0.0322581
0.655738	0.213115	0.111475	0.00327869	0.0163934
0.52381	0.0238095	0.119048	0.0238095	0.309524
0.288889	0.288889	0.0888889	0.111111	0.222222
0.181818	0.0909091	0.181818	0.272727	0.272727
0.261905	0.119048	0.0952381	0.47619	0.047619
0.0714286	0.214286	0.5	0.142857	0.0714286
0.548387	0.193548	0.16129	0.0322581	0.0645161
0.390572	0.138047	0.0707071	0.350168	0.0505051
0.327869	0.131148	0.229508	0.0327869	0.278689
0.682927	0.146341	0.0243902	0.121951	0.0243902
0.196429	0.0178571	0.589286	0.0178571	0.178571
0.22314	0.132231	0.619835	0.00826446	0.0165289
0.538462	0.0769231	0.269231	0.0769231	0.0384615
0.185567	0.0515464	0.402062	0.0412371	0.319588
0.433962	0.433962	0.0377358	0.0566038	0.0377358
0.166667	0.111111	0.444444	0.0925926	0.185185
0.52	0.08	0.04	0.32	0.04
0.107143	0.0357143	0.535714	0.0714286	0.25
0.116883	0.402597	0.383117	0.0844156	0.012987
0.25	0.0833333	0.5	0.0833333	0.0833333
0.202703	0.0405405	0.121622	0.027027	0.608108
0.37931	0.0603448	0.431034	0.0689655	0.0603448
0.52381	0.0952381	0.142857	0.142857	0.0952381
0.454545	0.333333	0.0606061	0.0909091	0.0606061
0.656716	0.0298507	0.0597015	0.104478	0.149254
0.259259	0.148148	0.333333	0.037037	0.222222
0.76	0.06	0.01	0.05	0.12
0.568627	0.235294	0.0784314	0.0196078	0.0980392
0.025	0.025	0.9	0.025	0.025
0.44898	0.408163	0.0204082	0.102041	0.0204082
0.163934	0.770492	0.0327869	0.0163934	0.0163934
0.25	0.65	0.0625	0.00625	0.03125
0.12	0.12	0.68	0.04	0.04
0.142857	0.0714286	0.571429	0.142857	0.0714286
0.590909	0.181818	0.136364	0.0454545	0.0454545
0.178571	0.0357143	0.714286	0.0357143	0.0357143
0.146341	0.740854	0.0762195	0.0335366	0.00304878
0.6	0.2	0.1	0.0285714	0.0714286
0.185185	0.703704	0.037037	0.037037	0.037037
0.05	0.55	0.05	0.25	0.1
0.307692	0.461538	0.0683761	0.0598291	0.102564
0.0833333	0.375	0.125	0.333333	0.0833333
0.2	0.2	0.2	0.2	0.2
0.0943396	0.0566038	0.679245	0.0188679	0.150943
0.4	0.125	0.1	0.175	0.2
0.2	0.4	0.15	0.1	0.15
0.2	0.2	0.2	0.2	0.2
0.163636	0.0545455	0.2	0.563636	0.0181818
0.0909091	0.727273	0.0454545	0.0454545	0.0909091
0.372881	0.237288	0.135593	0.169492	0.0847458
0.707317	0.0731707	0.097561	0.0243902	0.097561
0.157143	0.1	0.642857	0.0142857	0.0857143
0.413793	0.137931	0.310345	0.0689655	0.0689655
0.0882353	0.0294118	0.617647	0.0294118	0.235294
0.272727	0.0454545	0.0909091	0.0454545	0.545455
0.432432	0.0162162	0.513514	0.027027	0.0108108
0.285714	0.238095	0.0952381	0.333333	0.047619
0.395349	0.302326	0.186047	0.0930233	0.0232558
0.2	0.2	0.476923	0.0923077	0.0307692
0.4	0.0222222	0.288889	0.244444	0.0444444
0.5	0.125	0.125	0.125	0.125
0.464286	0.25	0.0357143	0.214286	0.0357143
0.0882353	0.0882353	0.529412	0.205882	0.0882353
0.318182	0.454545	0.19697	0.0151515	0.0151515
0.04	0.04	0.12	0.28	0.52
0.590909	0.0909091	0.0909091	0.0909091	0.136364
0.315789	0.421053	0.0526316	0.157895	0.0526316
0.142857	0.214286	0.452381	0.0952381	0.0952381
0.233333	0.5	0.1	0.133333	0.0333333
0.0833333	0.25	0.0833333	0.0833333	0.5
0.318182	0.0454545	0.545455	0.0454545	0.0454545
0.349206	0.0634921	0.507937	0.0634921	0.015873
0.569231	0.0153846	0.384615	0.0153846	0.0153846
0.477477	0.18018	0.045045	0.0900901	0.207207
0.434783	0.282609	0.130435	0.0434783	0.108696
0.0491803	0.47541	0.0819672	0.262295	0.131148
0.434783	0.147826	0.13913	0.0521739	0.226087
0.131868	0.247253	0.0137363	0.587912	0.0192308
0.0588235	0.117647	0.647059	0.117647	0.0588235
0.166667	0.5	0.166667	0.111111	0.0555556
0.416667	0.0833333	0.0833333	0.25	0.166667
0.2	0.025	0.625	0.025	0.125
0.333333	0.047619	0.52381	0.047619	0.047619
0.529412	0.0294118	0.0882353	0.205882	0.147059
0.333333	0.128205	0.153846	0.307692	0.0769231
0.448276	0.344828	0.103448	0.0689655	0.0344828
0.255172	0.710345	0.0206897	0.00689655	0.00689655
0.4	0.544444	0.0111111	0.0333333	0.0111111
0.3	0.2	0.1	0.3	0.1
0.275	0.325	0.125	0.2	0.075
0.352941	0.0294118	0.441176	0.0588235	0.117647
0.344828	0.5	0.0172414	0.12069	0.0172414
0.350515	0.0309278	0.340206	0.0927835	0.185567
0.294118	0.0588235	0.558824	0.0588235	0.0294118
0.124138	0.755172	0.0482759	0.0517241	0.0206897
0.156522	0.0434783	0.704348	0.0347826	0.0608696
0.3	0.0333333	0.366667	0.166667	0.133333
0.191781	0.164384	0.0821918	0.547945	0.0136986
0.226415	0.0943396	0.226415	0.150943	0.301887
0.125	0.09375	0.6875	0.03125	0.0625
0.222222	0.0740741	0.62963	0.037037	0.037037
0.254902	0.156863	0.431373	0.0392157	0.117647
0.0208333	0.0208333	0.791667	0.0625	0.104167
0.157895	0.210526	0.526316	0.0526316	0.0526316
0.315789	0.0263158	0.526316	0.0263158	0.105263
0.204301	0.150538	0.215054	0.27957	0.150538
0.711538	0.0576923	0.0192308	0.173077	0.0384615
0.137931	0.172414	0.603448	0.0344828	0.0517241
0.375	0.15625	0.25	0.09375	0.125
0.2	0.2	0.2	0.2	0.2
0.670455	0.0113636	0.0113636	0.0340909	0.272727
0.4	0.15	0.05	0.05	0.35
0.22449	0.0204082	0.285714	0.0204082	0.44898
0.414634	0.170732	0.0487805	0.341463	0.0243902
0.279412	0.0441176	0.647059	0.0147059	0.0147059
0.485714	0.107143	0.107143	0.285714	0.0142857
0.112613	0.148649	0.0630631	0.653153	0.0225225
0.781609	0.0344828	0.0977011	0.0229885	0.0632184
0.130435	0.0434783	0.463768	0.0724638	0.289855
0.130435	0.0869565	0.478261	0.0434783	0.26087
0.333333	0.111111	0.111111	0.222222	0.222222
0.179487	0.102564	0.615385	0.0512821	0.0512821
0.169811	0.283019	0.433962	0.0377358	0.0754717
0.521739	0.130435	0.231884	0.101449	0.0144928
0.194444	0.138889	0.611111	0.0277778	0.0277778
0.333333	0.0740741	0.259259	0.0740741	0.259259
0.135135	0.0810811	0.594595	0.027027	0.162162
0.15625	0.28125	0.09375	0.4375	0.03125
0.163636	0.127273	0.509091	0.0545455	0.145455
0.163636	0.0181818	0.745455	0.0363636	0.0363636
0.482759	0.0344828	0.241379	0.172414	0.0689655
0.291667	0.0416667	0.416667	0.0416667	0.208333
0.5	0.159091	0.204545	0.0227273	0.113636
0.0952381	0.285714	0.172619	0.0119048	0.434524
0.4375	0.203125	0.03125	0.296875	0.03125
0.0666667	0.366667	0.233333	0.233333	0.1
0.169811	0.188679	0.509434	0.0188679	0.113208
0.777778	0.037037	0.037037	0.037037	0.111111
0.125	0.625	0.125	0.0625	0.0625
0.54878	0.0365854	0.0121951	0.170732	0.231707
0.281746	0.551587	0.0357143	0.0992063	0.031746
0.428571	0.142857	0.0714286	0.214286	0.142857
0.057971	0.202899	0.0507246	0.333333	0.355072
0.529412	0.0294118	0.147059	0.0294118	0.264706
0.488095	0.25	0.154762	0.0714286	0.0357143
0.333333	0.133333	0.133333	0.2	0.2
0.136364	0.181818	0.136364	0.454545	0.0909091
0.323077	0.369231	0.0153846	0.276923	0.0153846
0.516667	0.15	0.0333333	0.133333	0.166667
0.2	0.2	0.2	0.2	0.2
0.375	0.1	0.475	0.025	0.025
0.189655	0.12069	0.0172414	0.586207	0.0862069
0.405405	0.108108	0.0540541	0.405405	0.027027
0.210526	0.263158	0.157895	0.157895	0.210526
0.283465	0.595801	0.0262467	0.0918635	0.00262467
0.380952	0.285714	0.0952381	0.142857	0.0952381
0.254545	0.0909091	0.563636	0.0181818	0.0727273
0.69697	0.0606061	0.0606061	0.151515	0.030303
0.533333	0.133333	0.2	0.0666667	0.0666667
0.625	0.0625	0.104167	0.125	0.0833333
0.275	0.125	0.475	0.1	0.025
0.297872	0.12766	0.148936	0.382979	0.0425532
0.265306	0.142857	0.102041	0.387755	0.102041
0.638021	0.0677083	0.127604	0.00520833	0.161458
0.514286	0.228571	0.0571429	0.0285714	0.171429
0.0333333	0.108333	0.0291667	0.704167	0.125
0.291667	0.0416667	0.208333	0.0416667	0.416667
0.135447	0.0634006	0.639769	0.121037	0.0403458
0.136364	0.0454545	0.409091	0.0909091	0.318182
0.0721352	0.739077	0.102226	0.0791426	0.00741962
0.102941	0.661765	0.0294118	0.0441176	0.161765
0.848837	0.0232558	0.0813953	0.0348837	0.0116279
0.363636	0.272727	0.136364	0.0909091	0.136364
0.786885	0.0819672	0.0163934	0.0819672	0.0327869
0.177656	0.641026	0.0311355	0.135531	0.014652
0.103448	0.0344828	0.793103	0.0344828	0.0344828
0.206897	0.275862	0.137931	0.310345	0.0689655
0.125	0.475	0.025	0.3	0.075
0.209302	0.116279	0.627907	0.0232558	0.0232558
0.717949	0.0769231	0.0128205	0.166667	0.025641
0.622642	0.245283	0.0377358	0.0754717	0.0188679
0.128415	0.0819672	0.079235	0.696721	0.0136612
0.6	0.15	0.05	0.05	0.15
0.4	0.2	0.1	0.2	0.1
0.165414	0.744361	0.0150376	0.0676692	0.0075188
0.153846	0.692308	0.0384615	0.0769231	0.0384615
0.125	0.5	0.125	0.125	0.125
0.796296	0.101852	0.037037	0.037037	0.0277778
0.264706	0.117647	0.0882353	0.411765	0.117647
0.257143	0.114286	0.485714	0.0571429	0.0857143
0.475	0.05	0.4	0.025	0.05
0.857143	0.047619	0.0238095	0.0238095	0.047619
0.2	0.4	0.2	0.1	0.1
0.125	0.0625	0.6875	0.0625	0.0625
0.307692	0.307692	0.153846	0.192308	0.0384615
0.333333	0.30303	0.0909091	0.222222	0.0505051
0.375	0.395833	0.145833	0.0416667	0.0416667
0.226667	0.0133333	0.36	0.146667	0.253333
0.0759076	0.105611	0.633663	0.181518	0.00330033
0.116279	0.0232558	0.744186	0.0465116	0.0697674
0.333333	0.482759	0.0344828	0.103448	0.045977
0.756757	0.0810811	0.027027	0.108108	0.027027
0.448819	0.0866142	0.385827	0.0708661	0.00787402
0.205882	0.764706	0.00980392	0.00980392	0.00980392
0.421053	0.0526316	0.0526316	0.210526	0.263158
0.361702	0.170213	0.0212766	0.425532	0.0212766
0.266667	0.0833333	0.566667	0.0333333	0.05
0.173077	0.0288462	0.692308	0.0192308	0.0865385
0.680851	0.12766	0.0425532	0.12766	0.0212766
0.333333	0.0208333	0.520833	0.0208333	0.104167
0.374408	0.0379147	0.521327	0.0473934	0.0189573
0.140351	0.0175439	0.789474	0.0350877	0.0175439
0.487179	0.435897	0.025641	0.025641	0.025641
0.583333	0.229167	0.0833333	0.0625	0.0416667
0.886076	0.0506329	0.0253165	0.0253165	0.0126582
0.538462	0.230769	0.0769231	0.0769231	0.0769231
0.0714286	0.0714286	0.357143	0.142857	0.357143
0.111111	0.333333	0.333333	0.111111	0.111111
0.09375	0.40625	0.03125	0.4375	0.03125
0.0869565	0.217391	0.0434783	0.608696	0.0434783
0.722222	0.0555556	0.0555556	0.0555556	0.111111
0.238806	0.537313	0.179104	0.0298507	0.0149254
0.342105	0.131579	0.131579	0.368421	0.0263158
0.34375	0.03125	0.46875	0.0625	0.09375
0.115385	0.115385	0.384615	0.192308	0.192308
0.0833333	0.0416667	0.458333	0.166667	0.25
0.235294	0.176471	0.54902	0.0196078	0.0196078
0.33871	0.193548	0.0806452	0.370968	0.016129
0.277778	0.0694444	0.611111	0.0277778	0.0138889
0.145199	0.0772834	0.702576	0.0327869	0.0421546
0.307692	0.0769231	0.435897	0.0769231	0.102564
0.446429	0.357143	0.0892857	0.0892857	0.0178571
0.44186	0.244186	0.27907	0.0116279	0.0232558
0.131579	0.552632	0.184211	0.105263	0.0263158
0.285714	0.0649351	0.402597	0.0779221	0.168831
0.314286	0.1	0.107143	0.0642857	0.414286
0.230769	0.423077	0.115385	0.153846	0.0769231
0.848101	0.00632911	0.00632911	0.056962	0.0822785
0.257143	0.485714	0.0285714	0.171429	0.0571429
0.342105	0.131579	0.315789	0.0263158	0.184211
0.0410959	0.0136986	0.849315	0.0273973	0.0684932
0.684211	0.157895	0.0526316	0.0526316	0.0526316
0.12	0.56	0.16	0.12	0.04
0.12	0.08	0.64	0.12	0.04
0.516667	0.1	0.2	0.0833333	0.1
0.333333	0.411765	0.156863	0.0784314	0.0196078
0.315789	0.105263	0.421053	0.0526316	0.105263
0.205882	0.647059	0.0882353	0.0294118	0.0294118
0.333333	0.416667	0.0833333	0.0833333	0.0833333
0.32	0.2	0.16	0.2	0.12
0.304348	0.391304	0.0869565	0.130435	0.0869565
0.619048	0.0952381	0.0952381	0.142857	0.047619
0.766234	0.0909091	0.025974	0.025974	0.0909091
0.405405	0.189189	0.0540541	0.189189	0.162162
0.36	0.04	0.5	0.02	0.08
0.394737	0.105263	0.201754	0.0701754	0.22807
0.152542	0.652542	0.118644	0.0338983	0.0423729
0.333333	0.0833333	0.25	0.166667	0.166667
0.661538	0.0307692	0.123077	0.0769231	0.107692
0.297872	0.297872	0.0425532	0.191489	0.170213
0.4375	0.125	0.21875	0.125	0.09375
0.214286	0.342857	0.0714286	0.128571	0.242857
0.296296	0.407407	0.0740741	0.0740741	0.148148
0.405063	0.139241	0.151899	0.0253165	0.278481
0.883117	0.038961	0.012987	0.038961	0.025974
0.0336538	0.216346	0.673077	0.0336538	0.0432692
0.602041	0.0204082	0.0204082	0.102041	0.255102
0.111111	0.0555556	0.333333	0.277778	0.222222
0.190476	0.047619	0.666667	0.047619	0.047619
0.333333	0.0555556	0.5	0.0555556	0.0555556
0.222222	0.444444	0.0555556	0.222222	0.0555556
0.478261	0.173913	0.0434783	0.173913	0.130435
0.230769	0.153846	0.5	0.0384615	0.0769231
0.352941	0.117647	0.176471	0.235294	0.117647
0.180556	0.333333	0.0138889	0.444444	0.0277778
0.54955	0.00900901	0.387387	0.018018	0.036036
0.666667	0.0888889	0.0888889	0.0666667	0.0888889
0.314815	0.0740741	0.12963	0.407407	0.0740741
0.166667	0.166667	0.333333	0.166667	0.166667
0.285714	0.517857	0.0714286	0.107143	0.0178571
0.673077	0.115385	0.0192308	0.0576923	0.134615
0.387097	0.193548	0.0645161	0.258065	0.0967742
0.166667	0.0833333	0.5	0.0833333	0.166667
0.0697674	0.0232558	0.813953	0.0232558	0.0697674
0.35	0.35	0.05	0.1	0.15
0.260204	0.528061	0.0280612	0.165816	0.0178571
0.625	0.125	0.125	0.0625	0.0625
0.545455	0.181818	0.0909091	0.0909091	0.0909091
0.545455	0.0909091	0.30303	0.030303	0.030303
0.277778	0.277778	0.111111	0.111111	0.222222
0.248731	0.593909	0.0456853	0.106599	0.00507614
0.3125	0.1125	0.3875	0.1375	0.05
0.636364	0.030303	0.0909091	0.030303	0.212121
0.414286	0.192857	0.142857	0.242857	0.00714286
0.0140845	0.0704225	0.028169	0.859155	0.028169
0.142857	0.285714	0.285714	0.142857	0.142857
0.159574	0.0106383	0.0106383	0.808511	0.0106383
0.358586	0.0858586	0.484848	0.0454545	0.0252525
0.228571	0.114286	0.342857	0.0571429	0.257143
0.7875	0.1	0.0625	0.0375	0.0125
0.2	0.2	0.2	0.2	0.2
0.44	0.2	0.08	0.12	0.16
0.902778	0.0416667	0.0138889	0.0138889	0.0277778
0.275362	0.521739	0.057971	0.137681	0.00724638
0.636364	0.0454545	0.0454545	0.136364	0.136364
0.210526	0.157895	0.210526	0.0526316	0.368421
0.15942	0.333333	0.231884	0.246377	0.0289855
0.555556	0.0555556	0.0555556	0.111111	0.222222
0.346154	0.192308	0.153846	0.0384615	0.269231
0.125	0.5	0.0833333	0.166667	0.125
0.346154	0.25641	0.24359	0.0769231	0.0769231
0.644444	0.0888889	0.0666667	0.0888889	0.111111
0.25	0.25	0.0357143	0.25	0.214286
0.333333	0.263158	0.333333	0.0526316	0.0175439
0.156863	0.137255	0.254902	0.431373	0.0196078
0.382353	0.205882	0.352941	0.0294118	0.0294118
0.0625	0.1875	0.625	0.0625	0.0625
0.411765	0.117647	0.117647	0.235294	0.117647
0.0384615	0.730769	0.115385	0.0769231	0.0384615
0.611111	0.111111	0.111111	0.0555556	0.111111
0.2	0.2	0.2	0.2	0.2
0.151515	0.0606061	0.666667	0.030303	0.0909091
0.318841	0.246377	0.0724638	0.217391	0.144928
0.1	0.34	0.5	0.02	0.04
0.113636	0.522727	0.181818	0.0681818	0.113636
0.615385	0.0153846	0.2	0.0307692	0.138462
0.307692	0.5	0.0192308	0.0576923	0.115385
0.272727	0.272727	0.0227273	0.409091	0.0227273
0.130435	0.0434783	0.478261	0.0869565	0.26087
0.368421	0.342105	0.184211	0.0263158	0.0789474
0.333333	0.416667	0.0416667	0.0416667	0.166667
0.230769	0.0897436	0.641026	0.0128205	0.025641
0.315789	0.105263	0.210526	0.315789	0.0526316
0.175676	0.0945946	0.202703	0.027027	0.5
0.231884	0.101449	0.0362319	0.615942	0.0144928
0.272727	0.522727	0.0340909	0.0340909	0.136364
0.233766	0.181818	0.012987	0.506494	0.0649351
0.375	0.1875	0.28125	0.09375	0.0625
0.214689	0.299435	0.0338983	0.446328	0.00564972
0.3	0.142857	0.0714286	0.442857	0.0428571
0.166667	0.166667	0.333333	0.166667	0.166667
0.2	0.2	0.333333	0.2	0.0666667
0.2	0.2	0.2	0.2	0.2
0.482456	0.315789	0.00877193	0.175439	0.0175439
0.733333	0.166667	0.0333333	0.0333333	0.0333333
0.5625	0.1875	0.125	0.09375	0.03125
0.636364	0.106061	0.0833333	0.0833333	0.0909091
0.541176	0.305882	0.0235294	0.117647	0.0117647
0.15	0.1	0.475	0.025	0.25
0.210526	0.684211	0.0263158	0.0526316	0.0263158
0.222222	0.0740741	0.648148	0.0185185	0.037037
0.418605	0.27907	0.0465116	0.209302	0.0465116
0.109375	0.46875	0.203125	0.203125	0.015625
0.634146	0.0487805	0.0243902	0.268293	0.0243902
0.047619	0.047619	0.142857	0.714286	0.047619
0.179487	0.666667	0.025641	0.102564	0.025641
0.152249	0.692042	0.017301	0.134948	0.00346021
0.25	0.214286	0.428571	0.0714286	0.0357143
0.347826	0.26087	0.130435	0.152174	0.108696
0.181818	0.0909091	0.636364	0.0454545	0.0454545
0.388889	0.111111	0.388889	0.0555556	0.0555556
0.15942	0.0289855	0.73913	0.0144928	0.057971
0.0434783	0.0434783	0.826087	0.0434783	0.0434783
0.255172	0.331034	0.0655172	0.334483	0.0137931
0.333333	0.25	0.25	0.0833333	0.0833333
0.228261	0.163043	0.141304	0.347826	0.119565
0.461538	0.0769231	0.153846	0.0769231	0.230769
0.2	0.433333	0.1	0.133333	0.133333
0.214286	0.214286	0.142857	0.357143	0.0714286
0.3125	0.0625	0.5	0.0625	0.0625
0.596774	0.0483871	0.322581	0.016129	0.016129
0.223684	0.0263158	0.184211	0.184211	0.381579
0.346667	0.146667	0.213333	0.146667	0.146667
0.34127	0.484127	0.00396825	0.154762	0.015873
0.00884956	0.079646	0.840708	0.0530973	0.0176991
0.5	0.0714286	0.285714	0.0714286	0.0714286
0.401163	0.412791	0.0406977	0.133721	0.0116279
0.291667	0.0833333	0.458333	0.0833333	0.0833333
0.262857	0.354286	0.0171429	0.314286	0.0514286
0.40625	0.09375	0.375	0.0625	0.0625
0.352381	0.0190476	0.466667	0.0285714	0.133333
0.22619	0.0297619	0.279762	0.0892857	0.375
0.580645	0.0322581	0.0322581	0.129032	0.225806
0.2	0.2	0.2	0.2	0.2
0.375	0.3125	0.1875	0.0625	0.0625
0.529412	0.117647	0.0588235	0.176471	0.117647
0.59434	0.00943396	0.0251572	0.00314465	0.367925
0.142857	0.0714286	0.357143	0.0714286	0.357143
0.1	0.4	0.133333	0.0333333	0.333333
0.4	0.116667	0.383333	0.0666667	0.0333333
0.245455	0.0272727	0.218182	0.127273	0.381818
0.682243	0.0934579	0.17757	0.0186916	0.0280374
0.107143	0.553571	0.0535714	0.267857	0.0178571
0.375	0.05	0.025	0.5	0.05
0.596591	0.0511364	0.335227	0.0113636	0.00568182
0.16	0.04	0.44	0.04	0.32
0.483871	0.301075	0.0107527	0.129032	0.0752688
0.166667	0.0555556	0.444444	0.0555556	0.277778
0.653846	0.275641	0.00641026	0.0384615	0.025641
0.272727	0.030303	0.424242	0.0606061	0.212121
0.349206	0.0793651	0.15873	0.111111	0.301587
0.179104	0.0895522	0.0223881	0.701493	0.00746269
0.5	0.25	0.0833333	0.125	0.0416667
0.2	0.2	0.2	0.2	0.2
0.418605	0.27907	0.116279	0.0930233	0.0930233
0.5	0.125	0.125	0.125	0.125
0.136364	0.477273	0.0227273	0.340909	0.0227273
0.333333	0.513889	0.0138889	0.0972222	0.0416667
0.359447	0.414747	0.0599078	0.16129	0.00460829
0.0952381	0.333333	0.047619	0.428571	0.0952381
0.32	0.04	0.36	0.04	0.24
0.797101	0.0144928	0.0724638	0.0144928	0.101449
0.125	0.125	0.5	0.0625	0.1875
0.000573888	0.00143472	0.00774749	0.000286944	0.989957
0.0775047	0.128544	0.020794	0.765595	0.00756144
0.185714	0.0714286	0.7	0.0142857	0.0285714
0.40678	0.152542	0.0338983	0.389831	0.0169492
0.333333	0.133333	0.133333	0.0666667	0.333333
0.3	0.55	0.05	0.05	0.05
0.424242	0.0909091	0.424242	0.030303	0.030303
0.179487	0.0769231	0.564103	0.0512821	0.128205
0.428571	0.25	0.25	0.0357143	0.0357143
0.178947	0.578947	0.0315789	0.115789	0.0947368
0.4	0.266667	0.0666667	0.133333	0.133333
0.320312	0.0625	0.0859375	0.0390625	0.492188
0.53	0.29	0.04	0.13	0.01
0.0614887	0.00647249	0.0323625	0.89644	0.00323625
0.129032	0.0645161	0.677419	0.0322581	0.0967742
0.416667	0.25	0.0833333	0.166667	0.0833333
0.111111	0.333333	0.111111	0.333333	0.111111
0.313043	0.00869565	0.426087	0.00869565	0.243478
0.16	0.02	0.06	0.62	0.14
0.5	0.222222	0.0555556	0.0555556	0.166667
0.132701	0.0663507	0.0947867	0.663507	0.042654
0.833333	0.0138889	0.125	0.0138889	0.0138889
0.107143	0.0357143	0.151786	0.625	0.0803571
0.255814	0.0930233	0.465116	0.116279	0.0697674
0.282738	0.0595238	0.0119048	0.627976	0.0178571
0.473684	0.210526	0.0526316	0.210526	0.0526316
0.0952381	0.0952381	0.619048	0.0952381	0.0952381
0.245614	0.0877193	0.570175	0.0263158	0.0701754
0.333333	0.333333	0.0833333	0.166667	0.0833333
0.142061	0.0278552	0.743733	0.0139276	0.0724234
0.0432633	0.0568603	0.891224	0.00247219	0.00618047
0.285714	0.285714	0.142857	0.142857	0.142857
0.565217	0.130435	0.173913	0.0869565	0.0434783
0.333333	0.333333	0.0555556	0.111111	0.166667
0.55418	0.334365	0.0185759	0.0773994	0.0154799
0.352459	0.155738	0.45082	0.0327869	0.00819672
0.651515	0.166667	0.0606061	0.0454545	0.0757576
0.72549	0.0196078	0.137255	0.0980392	0.0196078
0.45098	0.137255	0.127451	0.27451	0.00980392
0.297297	0.027027	0.540541	0.027027	0.108108
0.236842	0.0789474	0.368421	0.131579	0.184211
0.291667	0.0833333	0.458333	0.125	0.0416667
0.205882	0.147059	0.147059	0.147059	0.352941
0.2	0.2	0.2	0.2	0.2
0.292683	0.0731707	0.182927	0.097561	0.353659
0.581395	0.162791	0.0232558	0.0232558	0.209302
0.226415	0.54717	0.0566038	0.0377358	0.132075
0.00574713	0.059387	0.0402299	0.860153	0.0344828
0.216216	0.135135	0.513514	0.0810811	0.0540541
0.481481	0.148148	0.0740741	0.111111	0.185185
0.166667	0.125	0.638889	0.0416667	0.0277778
0.1	0.0333333	0.766667	0.0666667	0.0333333
0.23192	0.114713	0.042394	0.605985	0.00498753
0.0454545	0.0454545	0.772727	0.0454545	0.0909091
0.461538	0.217949	0.025641	0.282051	0.0128205
0.678899	0.137615	0.0917431	0.0183486	0.0733945
0.540816	0.316327	0.0306122	0.0918367	0.0204082
0.48	0.16	0.28	0.06	0.02
0.421053	0.473684	0.0263158	0.0263158	0.0526316
0.363636	0.454545	0.12987	0.025974	0.025974
0.2	0.2	0.2	0.2	0.2
0.111111	0.0555556	0.666667	0.0555556	0.111111
0.315789	0.526316	0.0263158	0.105263	0.0263158
0.0793651	0.656085	0.026455	0.206349	0.031746
0.179487	0.74359	0.025641	0.025641	0.025641
0.2	0.2	0.2	0.2	0.2
0.409091	0.227273	0.0454545	0.0454545	0.272727
0.289157	0.0843373	0.433735	0.0481928	0.144578
0.314286	0.185714	0.0142857	0.457143	0.0285714
0.290323	0.193548	0.451613	0.0322581	0.0322581
0.525	0.05	0.175	0.225	0.025
0.363636	0.0909091	0.272727	0.0909091	0.181818
0.315789	0.0526316	0.526316	0.0526316	0.0526316
0.333333	0.166667	0.166667	0.25	0.0833333
0.122449	0.163265	0.387755	0.0204082	0.306122
0.315789	0.157895	0.0526316	0.157895	0.315789
0.232558	0.604651	0.0232558	0.116279	0.0232558
0.292683	0.097561	0.439024	0.0731707	0.097561
0.168582	0.0536398	0.126437	0.126437	0.524904
0.09375	0.125	0.59375	0.09375	0.09375
0.44	0.133333	0.293333	0.0266667	0.106667
0.037037	0.111111	0.444444	0.037037	0.37037
0.494118	0.117647	0.270588	0.0941176	0.0235294
0.590909	0.181818	0.0454545	0.0909091	0.0909091
0.357143	0.142857	0.285714	0.142857	0.0714286
0.163265	0.591837	0.122449	0.0204082	0.102041
0.4	0.1	0.3	0.1	0.1
0.5	0.0454545	0.181818	0.0454545	0.227273
0.821429	0.119048	0.0119048	0.0119048	0.0357143
0.309091	0.290909	0.0909091	0.2	0.109091
0.03125	0.28125	0.625	0.03125	0.03125
0.251748	0.048951	0.125874	0.188811	0.384615
0.229508	0.0491803	0.655738	0.0327869	0.0327869
0.193548	0.0967742	0.483871	0.16129	0.0645161
0.333333	0.238095	0.285714	0.047619	0.0952381
0.289474	0.0789474	0.421053	0.105263	0.105263
0.2	0.2	0.2	0.2	0.2
0.333333	0.030303	0.606061	0.0151515	0.0151515
0.72093	0.0232558	0.0232558	0.0697674	0.162791
0.359551	0.146067	0.438202	0.0337079	0.0224719
0.190476	0.587302	0.15873	0.031746	0.031746
0.269231	0.115385	0.423077	0.0769231	0.115385
0.235294	0.588235	0.00980392	0.0980392	0.0686275
0.204819	0.0963855	0.46988	0.0240964	0.204819
0.538462	0.0769231	0.307692	0.0384615	0.0384615
0.264706	0.0294118	0.352941	0.117647	0.235294
0.216216	0.540541	0.108108	0.027027	0.108108
0.588235	0.117647	0.117647	0.117647	0.0588235
0.294118	0.0588235	0.352941	0.0588235	0.235294
0.235294	0.0588235	0.529412	0.117647	0.0588235
0.5	0.285714	0.0714286	0.0714286	0.0714286
0.226415	0.0188679	0.528302	0.0188679	0.207547
0.507692	0.0384615	0.384615	0.00769231	0.0615385
0.2	0.2	0.2	0.2	0.2
0.875	0.03125	0.03125	0.03125	0.03125
0.458333	0.111111	0.347222	0.0416667	0.0416667
0.379928	0.505376	0.0143369	0.09319	0.00716846
0.384615	0.153846	0.0384615	0.384615	0.0384615
0.333333	0.0666667	0.0666667	0.4	0.133333
0.291667	0.125	0.25	0.125	0.208333
0.2625	0.1	0.05	0.55	0.0375
0.194444	0.0277778	0.583333	0.0277778	0.166667
0.2	0.2	0.0666667	0.266667	0.266667
0.357143	0.142857	0.0714286	0.142857	0.285714
0.256148	0.430328	0.0819672	0.227459	0.00409836
0.285714	0.047619	0.047619	0.571429	0.047619
0.454545	0.181818	0.0909091	0.0909091	0.181818
0.388158	0.0460526	0.539474	0.00657895	0.0197368
0.16129	0.153226	0.637097	0.0322581	0.016129
0.0983284	0.141101	0.039823	0.711406	0.0093412
0.595238	0.0238095	0.0238095	0.0238095	0.333333
0.37931	0.0344828	0.517241	0.0344828	0.0344828
0.0933333	0.0633333	0.11	0.0366667	0.696667
0.409836	0.131148	0.344262	0.0163934	0.0983607
0.166667	0.458333	0.291667	0.0416667	0.0416667
0.769231	0.0615385	0.0153846	0.107692	0.0461538
0.703704	0.0555556	0.166667	0.037037	0.037037
0.206186	0.582474	0.0515464	0.139175	0.0206186
0.731183	0.0537634	0.0752688	0.0537634	0.0860215
0.222222	0.333333	0.111111	0.185185	0.148148
0.090411	0.112329	0.030137	0.761644	0.00547945
0.216216	0.648649	0.027027	0.0810811	0.027027
0.16092	0.471264	0.0574713	0.275862	0.0344828
0.108108	0.378378	0.378378	0.027027	0.108108
0.195652	0.0362319	0.115942	0.644928	0.00724638
0.575758	0.0909091	0.030303	0.272727	0.030303
0.666667	0.0555556	0.111111	0.111111	0.0555556
0.292308	0.661538	0.0230769	0.0153846	0.00769231
0.2	0.133333	0.566667	0.0666667	0.0333333
0.125	0.208333	0.375	0.0416667	0.25
0.316667	0.233333	0.0166667	0.2	0.233333
0.393939	0.191919	0.353535	0.030303	0.030303
0.322034	0.0847458	0.525424	0.0169492	0.0508475
0.212121	0.0757576	0.378788	0.0151515	0.318182
0.357143	0.0357143	0.535714	0.0357143	0.0357143
0.215686	0.0980392	0.607843	0.0196078	0.0588235
0.227273	0.613636	0.0227273	0.0909091	0.0454545
0.111111	0.222222	0.222222	0.111111	0.333333
0.6	0.0285714	0.114286	0.114286	0.142857
0.174274	0.124481	0.0290456	0.659751	0.0124481
0.217391	0.704013	0.0334448	0.0351171	0.0100334
0.296296	0.259259	0.185185	0.037037	0.222222
0.298701	0.0909091	0.025974	0.571429	0.012987
0.5	0.214286	0.142857	0.0714286	0.0714286
0.190476	0.015873	0.746032	0.031746	0.015873
0.613445	0.0756303	0.189076	0.012605	0.109244
0.23913	0.195652	0.0869565	0.304348	0.173913
0.298246	0.140351	0.403509	0.0350877	0.122807
0.133333	0.2	0.266667	0.133333	0.266667
0.694444	0.138889	0.0277778	0.0555556	0.0833333
0.140216	0.087917	0.712353	0.0513977	0.00811542
0.333333	0.166667	0.166667	0.166667	0.166667
0.267327	0.331683	0.0346535	0.356436	0.00990099
0.272727	0.272727	0.272727	0.0909091	0.0909091
0.0737101	0.0528256	0.0700246	0.034398	0.769042
0.479365	0.0402116	0.00740741	0.469841	0.0031746
0.0714286	0.821429	0.0357143	0.0357143	0.0357143
0.207792	0.168831	0.012987	0.597403	0.012987
0.134372	0.258033	0.508277	0.0623174	0.037001
0.75	0.0277778	0.0833333	0.0555556	0.0833333
0.333333	0.222222	0.0555556	0.111111	0.277778
0.464286	0.0357143	0.0357143	0.25	0.214286
0.266667	0.266667	0.133333	0.2	0.133333
0.538462	0.021978	0.362637	0.043956	0.032967
0.28125	0.03125	0.5	0.15625	0.03125
0.261905	0.166667	0.333333	0.0238095	0.214286
0.314815	0.277778	0.0925926	0.277778	0.037037
0.225806	0.290323	0.0322581	0.354839	0.0967742
0.439394	0.0757576	0.106061	0.0151515	0.363636
0.45	0.3	0.05	0.1	0.1
0.264706	0.544118	0.0441176	0.0882353	0.0588235
0.380952	0.047619	0.47619	0.047619	0.047619
0.264706	0.117647	0.558824	0.0294118	0.0294118
0.275862	0.0344828	0.551724	0.0689655	0.0689655
0.378378	0.27027	0.27027	0.0540541	0.027027
0.565217	0.130435	0.0434783	0.0869565	0.173913
0.684211	0.157895	0.0526316	0.0526316	0.0526316
0.153846	0.0769231	0.538462	0.153846	0.0769231
0.115385	0.115385	0.711538	0.0384615	0.0192308
0.2	0.2	0.2	0.2	0.2
0.447761	0.0149254	0.507463	0.0149254	0.0149254
0.264151	0.132075	0.396226	0.0943396	0.113208
0.3125	0.0625	0.5	0.0625	0.0625
0.0526316	0.0526316	0.736842	0.0526316	0.105263
0.273632	0.19403	0.0199005	0.487562	0.0248756
0.539326	0.0224719	0.41573	0.011236	0.011236
0.294118	0.0588235	0.529412	0.0588235	0.0588235
0.266667	0.0333333	0.4	0.0666667	0.233333
0.787879	0.0606061	0.030303	0.030303	0.0909091
0.5	0.282609	0.0652174	0.0869565	0.0652174
0.14	0.54	0.02	0.1	0.2
0.672897	0.0373832	0.0654206	0.186916	0.0373832
0.444444	0.111111	0.148148	0.0740741	0.222222
0.2	0.2	0.2	0.2	0.2
0.15311	0.177033	0.578947	0.0861244	0.00478469
0.282609	0.130435	0.0869565	0.456522	0.0434783
0.578947	0.105263	0.0526316	0.157895	0.105263
0.5	0.152174	0.130435	0.0217391	0.195652
0.3	0.1	0.05	0.1	0.45
0.617647	0.0882353	0.0294118	0.0882353	0.176471
0.377049	0.557377	0.0163934	0.0327869	0.0163934
0.315789	0.210526	0.157895	0.210526	0.105263
0.4375	0.0625	0.0625	0.25	0.1875
0.107692	0.0769231	0.107692	0.0769231	0.630769
0.55	0.25	0.05	0.1	0.05
0.132075	0.231132	0.0306604	0.601415	0.00471698
0.494118	0.105882	0.0705882	0.317647	0.0117647
0.555556	0.0277778	0.138889	0.0833333	0.194444
0.642857	0.178571	0.0357143	0.0714286	0.0714286
0.0204082	0.122449	0.673469	0.0612245	0.122449
0.344828	0.0804598	0.482759	0.045977	0.045977
0.368421	0.105263	0.105263	0.0526316	0.368421
0.26087	0.0869565	0.391304	0.0434783	0.217391
0.185185	0.555556	0.111111	0.111111	0.037037
0.344828	0.0344828	0.413793	0.0344828	0.172414
0.407407	0.0740741	0.407407	0.037037	0.0740741
0.266667	0.65	0.0166667	0.0333333	0.0333333
0.0689655	0.655172	0.0689655	0.103448	0.103448
0.125	0.5	0.125	0.125	0.125
0.179487	0.115385	0.0384615	0.602564	0.0641026
0.277108	0.240964	0.337349	0.0963855	0.0481928
0.44898	0.183673	0.204082	0.142857	0.0204082
0.2	0.4	0.1	0.2	0.1
0.225225	0.027027	0.711712	0.027027	0.00900901
0.612245	0.0816327	0.142857	0.0408163	0.122449
0.35	0.45	0.05	0.05	0.1
0.676471	0.147059	0.0294118	0.0588235	0.0882353
0.535714	0.0535714	0.339286	0.0357143	0.0357143
0.0670391	0.128492	0.681564	0.111732	0.0111732
0.121212	0.0606061	0.545455	0.030303	0.242424
0.366197	0.084507	0.0140845	0.450704	0.084507
0.4	0.133333	0.233333	0.133333	0.1
0.397727	0.284091	0.0113636	0.238636	0.0681818
0.734536	0.00773196	0.121134	0.0360825	0.100515
0.0714286	0.0357143	0.642857	0.142857	0.107143
0.1	0.2	0.5	0.1	0.1
0.396226	0.320755	0.0566038	0.188679	0.0377358
0.0909091	0.227273	0.5	0.0909091	0.0909091
0.387097	0.16129	0.0967742	0.129032	0.225806
0.454545	0.0909091	0.181818	0.0909091	0.181818
0.636364	0.147727	0.0113636	0.0340909	0.170455
0.105983	0.0871795	0.0632479	0.731624	0.0119658
0.466667	0.133333	0.311111	0.0222222	0.0666667
0.1	0.3	0.2	0.1	0.3
0.65	0.15	0.025	0.125	0.05
0.391304	0.173913	0.0434783	0.0434783	0.347826
0.295775	0.056338	0.591549	0.0140845	0.0422535
0.4	0.133333	0.0666667	0.2	0.2
0.0909091	0.0909091	0.636364	0.0909091	0.0909091
0.444444	0.111111	0.111111	0.166667	0.166667
0.209302	0.186047	0.418605	0.0697674	0.116279
0.352941	0.294118	0.117647	0.176471	0.0588235
0.833333	0.0416667	0.0416667	0.0416667	0.0416667
0.453704	0.0462963	0.462963	0.0277778	0.00925926
0.196172	0.11244	0.00239234	0.674641	0.0143541
0.3125	0.1875	0.0625	0.0625	0.375
0.166667	0.0833333	0.625	0.0833333	0.0416667
0.14	0.04	0.76	0.04	0.02
0.638889	0.0277778	0.0277778	0.111111	0.194444
0.333333	0.333333	0.244444	0.0666667	0.0222222
0.0275229	0.0550459	0.0366972	0.87156	0.00917431
0.361702	0.106383	0.0425532	0.468085	0.0212766
0.209677	0.709677	0.0483871	0.016129	0.016129
0.642857	0.0625	0.25	0.0267857	0.0178571
0.380952	0.0952381	0.380952	0.0952381	0.047619
0.188235	0.337255	0.0392157	0.427451	0.00784314
0.158055	0.118541	0.0425532	0.668693	0.0121581
0.32	0.56	0.0133333	0.04	0.0666667
0.222222	0.111111	0.333333	0.111111	0.222222
0.186782	0.66092	0.0431034	0.0775862	0.0316092
0.130952	0.0238095	0.690476	0.0119048	0.142857
0.203593	0.0598802	0.0299401	0.700599	0.00598802
0.0940217	0.586957	0.293478	0.023913	0.00163043
0.68	0.12	0.0514286	0.08	0.0685714
0.210526	0.157895	0.526316	0.0789474	0.0263158
0.311111	0.577778	0.0222222	0.0666667	0.0222222
0.2	0.1	0.3	0.1	0.3
0.254902	0.588235	0.0196078	0.0196078	0.117647
0.2	0.2	0.2	0.2	0.2
0.135135	0.310811	0.0135135	0.527027	0.0135135
0.318182	0.0909091	0.5	0.0454545	0.0454545
0.529412	0.0588235	0.117647	0.235294	0.0588235
0.383838	0.010101	0.515152	0.010101	0.0808081
0.8	0.122222	0.0388889	0.0111111	0.0277778
0.40678	0.0508475	0.355932	0.0338983	0.152542
0.5	0.166667	0.166667	0.0833333	0.0833333
0.142857	0.142857	0.428571	0.142857	0.142857
0.704545	0.0227273	0.159091	0.0909091	0.0227273
0.285714	0.0952381	0.0952381	0.333333	0.190476
0.0952381	0.142857	0.666667	0.047619	0.047619
0.2	0.2	0.2	0.2	0.2
0.25	0.375	0.125	0.125	0.125
0.0526316	0.289474	0.0526316	0.447368	0.157895
0.622642	0.0943396	0.0188679	0.0566038	0.207547
0.470588	0.0588235	0.176471	0.0588235	0.235294
0.2	0.2	0.2	0.2	0.2
0.466667	0.2	0.0666667	0.133333	0.133333
0.25	0.25	0.125	0.25	0.125
0.166667	0.277778	0.125	0.361111	0.0694444
0.04	0.36	0.12	0.44	0.04
0.307692	0.0769231	0.153846	0.230769	0.230769
0.741007	0.0431655	0.00719424	0.0503597	0.158273
0.285714	0.183673	0.0204082	0.489796	0.0204082
0.338462	0.0307692	0.4	0.0307692	0.2
0.704918	0.114754	0.0163934	0.0327869	0.131148
0.3125	0.0625	0.125	0.4375	0.0625
0.2	0.2	0.2	0.2	0.2
0.636364	0.19697	0.0454545	0.106061	0.0151515
0.514286	0.0571429	0.0285714	0.114286	0.285714
0.595238	0.0952381	0.0238095	0.238095	0.047619
0.234568	0.209877	0.0617284	0.37037	0.123457
0.225352	0.295775	0.239437	0.169014	0.0704225
0.181818	0.181818	0.181818	0.0909091	0.363636
0.545455	0.0454545	0.272727	0.0909091	0.0454545
0.311475	0.590164	0.0327869	0.0491803	0.0163934
0.166667	0.0416667	0.583333	0.0138889	0.194444
0.28125	0.03125	0.125	0.0625	0.5
0.852273	0.0568182	0.0227273	0.0113636	0.0568182
0.385714	0.471429	0.0285714	0.0714286	0.0428571
0.483871	0.0322581	0.387097	0.0645161	0.0322581
0.526316	0.105263	0.0526316	0.263158	0.0526316
0.454545	0.0909091	0.181818	0.0909091	0.181818
0.652174	0.0652174	0.108696	0.108696	0.0652174
0.0882353	0.0294118	0.676471	0.0294118	0.176471
0.1875	0.5	0.125	0.125	0.0625
0.1	0.2	0.5	0.1	0.1
0.651163	0.0232558	0.162791	0.0697674	0.0930233
0.16	0.28	0.08	0.24	0.24
0.428571	0.0714286	0.142857	0.214286	0.142857
0.758621	0.0689655	0.0344828	0.0689655	0.0689655
0.352	0.056	0.536	0.016	0.04
0.125	0.6875	0.0625	0.0625	0.0625
0.315315	0.576577	0.018018	0.018018	0.0720721
0.12	0.52	0.08	0.16	0.12
0.194444	0.166667	0.555556	0.0555556	0.0277778
0.471014	0.304348	0.0869565	0.0144928	0.123188
0.363636	0.0909091	0.181818	0.0909091	0.272727
0.131148	0.344262	0.344262	0.0819672	0.0983607
0.339623	0.169811	0.396226	0.0566038	0.0377358
0.272727	0.181818	0.0909091	0.363636	0.0909091
0.412844	0.110092	0.394495	0.0733945	0.00917431
0.222222	0.0555556	0.5	0.111111	0.111111
0.125	0.125	0.375	0.25	0.125
0.285714	0.142857	0.142857	0.142857	0.285714
0.2	0.4	0.2	0.1	0.1
0.673469	0.0612245	0.0408163	0.183673	0.0408163
0.333333	0.333333	0.142857	0.142857	0.047619
0.0526316	0.473684	0.263158	0.105263	0.105263
0.0625	0.145833	0.645833	0.0625	0.0833333
0.333333	0.047619	0.47619	0.047619	0.0952381
0.4	0.1	0.2	0.1	0.2
0.76	0.133333	0.0133333	0.0666667	0.0266667
0.321429	0.0714286	0.392857	0.0357143	0.178571
0.735632	0.0804598	0.0689655	0.0114943	0.103448
0.318182	0.0909091	0.0909091	0.204545	0.295455
0.228261	0.179348	0.0108696	0.576087	0.00543478
0.5125	0.1625	0.05	0.0375	0.2375
0.421053	0.157895	0.131579	0.263158	0.0263158
0.190476	0.0238095	0.666667	0.0714286	0.047619
0.109557	0.634033	0.030303	0.212121	0.013986
0.0526316	0.421053	0.105263	0.105263	0.315789
0.320755	0.0188679	0.603774	0.0188679	0.0377358
0.458333	0.0416667	0.145833	0.0416667	0.3125
0.742072	0.156448	0.0190275	0.0613108	0.0211416
0.48	0.32	0.08	0.08	0.04
0.291667	0.0833333	0.5	0.0416667	0.0833333
0.225806	0.0967742	0.483871	0.0967742	0.0967742
0.351351	0.027027	0.108108	0.027027	0.486486
0.222222	0.222222	0.277778	0.0555556	0.222222
0.318182	0.0454545	0.409091	0.136364	0.0909091
0.527027	0.0945946	0.256757	0.027027	0.0945946
0.277778	0.0555556	0.574074	0.037037	0.0555556
0.340909	0.340909	0.102273	0.204545	0.0113636
0.490909	0.0363636	0.3	0.127273	0.0454545
0.333333	0.0196078	0.607843	0.0196078	0.0196078
0.183784	0.0108108	0.0108108	0.789189	0.00540541
0.644737	0.144737	0.118421	0.0131579	0.0789474
0.2	0.2	0.2	0.2	0.2
0.382979	0.475177	0.0141844	0.106383	0.0212766
0.328947	0.157895	0.0394737	0.421053	0.0526316
0.416667	0.25	0.0833333	0.166667	0.0833333
0.344828	0.0689655	0.0172414	0.551724	0.0172414
0.348485	0.378788	0.0151515	0.212121	0.0454545
0.333333	0.486111	0.0277778	0.0833333	0.0694444
0.153846	0.476923	0.0153846	0.338462	0.0153846
0.5	0.344262	0.0163934	0.131148	0.00819672
0.52381	0.285714	0.0952381	0.047619	0.047619
0.235294	0.0588235	0.235294	0.176471	0.294118
0.289474	0.434211	0.0526316	0.184211	0.0394737
0.184211	0.131579	0.605263	0.0263158	0.0526316
0.32	0.2	0.08	0.36	0.04
0.689394	0.106061	0.0378788	0.0833333	0.0833333
0.21875	0.6875	0.03125	0.03125	0.03125
0.328767	0.109589	0.534247	0.0136986	0.0136986
0.272727	0.212121	0.030303	0.121212	0.363636
0.34375	0.09375	0.25	0.03125	0.28125
0.192308	0.0384615	0.653846	0.0769231	0.0384615
0.484848	0.121212	0.30303	0.0606061	0.030303
0.253968	0.349206	0.015873	0.349206	0.031746
0.230769	0.0769231	0.384615	0.230769	0.0769231
0.311111	0.466667	0.177778	0.0222222	0.0222222
0.567568	0.310811	0.0135135	0.0810811	0.027027
0.272727	0.0909091	0.454545	0.0909091	0.0909091
0.363636	0.0909091	0.454545	0.0454545	0.0454545
0.1	0.5	0.1	0.1	0.2
0.604651	0.186047	0.0232558	0.0465116	0.139535
0.352941	0.117647	0.235294	0.0588235	0.235294
0.362319	0.318841	0.130435	0.173913	0.0144928
0.0353591	0.0414365	0.89337	0.0171271	0.0127072
0.594595	0.027027	0.162162	0.027027	0.189189
0.104167	0.6875	0.0208333	0.0208333	0.166667
0.411765	0.0588235	0.117647	0.352941	0.0588235
0.210526	0.0175439	0.578947	0.0877193	0.105263
0.340909	0.386364	0.0681818	0.113636	0.0909091
0.117647	0.0392157	0.372549	0.0196078	0.45098
0.48	0.04	0.08	0.04	0.36
0.142857	0.2	0.571429	0.0571429	0.0285714
0.169261	0.597276	0.0330739	0.196498	0.00389105
0.411765	0.0588235	0.176471	0.117647	0.235294
0.538462	0.205128	0.205128	0.025641	0.025641
0.2	0.2	0.2	0.2	0.2
0.2	0.2	0.2	0.2	0.2
0.347945	0.512329	0.0986301	0.030137	0.0109589
0.145833	0.0520833	0.375	0.0104167	0.416667
0.529412	0.117647	0.235294	0.0588235	0.0588235
0.00341297	0.00682594	0.00682594	0.00511945	0.977816
0.0967742	0.0645161	0.483871	0.0645161	0.290323
0.28	0.0933333	0.413333	0.0133333	0.2
0.377358	0.0754717	0.509434	0.0188679	0.0188679
0.533333	0.0666667	0.133333	0.133333	0.133333
0.147541	0.147541	0.672131	0.0163934	0.0163934
0.125	0.375	0.25	0.125	0.125
0.268293	0.0243902	0.560976	0.0731707	0.0731707
0.27027	0.162162	0.189189	0.0540541	0.324324
0.217391	0.391304	0.0869565	0.217391	0.0869565
0.388889	0.0555556	0.333333	0.111111	0.111111
0.285714	0.0714286	0.535714	0.0357143	0.0714286
0.636364	0.190731	0.139037	0.0178253	0.0160428
0.320755	0.113208	0.396226	0.0566038	0.113208
0.6875	0.0625	0.0208333	0.145833	0.0833333
0.421053	0.421053	0.0526316	0.0526316	0.0526316
0.2	0.2	0.2	0.2	0.2
0.424242	0.272727	0.030303	0.212121	0.0606061
0.454545	0.272727	0.0909091	0.136364	0.0454545
0.176471	0.176471	0.117647	0.117647	0.411765
0.444444	0.111111	0.111111	0.111111	0.222222
0.266667	0.533333	0.1	0.0666667	0.0333333
0.15493	0.211268	0.0422535	0.521127	0.0704225
0.210526	0.157895	0.473684	0.0526316	0.105263
0.4375	0.125	0.166667	0.0208333	0.25
0.246154	0.446154	0.0923077	0.153846	0.0615385
0.0938303	0.119537	0.0321337	0.753213	0.00128535
0.174312	0.266055	0.46789	0.0642202	0.0275229
0.464789	0.0985915	0.408451	0.0140845	0.0140845
0.35	0.1	0.35	0.05	0.15
0.185185	0.0246914	0.666667	0.0123457	0.111111
0.258065	0.16129	0.5	0.016129	0.0645161
0.438272	0.104938	0.41358	0.0246914	0.0185185
0.651163	0.0697674	0.139535	0.0930233	0.0465116
0.277778	0.138889	0.0277778	0.546296	0.00925926
0.0888889	0.133333	0.644444	0.0222222	0.111111
0.166667	0.333333	0.166667	0.166667	0.166667
0.625	0.0416667	0.0416667	0.0416667	0.25
0.578947	0.263158	0.0526316	0.0526316	0.0526316
0.246835	0.0886076	0.506329	0.0949367	0.0632911
0.2	0.2	0.2	0.2	0.2
0.2	0.2	0.2	0.2	0.2
0.227273	0.136364	0.5	0.0909091	0.0454545
0.411765	0.117647	0.27451	0.0980392	0.0980392
0.0848586	0.21797	0.014975	0.64975	0.0324459
0.545455	0.0909091	0.0909091	0.0909091	0.181818
0.105263	0.0526316	0.526316	0.0526316	0.263158
0.333333	0.1	0.1	0.0333333	0.433333
0.217391	0.130435	0.521739	0.0434783	0.0869565
0.163462	0.0961538	0.00961538	0.115385	0.615385
0.2	0.2	0.2	0.2	0.2
0.194444	0.0277778	0.388889	0.111111	0.277778
0.719697	0.121212	0.0530303	0.0227273	0.0833333
0.136364	0.681818	0.106061	0.0454545	0.030303
0.333333	0.0784314	0.529412	0.0196078	0.0392157
0.3	0.15	0.05	0.3	0.2
0.122449	0.734694	0.0408163	0.0612245	0.0408163
0.483333	0.433333	0.0333333	0.0333333	0.0166667
0.418605	0.255814	0.232558	0.0465116	0.0465116
0.5	0.125	0.125	0.125	0.125
0.388889	0.0555556	0.444444	0.0555556	0.0555556
0.555556	0.166667	0.166667	0.0555556	0.0555556
0.395349	0.0232558	0.348837	0.116279	0.116279
0.36478	0.572327	0.0157233	0.0408805	0.00628931
0.5	0.111111	0.166667	0.0555556	0.166667
0.428571	0.142857	0.142857	0.142857	0.142857
0.214286	0.107143	0.25	0.321429	0.107143
0.24	0.08	0.6	0.04	0.04
0.151292	0.195572	0.0369004	0.571956	0.0442804
0.894737	0.0175439	0.0175439	0.0526316	0.0175439
0.434783	0.0869565	0.0434783	0.347826	0.0869565
0.148148	0.148148	0.62963	0.0555556	0.0185185
0.388889	0.111111	0.222222	0.0555556	0.222222
0.102041	0.673469	0.122449	0.0408163	0.0612245
0.730769	0.0384615	0.0128205	0.025641	0.192308
0.444444	0.194444	0.194444	0.0555556	0.111111
0.2	0.2	0.2	0.2	0.2
0.2	0.2	0.2	0.2	0.2
0.580645	0.193548	0.0967742	0.0967742	0.0322581
0.428571	0.0714286	0.214286	0.0714286	0.214286
0.166667	0.1	0.5	0.1	0.133333
0.0564663	0.0983607	0.0819672	0.730419	0.0327869
0.352941	0.294118	0.0588235	0.0588235	0.235294
0.412429	0.435028	0.0621469	0.0508475	0.039548
0.261905	0.0238095	0.380952	0.0714286	0.261905
0.300813	0.00813008	0.666667	0.0162602	0.00813008
0.446429	0.107143	0.357143	0.0178571	0.0714286
0.513514	0.108108	0.0810811	0.0810811	0.216216
0.465347	0.356436	0.0891089	0.049505	0.039604
0.176471	0.0588235	0.235294	0.411765	0.117647
0.20442	0.11326	0.337017	0.251381	0.0939227
0.0333333	0.366667	0.0333333	0.133333	0.433333
0.5	0.0555556	0.277778	0.0555556	0.111111
0.190476	0.0714286	0.357143	0.238095	0.142857
0.178571	0.642857	0.0357143	0.0357143	0.107143
0.402778	0.0416667	0.375	0.0833333	0.0972222
0.2	0.2	0.2	0.2	0.2
0.2	0.2	0.2	0.2	0.2
0.426667	0.12	0.4	0.04	0.0133333
0.715447	0.0894309	0.0162602	0.0894309	0.0894309
0.166667	0.166667	0.333333	0.166667	0.166667
0.2	0.15	0.25	0.3	0.1
0.695652	0.0543478	0.076087	0.0652174	0.108696
0.285714	0.3	0.1	0.285714	0.0285714
0.221154	0.0961538	0.173077	0.0192308	0.490385
0.662722	0.0473373	0.147929	0.0532544	0.0887574
0.428571	0.0238095	0.47619	0.0238095	0.047619
0.28	0.16	0.44	0.08	0.04
0.218182	0.0181818	0.581818	0.0363636	0.145455
0.142857	0.142857	0.142857	0.428571	0.142857
0.407407	0.185185	0.037037	0.148148	0.222222
0.338983	0.0677966	0.457627	0.0847458	0.0508475
0.590164	0.0163934	0.360656	0.0163934	0.0163934
0.153846	0.0576923	0.0961538	0.673077	0.0192308
0.333333	0.380952	0.0714286	0.047619	0.166667
0.230769	0.153846	0.0769231	0.230769	0.307692
0.369231	0.2	0.369231	0.0461538	0.0153846
0.125	0.1875	0.25	0.25	0.1875
0.235955	0.382022	0.269663	0.101124	0.011236
0.222222	0.111111	0.333333	0.222222	0.111111
0.166667	0.291667	0.125	0.291667	0.125
0.166667	0.166667	0.166667	0.166667	0.333333
0.0163934	0.0655738	0.360656	0.0163934	0.540984
0.0563003	0.19571	0.412869	0.0536193	0.281501
0.466667	0.133333	0.2	0.0666667	0.133333
0.2	0.2	0.2	0.2	0.2
0.307692	0.102564	0.512821	0.0512821	0.025641
0.217391	0.217391	0.304348	0.217391	0.0434783
0.225806	0.0483871	0.370968	0.0483871	0.306452
0.290323	0.0322581	0.0215054	0.623656	0.0322581
0.489865	0.0945946	0.310811	0.0945946	0.0101351
0.521739	0.130435	0.0869565	0.0869565	0.173913
0.27451	0.0980392	0.529412	0.0392157	0.0588235
0.266667	0.0666667	0.4	0.2	0.0666667
0.181818	0.636364	0.0181818	0.145455	0.0181818
0.377907	0.563953	0.0174419	0.0348837	0.00581395
0.541667	0.0833333	0.291667	0.0416667	0.0416667
0.685393	0.134831	0.0674157	0.0337079	0.0786517
0.175439	0.0140351	0.561404	0.0105263	0.238596
0.702703	0.027027	0.0540541	0.135135	0.0810811
0.327273	0.181818	0.436364	0.0363636	0.0181818
0.0754717	0.320755	0.0754717	0.358491	0.169811
0.222222	0.111111	0.111111	0.444444	0.111111
0.113924	0.107595	0.0316456	0.737342	0.00949367
0.0808229	0.0808229	0.785452	0.0183688	0.0345334
0.0909091	0.363636	0.0454545	0.454545	0.0454545
0.114286	0.742857	0.0571429	0.0571429	0.0285714
0.472222	0.444444	0.037037	0.0277778	0.0185185
0.238095	0.047619	0.333333	0.142857	0.238095
0.259259	0.148148	0.481481	0.0740741	0.037037
0.333333	0.0952381	0.285714	0.047619	0.238095
0.4375	0.09375	0.28125	0.09375	0.09375
0.0769231	0.153846	0.576923	0.0769231	0.115385
0.2	0.2	0.2	0.2	0.2
0.307692	0.0769231	0.115385	0.423077	0.0769231
0.363636	0.181818	0.181818	0.181818	0.0909091
0.0744681	0.0106383	0.0106383	0.882979	0.0212766
0.163043	0.130435	0.641304	0.0217391	0.0434783
0.288462	0.115385	0.288462	0.0769231	0.230769
0.8125	0.015625	0.109375	0.015625	0.046875
0.215686	0.0392157	0.0196078	0.705882	0.0196078
0.461538	0.0769231	0.153846	0.0769231	0.230769
0.0833333	0.111111	0.722222	0.0555556	0.0277778
0.154229	0.243781	0.00497512	0.532338	0.0646766
0.2	0.133333	0.533333	0.0666667	0.0666667
0.558824	0.0588235	0.0882353	0.264706	0.0294118
0.380952	0.190476	0.047619	0.285714	0.0952381
0.113636	0.295455	0.113636	0.318182	0.159091
0.702703	0.027027	0.027027	0.189189	0.0540541
0.3	0.3	0.1	0.2	0.1
0.74359	0.025641	0.0512821	0.128205	0.0512821
0.125	0.0416667	0.125	0.125	0.583333
0.470588	0.117647	0.0588235	0.235294	0.117647
0.457143	0.171429	0.2	0.0857143	0.0857143
0.213115	0.540984	0.0655738	0.147541	0.0327869
0.22	0.24	0.1	0.42	0.02
0.7	0.133333	0.0333333	0.0333333	0.1
0.5	0.0714286	0.142857	0.214286	0.0714286
0.190476	0.0952381	0.047619	0.571429	0.0952381
0.444444	0.111111	0.222222	0.111111	0.111111
0.535714	0.0357143	0.0357143	0.0714286	0.321429
0.196721	0.47541	0.0327869	0.278689	0.0163934
0.125	0.125	0.125	0.125	0.5
0.166667	0.333333	0.166667	0.166667	0.166667
0.210526	0.0877193	0.666667	0.0175439	0.0175439
0.189655	0.482759	0.224138	0.0517241	0.0517241
0.608696	0.0434783	0.0434783	0.0434783	0.26087
0.0833333	0.0833333	0.5	0.25	0.0833333
0.693878	0.244898	0.0204082	0.0204082	0.0204082
0.573864	0.0227273	0.375	0.0227273	0.00568182
0.658537	0.243902	0.0243902	0.0609756	0.0121951
0.791667	0.0416667	0.0416667	0.0833333	0.0416667
0.24	0.24	0.2	0.16	0.16
0.230769	0.0769231	0.0769231	0.538462	0.0769231
0.125	0.25	0.125	0.25	0.25
0.309524	0.047619	0.595238	0.0238095	0.0238095
0.26087	0.608696	0.0289855	0.0797101	0.0217391
0.571429	0.261905	0.0714286	0.0238095	0.0714286
0.285714	0.142857	0.428571	0.0714286	0.0714286
0.2	0.5	0.1	0.1	0.1
0.0701754	0.140351	0.754386	0.0175439	0.0175439
0.583942	0.240876	0.0145985	0.124088	0.0364964
0.2	0.45	0.05	0.25	0.05
0.047619	0.571429	0.190476	0.0952381	0.0952381
0.1875	0.1875	0.1875	0.375	0.0625
0.222222	0.0740741	0.037037	0.62963	0.037037
0.142857	0.0714286	0.428571	0.0714286	0.285714
0.672	0.064	0.168	0.056	0.04
0.28125	0.03125	0.15625	0.40625	0.125
0.05	0.15	0.6	0.05	0.15
0.291667	0.5	0.125	0.0416667	0.0416667
0.192308	0.0769231	0.576923	0.0384615	0.115385
0.313953	0.116279	0.534884	0.0116279	0.0232558
0.578947	0.0526316	0.0526316	0.210526	0.105263
0.1	0.3	0.2	0.1	0.3
0.458333	0.0416667	0.4375	0.0208333	0.0416667
0.565217	0.217391	0.130435	0.0434783	0.0434783
0.272727	0.0454545	0.318182	0.136364	0.227273
0.333333	0.0952381	0.380952	0.047619	0.142857
0.538462	0.153846	0.0769231	0.0769231	0.153846
0.261905	0.357143	0.0714286	0.214286	0.0952381
0.2	0.2	0.2	0.2	0.2
0.441176	0.0882353	0.352941	0.0882353	0.0294118
0.134146	0.378049	0.158537	0.317073	0.0121951
0.5	0.111111	0.277778	0.0555556	0.0555556
0.205882	0.676471	0.0294118	0.0588235	0.0294118
0.1	0.3	0.3	0.2	0.1
0.157895	0.0526316	0.315789	0.315789	0.157895
0.386667	0.233333	0.0133333	0.34	0.0266667
0.4	0.0571429	0.171429	0.342857	0.0285714
0.588235	0.205882	0.0294118	0.117647	0.0588235
0.415385	0.169231	0.0461538	0.307692	0.0615385
0.15625	0.0625	0.65625	0.0625	0.0625
0.181818	0.545455	0.0909091	0.0909091	0.0909091
0.210526	0.0526316	0.578947	0.0526316	0.105263
0.665049	0.262136	0.0194175	0.00970874	0.0436893
0.0125523	0.0209205	0.0041841	0.0543933	0.90795
0.551724	0.0344828	0.172414	0.0344828	0.206897
0.0625	0.4375	0.375	0.0625	0.0625
0.4375	0.09375	0.375	0.03125	0.0625
0.228477	0.208609	0.486755	0.0629139	0.013245
0.529412	0.117647	0.117647	0.176471	0.0588235
0.25	0.25	0.25	0.125	0.125
0.227273	0.136364	0.5	0.0454545	0.0909091
0.333333	0.25	0.0833333	0.25	0.0833333
0.416667	0.25	0.0416667	0.208333	0.0833333
0.047619	0.047619	0.333333	0.0952381	0.47619
0.0769231	0.153846	0.653846	0.0769231	0.0384615
0.238095	0.047619	0.5	0.0714286	0.142857
0.377778	0.111111	0.266667	0.0444444	0.2
0.342466	0.424658	0.123288	0.0958904	0.0136986
0.435897	0.025641	0.435897	0.025641	0.0769231
0.235294	0.235294	0.382353	0.0294118	0.117647
0.490909	0.127273	0.0909091	0.236364	0.0545455
0.09375	0.5	0.25	0.125	0.03125
0.181818	0.5	0.0909091	0.0909091	0.136364
0.24	0.12	0.08	0.54	0.02
0.1875	0.0625	0.0625	0.5625	0.125
0.515152	0.121212	0.121212	0.0909091	0.151515
0.258621	0.488506	0.0143678	0.232759	0.00574713
0.106383	0.0851064	0.382979	0.148936	0.276596
0.382353	0.323529	0.0882353	0.176471	0.0294118
0.325397	0.150794	0.5	0.015873	0.00793651
0.555556	0.111111	0.111111	0.111111	0.111111
0.227273	0.386364	0.113636	0.0454545	0.227273
0.28125	0.125	0.53125	0.03125	0.03125
0.35	0.1	0.15	0.1	0.3
0.483333	0.0666667	0.0666667	0.05	0.333333
0.388889	0.0277778	0.0277778	0.472222	0.0833333
0.0615385	0.0153846	0.846154	0.0461538	0.0307692
0.115385	0.538462	0.0384615	0.269231	0.0384615
0.740741	0.037037	0.037037	0.148148	0.037037
0.230769	0.288462	0.288462	0.173077	0.0192308
0.411765	0.176471	0.0588235	0.176471	0.176471
0.555556	0.222222	0.0555556	0.111111	0.0555556
0.292308	0.184615	0.492308	0.0153846	0.0153846
0.0628931	0.125786	0.0377358	0.735849	0.0377358
0.590909	0.0584416	0.0909091	0.00649351	0.253247
0.409091	0.454545	0.0454545	0.0454545	0.0454545
0.128058	0.702158	0.0604317	0.0892086	0.0201439
0.247312	0.655914	0.0215054	0.0537634	0.0215054
0.784053	0.196013	0.00332226	0.00664452	0.00996678
0.256997	0.178117	0.0127226	0.549618	0.00254453
0.025284	0.777941	0.136314	0.0282155	0.0322462
0.428571	0.0857143	0.114286	0.314286	0.0571429
0.190476	0.571429	0.142857	0.047619	0.047619
0.589744	0.025641	0.230769	0.0512821	0.102564
0.173295	0.105114	0.642045	0.0340909	0.0454545
0.215686	0.156863	0.254902	0.0784314	0.294118
0.291667	0.1875	0.4375	0.0625	0.0208333
0.4	0.133333	0.2	0.133333	0.133333
0.222222	0.333333	0.222222	0.111111	0.111111
0.454545	0.030303	0.181818	0.181818	0.151515
0.472222	0.0555556	0.138889	0.0833333	0.25
0.52	0.04	0.04	0.08	0.32
0.1875	0.25	0.0625	0.479167	0.0208333
0.266667	0.466667	0.0333333	0.2	0.0333333
0.52381	0.015873	0.0793651	0.0952381	0.285714
0.418919	0.472973	0.0675676	0.0135135	0.027027
0.175676	0.77027	0.0135135	0.0135135	0.027027
0.20339	0.627119	0.0169492	0.135593	0.0169492
0.101415	0.0731132	0.0377358	0.783019	0.00471698
0.285714	0.571429	0.047619	0.047619	0.047619
0.806005	0.0138568	0.00461894	0.0577367	0.117783
0.0263158	0.105263	0.5	0.0789474	0.289474
0.1	0.2	0.3	0.1	0.3
0.333333	0.037037	0.222222	0.037037	0.37037
0.5	0.373737	0.020202	0.10101	0.00505051
0.153846	0.717949	0.0769231	0.025641	0.025641
0.3	0.1	0.2	0.3	0.1
0.422535	0.0140845	0.464789	0.0422535	0.056338
0.113636	0.159091	0.681818	0.0227273	0.0227273
0.36	0.0177778	0.262222	0.00888889	0.351111
0.548387	0.0322581	0.129032	0.129032	0.16129
0.493333	0.24	0.106667	0.106667	0.0533333
0.25	0.458333	0.166667	0.0416667	0.0833333
0.72	0.08	0.04	0.04	0.12
0.259259	0.222222	0.037037	0.444444	0.037037
0.217391	0.0869565	0.652174	0.0217391	0.0217391
0.666667	0.0833333	0.0833333	0.0833333	0.0833333
0.509804	0.0588235	0.0980392	0.196078	0.137255
0.352941	0.117647	0.117647	0.176471	0.235294
0.6	0.261538	0.0153846	0.0307692	0.0923077
0.0689655	0.0344828	0.551724	0.0344828	0.310345
0.16129	0.387097	0.225806	0.0645161	0.16129
0.5	0.0714286	0.214286	0.142857	0.0714286
0.226708	0.708075	0.00621118	0.0496894	0.00931677
0.369565	0.347826	0.173913	0.0652174	0.0434783
0.333333	0.0555556	0.333333	0.166667	0.111111
0.451282	0.153846	0.025641	0.364103	0.00512821
0.333333	0.2	0.05	0.333333	0.0833333
0.662651	0.060241	0.144578	0.0240964	0.108434
0.526316	0.0526316	0.157895	0.0526316	0.210526
0.283019	0.0754717	0.528302	0.0943396	0.0188679
0.173913	0.0978261	0.456522	0.26087	0.0108696
0.125	0.125	0.125	0.25	0.375
0.130435	0.695652	0.0434783	0.0869565	0.0434783
0.351351	0.216216	0.324324	0.0540541	0.0540541
0.181818	0.0454545	0.545455	0.136364	0.0909091
0.25	0.0833333	0.5	0.0833333	0.0833333
0.538462	0.230769	0.0769231	0.0769231	0.0769231
0.463768	0.130435	0.333333	0.0144928	0.057971
0.253731	0.0298507	0.0746269	0.626866	0.0149254
0.230769	0.0384615	0.423077	0.0384615	0.269231
0.588235	0.117647	0.0588235	0.0588235	0.176471
0.142857	0.0952381	0.666667	0.047619	0.047619
0.118644	0.0677966	0.59322	0.0338983	0.186441
0.483871	0.124424	0.35023	0.0322581	0.00921659
0.594595	0.0810811	0.162162	0.135135	0.027027
0.3	0.05	0.55	0.05	0.05
0.285714	0.0952381	0.285714	0.047619	0.285714
0.235294	0.0392157	0.686275	0.0196078	0.0196078
0.65625	0.25	0.03125	0.03125	0.03125
0.271341	0.222561	0.0335366	0.460366	0.0121951
0.285714	0.047619	0.571429	0.047619	0.047619
0.53125	0.104167	0.0416667	0.3125	0.0104167
0.206897	0.103448	0.551724	0.0689655	0.0689655
0.132867	0.020979	0.741259	0.048951	0.0559441
0.238095	0.238095	0.047619	0.238095	0.238095
0.511111	0.311111	0.0666667	0.0888889	0.0222222
0.178571	0.130952	0.595238	0.047619	0.047619
0.695652	0.0652174	0.108696	0.108696	0.0217391
0.666667	0.176471	0.0784314	0.0392157	0.0392157
0.254902	0.0980392	0.411765	0.156863	0.0784314
0.589286	0.0892857	0.0714286	0.0892857	0.160714
0.471698	0.283019	0.0754717	0.0188679	0.150943
0.235294	0.0882353	0.323529	0.294118	0.0588235
0.214286	0.0714286	0.571429	0.0714286	0.0714286
0.466667	0.2	0.0166667	0.283333	0.0333333
0.254545	0.163636	0.345455	0.218182	0.0181818
0.148148	0.0740741	0.62963	0.0740741	0.0740741
0.289855	0.15942	0.0724638	0.42029	0.057971
0.166667	0.166667	0.333333	0.166667	0.166667
0.352941	0.352941	0.0294118	0.117647	0.147059
0.222222	0.222222	0.388889	0.111111	0.0555556
0.428571	0.142857	0.142857	0.142857	0.142857
0.307692	0.230769	0.102564	0.282051	0.0769231
0.571429	0.142857	0.0714286	0.0714286	0.142857
0.608696	0.0434783	0.26087	0.0434783	0.0434783
0.169492	0.101695	0.457627	0.0508475	0.220339
0.422222	0.155556	0.0111111	0.4	0.0111111
0.047619	0.333333	0.031746	0.539683	0.047619
0.540984	0.360656	0.0163934	0.0655738	0.0163934
0.184211	0.131579	0.342105	0.0789474	0.263158
0.481481	0.148148	0.037037	0.0740741	0.259259
0.66055	0.0366972	0.0825688	0.0183486	0.201835
0.557895	0.268421	0.0631579	0.105263	0.00526316
0.481481	0.0123457	0.481481	0.0123457	0.0123457
0.117647	0.647059	0.0588235	0.117647	0.0588235
0.1	0.2	0.433333	0.0333333	0.233333
0.117647	0.0588235	0.647059	0.117647	0.0588235
0.409091	0.25	0.227273	0.0454545	0.0681818
0.1875	0.375	0.1875	0.125	0.125
0.333333	0.190476	0.0952381	0.047619	0.333333
0.738255	0.0939597	0.0604027	0.0671141	0.0402685
0.166667	0.25	0.333333	0.0833333	0.166667
0.435484	0.225806	0.016129	0.306452	0.016129
0.19697	0.0757576	0.666667	0.0454545	0.0151515
0.489796	0.102041	0.285714	0.102041	0.0204082
0.25	0.125	0.425	0.125	0.075
0.185891	0.714727	0.023172	0.0756952	0.000514933
0.545455	0.181818	0.0909091	0.0909091	0.0909091
0.347826	0.282609	0.0217391	0.26087	0.0869565
0.123967	0.0991736	0.471074	0.181818	0.123967
0.114286	0.0642857	0.0142857	0.803571	0.00357143
0.166667	0.25	0.166667	0.0833333	0.333333
0.2	0.371429	0.0857143	0.0857143	0.257143
0.241379	0.0413793	0.468966	0.0758621	0.172414
0.166667	0.277778	0.444444	0.0555556	0.0555556
0.409091	0.181818	0.227273	0.0454545	0.136364
0.209677	0.596774	0.145161	0.0241935	0.0241935
0.454545	0.136364	0.227273	0.0909091	0.0909091
0.0681818	0.181818	0.636364	0.0909091	0.0227273
0.48125	0.06875	0.40625	0.0375	0.00625
0.674312	0.12844	0.0366972	0.0412844	0.119266
0.128834	0.122699	0.0306748	0.466258	0.251534
0.189189	0.027027	0.567568	0.189189	0.027027
0.586207	0.0344828	0.0689655	0.0689655	0.241379
0.027933	0.284916	0.111732	0.564246	0.0111732
0.755102	0.163265	0.0204082	0.0204082	0.0408163
0.141593	0.699115	0.0353982	0.106195	0.0176991
0.34375	0.03125	0.3125	0.03125	0.28125
0.240741	0.537037	0.0740741	0.12963	0.0185185
0.145631	0.00970874	0.0776699	0.728155	0.038835
0.0933333	0.626667	0.0266667	0.213333	0.04
0.428571	0.0714286	0.0714286	0.285714	0.142857
0.428571	0.114286	0.0285714	0.371429	0.0571429
0.0909091	0.318182	0.363636	0.0454545	0.181818
0.4	0.24	0.16	0.04	0.16
0.214286	0.357143	0.0714286	0.285714	0.0714286
0.510204	0.047619	0.360544	0.0272109	0.0544218
0.166667	0.541667	0.229167	0.0208333	0.0416667
0.416667	0.0277778	0.222222	0.277778	0.0555556
0.12	0.48	0.04	0.32	0.04
0.75	0.0833333	0.0416667	0.0416667	0.0833333
0.388889	0.333333	0.138889	0.0555556	0.0833333
0.142857	0.0714286	0.571429	0.0714286	0.142857
0.0789474	0.0526316	0.815789	0.00877193	0.0438596
0.2	0.0666667	0.6	0.0666667	0.0666667
0.148148	0.037037	0.666667	0.0925926	0.0555556
0.155689	0.742515	0.0538922	0.0419162	0.00598802
0.232558	0.658915	0.0620155	0.0310078	0.0155039
0.567901	0.0987654	0.148148	0.037037	0.148148
0.266667	0.4	0.0333333	0.266667	0.0333333
0.0833974	0.0386241	0.834358	0.0159493	0.027671
0.612245	0.0408163	0.204082	0.102041	0.0408163
0.171429	0.428571	0.2	0.0571429	0.142857
0.297297	0.18018	0.045045	0.459459	0.018018
0.539326	0.168539	0.0730337	0.168539	0.0505618
0.22467	0.15859	0.506608	0.0748899	0.0352423
0.828947	0.0263158	0.0131579	0.0526316	0.0789474
0.361905	0.0285714	0.457143	0.133333	0.0190476
0.346535	0.366337	0.118812	0.0990099	0.0693069
0.214286	0.285714	0.285714	0.0714286	0.142857
0.459459	0.108108	0.189189	0.216216	0.027027
0.2	0.2	0.2	0.2	0.2
0.133523	0.00284091	0.00284091	0.00852273	0.852273
0.730769	0.0641026	0.115385	0.0128205	0.0769231
0.0944206	0.128755	0.665236	0.00429185	0.107296
0.771739	0.0652174	0.0978261	0.0108696	0.0543478
0.0350877	0.0526316	0.45614	0.0175439	0.438596
0.402135	0.202847	0.252669	0.131673	0.0106762
0.392857	0.232143	0.0535714	0.196429	0.125
0.114943	0.114943	0.0689655	0.689655	0.0114943
0.185185	0.0864198	0.592593	0.0740741	0.0617284
0.2	0.2	0.2	0.2	0.2
0.787879	0.0909091	0.030303	0.0606061	0.030303
0.192429	0.119874	0.545741	0.0504732	0.0914826
0.432099	0.469136	0.0617284	0.0246914	0.0123457
0.324324	0.297297	0.0540541	0.027027	0.297297
0.277778	0.0277778	0.5	0.0833333	0.111111
0.8125	0.075	0.025	0.075	0.0125
0.142857	0.047619	0.428571	0.047619	0.333333
0.3	0.1	0.1	0.1	0.4
0.0555556	0.166667	0.388889	0.166667	0.222222
0.324324	0.378378	0.027027	0.243243	0.027027
0.128205	0.74359	0.025641	0.025641	0.0769231
0.398876	0.134831	0.0224719	0.38764	0.0561798
0.0465839	0.0776398	0.838509	0.0269151	0.010352
0.63981	0.0900474	0.042654	0.00947867	0.218009
0.291667	0.0833333	0.458333	0.0416667	0.125
0.214953	0.121495	0.542056	0.0934579	0.0280374
0.4	0.0666667	0.266667	0.0666667	0.2
0.655172	0.137931	0.0344828	0.0344828	0.137931
0.333333	0.047619	0.238095	0.047619	0.333333
0.333333	0.291667	0.0416667	0.291667	0.0416667
0.148148	0.641975	0.0987654	0.0740741	0.037037
0.137931	0.137931	0.103448	0.586207	0.0344828
0.454545	0.0909091	0.0909091	0.181818	0.181818
0.444444	0.0138889	0.388889	0.0416667	0.111111
0.8	0.0285714	0.0285714	0.114286	0.0285714
0.0357143	0.0357143	0.107143	0.714286	0.107143
0.0909091	0.0909091	0.745455	0.0545455	0.0181818
0.583333	0.166667	0.0833333	0.0833333	0.0833333
0.801587	0.119048	0.015873	0.0396825	0.0238095
0.0128205	0.307692	0.602564	0.0641026	0.0128205
0.241758	0.043956	0.648352	0.021978	0.043956
0.261261	0.0900901	0.612613	0.027027	0.00900901
0.280488	0.0853659	0.463415	0.0731707	0.097561
0.0833333	0.319444	0.0555556	0.472222	0.0694444
0.444444	0.047619	0.253968	0.047619	0.206349
0.0571992	0.120316	0.737673	0.0571992	0.0276134
0.111111	0.111111	0.0555556	0.666667	0.0555556
0.315068	0.452055	0.0273973	0.191781	0.0136986
0.0882353	0.0882353	0.764706	0.0294118	0.0294118
0.261905	0.0595238	0.404762	0.047619	0.22619
0.230769	0.0769231	0.0769231	0.0769231	0.538462
0.403226	0.129032	0.419355	0.0322581	0.016129
0.272727	0.0909091	0.363636	0.181818	0.0909091
0.3	0.025	0.6	0.025	0.05
0.2	0.2	0.2	0.2	0.2
0.352941	0.529412	0.0352941	0.0470588	0.0352941
0.166667	0.0833333	0.166667	0.0833333	0.5
0.191489	0.723404	0.0212766	0.0425532	0.0212766
0.714286	0.0357143	0.0714286	0.107143	0.0714286
0.134615	0.115385	0.0961538	0.634615	0.0192308
0.333333	0.166667	0.166667	0.166667	0.166667
0.298507	0.492537	0.0298507	0.119403	0.0597015
0.16129	0.225806	0.258065	0.16129	0.193548
0.653846	0.0384615	0.0961538	0.192308	0.0192308
0.770492	0.147541	0.0491803	0.0163934	0.0163934
0.12	0.16	0.48	0.08	0.16
0.409091	0.113636	0.0454545	0.386364	0.0454545
0.186441	0.338983	0.0338983	0.423729	0.0169492
0.0961538	0.0192308	0.0576923	0.75	0.0769231
0.5	0.229167	0.208333	0.0208333	0.0416667
0.205882	0.0588235	0.676471	0.0294118	0.0294118
0.311111	0.0444444	0.555556	0.0666667	0.0222222
0.214286	0.0714286	0.285714	0.0714286	0.357143
0.527273	0.163636	0.0545455	0.236364	0.0181818
0.595238	0.119048	0.119048	0.0952381	0.0714286
0.2	0.2	0.2	0.2	0.2
0.241379	0.103448	0.517241	0.12069	0.0172414
0.366197	0.0704225	0.521127	0.028169	0.0140845
0.754386	0.0175439	0.0175439	0.192982	0.0175439
0.130081	0.487805	0.0162602	0.349593	0.0162602
0.480769	0.173077	0.153846	0.173077	0.0192308
0.176471	0.294118	0.235294	0.0588235	0.235294
0.110526	0.110526	0.431579	0.0473684	0.3
0.657143	0.0285714	0.0571429	0.2	0.0571429
0.551724	0.0344828	0.241379	0.0689655	0.103448
0.323864	0.534091	0.0170455	0.119318	0.00568182
0.313433	0.0895522	0.507463	0.0149254	0.0746269
0.4	0.2	0.266667	0.0666667	0.0666667
0.695652	0.0434783	0.173913	0.0434783	0.0434783
0.207273	0.123636	0.0727273	0.567273	0.0290909
0.279279	0.432432	0.0540541	0.225225	0.00900901
0.373786	0.26699	0.315534	0.0145631	0.0291262
0.181818	0.0454545	0.454545	0.0454545	0.272727
0.2	0.2	0.2	0.2	0.2
0.413793	0.275862	0.155172	0.137931	0.0172414
0.217391	0.673913	0.0434783	0.0434783	0.0217391
0.236842	0.157895	0.105263	0.0263158	0.473684
0.361446	0.144578	0.108434	0.325301	0.060241
0.376812	0.0434783	0.0434783	0.521739	0.0144928
0.588235	0.147059	0.117647	0.117647	0.0294118
0.245846	0.119702	0.16175	0.058664	0.414039
0.305556	0.138889	0.388889	0.0833333	0.0833333
0.0404624	0.0578035	0.0231214	0.867052	0.0115607
0.75	0.0277778	0.0277778	0.0555556	0.138889
0.407407	0.185185	0.148148	0.037037	0.222222
0.467742	0.112903	0.258065	0.0806452	0.0806452
0.46875	0.145833	0.302083	0.0729167	0.0104167
0.294118	0.205882	0.411765	0.0294118	0.0588235
0.25	0.5	0.025	0.2	0.025
0.5	0.05	0.05	0.05	0.35
0.266667	0.133333	0.166667	0.2	0.233333
0.0614498	0.0326452	0.81517	0.0172828	0.0734518
0.5	0.182927	0.243902	0.0243902	0.0487805
0.421053	0.157895	0.0460526	0.371711	0.00328947
0.166667	0.166667	0.416667	0.166667	0.0833333
0.222222	0.0833333	0.611111	0.0277778	0.0555556
0.4	0.0666667	0.333333	0.0666667	0.133333
0.181818	0.127946	0.104377	0.242424	0.343434
0.353846	0.0461538	0.215385	0.184615	0.2
0.333333	0.166667	0.25	0.0833333	0.166667
0.484848	0.272727	0.151515	0.0606061	0.030303
0.278626	0.145038	0.00381679	0.561069	0.0114504
0.407895	0.381579	0.0263158	0.171053	0.0131579
0.733333	0.0444444	0.133333	0.0666667	0.0222222
0.267677	0.0555556	0.530303	0.010101	0.136364
0.222222	0.222222	0.333333	0.111111	0.111111
0.193548	0.0967742	0.0322581	0.66129	0.016129
0.4	0.133333	0.266667	0.0666667	0.133333
0.413793	0.172414	0.344828	0.0344828	0.0344828
0.123457	0.0864198	0.0123457	0.753086	0.0246914
0.247059	0.211765	0.494118	0.0352941	0.0117647
0.15	0.1	0.6	0.05	0.1
0.275168	0.52349	0.0469799	0.0872483	0.0671141
0.187845	0.265193	0.0165746	0.519337	0.0110497
0.444444	0.111111	0.111111	0.111111	0.222222
0.27027	0.027027	0.648649	0.027027	0.027027
0.0872795	0.09935	0.781801	0.0102136	0.0213556
0.5	0.0625	0.125	0.25	0.0625
0.411765	0.0294118	0.441176	0.0588235	0.0588235
0.0434783	0.130435	0.0434783	0.73913	0.0434783
0.16	0.04	0.6	0.16	0.04
0.191667	0.116667	0.166667	0.075	0.45
0.222222	0.0555556	0.388889	0.222222	0.111111
0.541667	0.0833333	0.0416667	0.291667	0.0416667
0.488889	0.0888889	0.333333	0.0666667	0.0222222
0.357143	0.285714	0.142857	0.142857	0.0714286
0.0122699	0.0766871	0.56135	0.0705521	0.279141
0.4	0.1	0.0666667	0.1	0.333333
0.507042	0.056338	0.0985915	0.267606	0.0704225
0.416667	0.25	0.0833333	0.166667	0.0833333
0.338028	0.084507	0.028169	0.464789	0.084507
0.372093	0.0697674	0.511628	0.0232558	0.0232558
0.0831099	0.772118	0.0428954	0.0991957	0.00268097
0.148148	0.740741	0.0555556	0.0185185	0.037037
0.466667	0.111111	0.244444	0.0222222	0.155556
0.333333	0.188406	0.405797	0.0434783	0.0289855
0.45614	0.0175439	0.333333	0.105263	0.0877193
0.265306	0.326531	0.0408163	0.183673	0.183673
0.1	0.4	0.1	0.3	0.1
0.451613	0.0645161	0.129032	0.16129	0.193548
0.177083	0.75	0.0520833	0.0104167	0.0104167
0.176471	0.0588235	0.470588	0.117647	0.176471
0.363636	0.409091	0.0454545	0.0454545	0.136364
0.515152	0.272727	0.0757576	0.0151515	0.121212
0.151515	0.707071	0.0505051	0.0505051	0.040404
0.509091	0.163636	0.0545455	0.127273	0.145455
0.137931	0.724138	0.0689655	0.0344828	0.0344828
0.144509	0.682081	0.0924855	0.0693642	0.0115607
0.421053	0.210526	0.0526316	0.210526	0.105263
0.208333	0.416667	0.166667	0.166667	0.0416667
0.435897	0.102564	0.0769231	0.307692	0.0769231
0.423077	0.0769231	0.115385	0.346154	0.0384615
0.2	0.133333	0.2	0.333333	0.133333
0.407407	0.185185	0.296296	0.037037	0.0740741
0.263158	0.210526	0.421053	0.0526316	0.0526316
0.22792	0.0569801	0.00569801	0.689459	0.019943
0.45	0.0833333	0.4	0.0166667	0.05
0.142857	0.285714	0.142857	0.142857	0.285714
0.136364	0.0909091	0.0909091	0.454545	0.227273
0.872	0.024	0.032	0.056	0.016
0.388889	0.0555556	0.138889	0.194444	0.222222
0.17757	0.570093	0.186916	0.046729	0.0186916
0.315789	0.315789	0.0526316	0.263158	0.0526316
0.246575	0.0273973	0.684932	0.0136986	0.0273973
0.245283	0.0188679	0.358491	0.0188679	0.358491
0.666667	0.209877	0.0493827	0.0493827	0.0246914
0.142857	0.142857	0.285714	0.142857	0.285714
0.718876	0.144578	0.0522088	0.0441767	0.0401606
0.429825	0.0701754	0.0438596	0.438596	0.0175439
0.364583	0.125	0.135417	0.333333	0.0416667
0.47619	0.119048	0.357143	0.0238095	0.0238095
0.247167	0.675637	0.0467422	0.0254958	0.00495751
0.216216	0.027027	0.621622	0.0540541	0.0810811
0.483871	0.0967742	0.0967742	0.0967742	0.225806
0.140127	0.127389	0.33758	0.10828	0.286624
0.45614	0.192982	0.0175439	0.263158	0.0701754
0.272727	0.0909091	0.5	0.0454545	0.0909091
0.112903	0.177419	0.419355	0.016129	0.274194
0.603175	0.0634921	0.111111	0.0952381	0.126984
0.545455	0.0909091	0.0454545	0.0909091	0.227273
0.421053	0.236842	0.0526316	0.105263	0.184211
0.453901	0.276596	0.113475	0.106383	0.0496454
0.297297	0.0540541	0.594595	0.027027	0.027027
0.037037	0.0740741	0.777778	0.037037	0.0740741
0.325581	0.255814	0.0465116	0.139535	0.232558
0.119577	0.015873	0.844444	0.0010582	0.0190476
0.35	0.15	0.2	0.05	0.25
0.178571	0.464286	0.0357143	0.25	0.0714286
0.321429	0.0357143	0.285714	0.0714286	0.285714
0.333333	0.111111	0.111111	0.111111	0.333333
0.25	0.125	0.125	0.4375	0.0625
0.838235	0.0735294	0.0147059	0.0588235	0.0147059
0.851852	0.0740741	0.0185185	0.0185185	0.037037
0.524476	0.118881	0.048951	0.118881	0.188811
0.621212	0.181818	0.113636	0.0454545	0.0378788
0.0875	0.0375	0.5	0.3625	0.0125
0.512727	0.0981818	0.0218182	0.356364	0.0109091
0.594203	0.057971	0.0289855	0.217391	0.101449
0.102564	0.0512821	0.769231	0.025641	0.0512821
0.0135135	0.0135135	0.891892	0.0405405	0.0405405
0.311111	0.533333	0.0222222	0.0666667	0.0666667
0.204893	0.522936	0.0244648	0.229358	0.0183486
0.176471	0.0823529	0.305882	0.0117647	0.423529
0.215517	0.155172	0.597701	0.0287356	0.00287356
0.57971	0.188406	0.0144928	0.202899	0.0144928
0.339286	0.125	0.446429	0.0714286	0.0178571
0.557143	0.142857	0.0142857	0.257143	0.0285714
0.0740741	0.555556	0.148148	0.148148	0.0740741
0.825688	0.119266	0.0275229	0.00917431	0.0183486
0.232932	0.746988	0.00803213	0.00401606	0.00803213
0.481481	0.222222	0.148148	0.037037	0.111111
0.392857	0.25	0.0714286	0.214286	0.0714286
0.634146	0.195122	0.0243902	0.0243902	0.121951
0.2	0.333333	0.166667	0.0666667	0.233333
0.571429	0.0571429	0.171429	0.0857143	0.114286
0.372727	0.527273	0.0545455	0.0318182	0.0136364
0.180328	0.0163934	0.688525	0.0327869	0.0819672
0.347826	0.304348	0.130435	0.195652	0.0217391
0.264706	0.0686275	0.117647	0.137255	0.411765
0.304348	0.0434783	0.0434783	0.521739	0.0869565
0.153846	0.307692	0.0769231	0.025641	0.435897
0.22	0.1	0.62	0.02	0.04
0.545455	0.0909091	0.181818	0.0909091	0.0909091
0.209091	0.5	0.145455	0.0272727	0.118182
0.0322581	0.225806	0.580645	0.129032	0.0322581
0.309091	0.436364	0.0181818	0.163636	0.0727273
0.428571	0.178571	0.0357143	0.321429	0.0357143
0.311688	0.0519481	0.571429	0.0519481	0.012987
0.34188	0.0769231	0.034188	0.538462	0.00854701
0.481928	0.0481928	0.373494	0.0120482	0.0843373
0.284848	0.284848	0.0727273	0.254545	0.10303
0.229508	0.196721	0.0491803	0.459016	0.0655738
0.305556	0.166667	0.138889	0.0833333	0.305556
0.15	0.2	0.15	0.25	0.25
0.388889	0.111111	0.277778	0.0555556	0.166667
0.0487805	0.097561	0.760976	0.0341463	0.0585366
0.288889	0.0444444	0.466667	0.155556	0.0444444
0.880795	0.0860927	0.00662252	0.0198675	0.00662252
0.114286	0.114286	0.714286	0.0428571	0.0142857
0.411321	0.0339623	0.539623	0.0113208	0.00377358
0.304348	0.144928	0.347826	0.0724638	0.130435
0.52381	0.190476	0.142857	0.047619	0.0952381
0.212121	0.151515	0.333333	0.030303	0.272727
0.230769	0.192308	0.115385	0.0384615	0.423077
0.517857	0.0892857	0.160714	0.0357143	0.196429
0.0925926	0.0555556	0.62963	0.0555556	0.166667
0.220779	0.662338	0.0779221	0.00649351	0.0324675
0.130435	0.195652	0.630435	0.0217391	0.0217391
0.136364	0.0909091	0.545455	0.0454545	0.181818
0.295918	0.0306122	0.234694	0.112245	0.326531
0.584615	0.2	0.0461538	0.153846	0.0153846
0.646341	0.0853659	0.0609756	0.158537	0.0487805
0.314286	0.2	0.371429	0.0285714	0.0857143
0.340426	0.548936	0.0595745	0.0340426	0.0170213
0.483871	0.16129	0.0967742	0.0322581	0.225806
0.410959	0.0821918	0.0958904	0.219178	0.191781
0.142857	0.714286	0.0357143	0.0714286	0.0357143
0.473684	0.184211	0.210526	0.0394737	0.0921053
0.396226	0.0377358	0.377358	0.132075	0.0566038
0.2	0.2	0.2	0.2	0.2
0.0434783	0.195652	0.652174	0.0652174	0.0434783
0.391304	0.173913	0.0869565	0.304348	0.0434783
0.105263	0.157895	0.0526316	0.105263	0.578947
0.52381	0.0714286	0.119048	0.166667	0.119048
0.215447	0.674797	0.0487805	0.0365854	0.0243902
0.520833	0.25	0.0208333	0.0208333	0.1875
0.347826	0.130435	0.304348	0.0434783	0.173913
0.428571	0.047619	0.285714	0.190476	0.047619
0.227586	0.193103	0.0344828	0.537931	0.00689655
0.43299	0.113402	0.298969	0.123711	0.0309278
0.533333	0.133333	0.1	0.0666667	0.166667
0.25	0.333333	0.354167	0.0208333	0.0416667
0.737864	0.0679612	0.106796	0.0291262	0.0582524
0.337838	0.0405405	0.513514	0.0540541	0.0540541
0.222222	0.111111	0.518519	0.037037	0.111111
0.382979	0.0851064	0.425532	0.0425532	0.0638298
0.0645161	0.0645161	0.774194	0.0322581	0.0645161
0.3	0.1	0.1	0.1	0.4
0.5	0.0714286	0.107143	0.214286	0.107143
0.486486	0.27027	0.135135	0.0540541	0.0540541
0.3125	0.0833333	0.541667	0.0416667	0.0208333
0.657895	0.105263	0.0789474	0.105263	0.0526316
0.136364	0.5	0.0454545	0.181818	0.136364
0.142857	0.214286	0.142857	0.0714286	0.428571
0.296512	0.354651	0.0174419	0.319767	0.0116279
0.185185	0.444444	0.111111	0.222222	0.037037
0.538462	0.153846	0.0769231	0.153846	0.0769231
0.181818	0.030303	0.636364	0.0909091	0.0606061
0.456	0.032	0.44	0.032	0.04
0.358025	0.154321	0.45679	0.0246914	0.00617284
0.762712	0.101695	0.0677966	0.0338983	0.0338983
0.651515	0.19697	0.0606061	0.0606061	0.030303
0.555556	0.0833333	0.0555556	0.0277778	0.277778
0.272727	0.0606061	0.212121	0.30303	0.151515
0.147059	0.147059	0.117647	0.5	0.0882353
0.396947	0.29771	0.0229008	0.267176	0.0152672
0.189655	0.568966	0.103448	0.0689655	0.0689655
0.181818	0.181818	0.181818	0.181818	0.272727
0.136364	0.0454545	0.681818	0.0909091	0.0454545
0.272727	0.30303	0.030303	0.333333	0.0606061
0.326531	0.122449	0.489796	0.0408163	0.0204082
0.25641	0.0769231	0.581197	0.0683761	0.017094
0.125	0.375	0.125	0.125	0.25
0.2	0.3	0.3	0.1	0.1
0.106952	0.224599	0.0534759	0.550802	0.0641711
0.192308	0.692308	0.0480769	0.0288462	0.0384615
0.571429	0.190476	0.047619	0.047619	0.142857
0.238095	0.0952381	0.0238095	0.619048	0.0238095
0.22	0.32	0.02	0.08	0.36
0.0909091	0.181818	0.272727	0.0909091	0.363636
0.625	0.125	0.0625	0.09375	0.09375
0.285714	0.321429	0.0357143	0.285714	0.0714286
0.205882	0.0294118	0.705882	0.0294118	0.0294118
0.40625	0.25	0.125	0.03125	0.1875
0.47619	0.142857	0.0952381	0.190476	0.0952381
0.0555556	0.277778	0.277778	0.222222	0.166667
0.413793	0.0344828	0.258621	0.137931	0.155172
0.290976	0.368324	0.00736648	0.322284	0.0110497
0.0623053	0.137072	0.0155763	0.781931	0.00311526
0.44	0.12	0.32	0.04	0.08
0.294118	0.558824	0.0294118	0.0882353	0.0294118
0.228117	0.0822281	0.599469	0.0875332	0.00265252
0.012987	0.844156	0.025974	0.103896	0.012987
0.257143	0.609524	0.0666667	0.0571429	0.00952381
0.595238	0.119048	0.0238095	0.142857	0.119048
0.146572	0.153664	0.0449173	0.650118	0.00472813
0.8	0.0769231	0.00769231	0.0538462	0.0615385
0.153846	0.0769231	0.0769231	0.153846	0.538462
0.380952	0.428571	0.047619	0.0952381	0.047619
0.28	0.08	0.4	0.04	0.2
0.311828	0.322581	0.0430108	0.236559	0.0860215
0.645161	0.0967742	0.193548	0.0322581	0.0322581
0.37037	0.037037	0.111111	0.0185185	0.462963
0.431034	0.258621	0.0172414	0.241379	0.0517241
0.266667	0.1	0.566667	0.0333333	0.0333333
0.352941	0.0588235	0.294118	0.117647	0.176471
0.138889	0.0833333	0.0277778	0.638889	0.111111
0.171429	0.0571429	0.685714	0.0571429	0.0285714
0.482143	0.0357143	0.107143	0.160714	0.214286
0.21875	0.6375	0.09375	0.03125	0.01875
0.227273	0.174242	0.0227273	0.568182	0.00757576
0.25	0.125	0.125	0.25	0.25
0.395833	0.208333	0.270833	0.0416667	0.0833333
0.125	0.3	0.075	0.45	0.05
0.512	0.192	0.048	0.168	0.08
0.576923	0.115385	0.0192308	0.0576923	0.230769
0.526316	0.263158	0.0526316	0.0526316	0.105263
0.208333	0.25	0.0416667	0.458333	0.0416667
0.363636	0.030303	0.10101	0.0808081	0.424242
0.363636	0.272727	0.0909091	0.0909091	0.181818
0.243243	0.297297	0.135135	0.243243	0.0810811
0.517241	0.0689655	0.0689655	0.241379	0.103448
0.24	0.2	0.14	0.24	0.18
0.31677	0.0869565	0.0124224	0.559006	0.0248447
0.389831	0.101695	0.186441	0.0677966	0.254237
0.307692	0.276923	0.0461538	0.246154	0.123077
0.523364	0.0560748	0.383178	0.0280374	0.00934579
0.411765	0.176471	0.176471	0.0588235	0.176471
0.16	0.08	0.08	0.64	0.04
0.131313	0.0606061	0.020202	0.777778	0.010101
0.166667	0.125	0.229167	0.458333	0.0208333
0.431373	0.0392157	0.235294	0.0196078	0.27451
0.48	0.24	0.04	0.2	0.04
0.857143	0.0680272	0.0340136	0.00680272	0.0340136
0.0333333	0.0333333	0.666667	0.0333333	0.233333
0.20339	0.20339	0.0338983	0.550847	0.00847458
0.336735	0.102041	0.0306122	0.489796	0.0408163
0.2	0.2	0.2	0.2	0.2
0.378378	0.27027	0.27027	0.027027	0.0540541
0.3	0.1	0.34	0.2	0.06
0.173913	0.326087	0.0217391	0.434783	0.0434783
0.346154	0.115385	0.153846	0.307692	0.0769231
0.242009	0.584475	0.0182648	0.141553	0.0136986
0.219512	0.134146	0.0121951	0.621951	0.0121951
0.380645	0.103226	0.135484	0.0258065	0.354839
0.259259	0.203704	0.0185185	0.5	0.0185185
0.2	0.122222	0.0444444	0.533333	0.1
0.333333	0.2	0.0666667	0.2	0.2
0.0344828	0.37931	0.0344828	0.517241	0.0344828
0.0666667	0.0666667	0.0666667	0.666667	0.133333
0.142857	0.482143	0.0357143	0.330357	0.00892857
0.15	0.6	0.1	0.05	0.1
0.285714	0.142857	0.0571429	0.285714	0.228571
0.515695	0.116592	0.00896861	0.35426	0.0044843
0.2	0.2	0.2	0.2	0.2
0.309091	0.527273	0.0545455	0.0909091	0.0181818
0.130952	0.797619	0.0119048	0.0357143	0.0238095
0.138889	0.5	0.194444	0.138889	0.0277778
0.153846	0.0512821	0.0512821	0.282051	0.461538
0.467606	0.453521	0.0169014	0.0591549	0.0028169
0.302128	0.595745	0.0170213	0.0680851	0.0170213
0.182891	0.622419	0.00294985	0.188791	0.00294985
0.140625	0.796875	0.03125	0.0234375	0.0078125
0.1875	0.375	0.1875	0.125	0.125
0.380328	0.137705	0.0295082	0.442623	0.00983607
0.318182	0.272727	0.136364	0.136364	0.136364
0.237931	0.57931	0.0137931	0.106897	0.062069
0.0434783	0.565217	0.0434783	0.304348	0.0434783
0.298507	0.343284	0.0298507	0.313433	0.0149254
0.12	0.836	0.012	0.016	0.016
0.0909091	0.454545	0.272727	0.0909091	0.0909091
0.2	0.3	0.2	0.2	0.1
0.0769231	0.307692	0.230769	0.307692	0.0769231
0.190476	0.142857	0.380952	0.238095	0.047619
0.25	0.333333	0.0416667	0.291667	0.0833333
0.6375	0.225	0.0875	0.025	0.025
0.362069	0.25	0.0172414	0.353448	0.0172414
0.164835	0.538462	0.120879	0.164835	0.010989
0.217391	0.217391	0.0434783	0.434783	0.0869565
0.111111	0.851852	0.00462963	0.0277778	0.00462963
0.222222	0.222222	0.111111	0.222222	0.222222
0.0571429	0.742857	0.0285714	0.142857	0.0285714
0.23589	0.467438	0.0376266	0.23589	0.0231548
0.285714	0.514286	0.0857143	0.0571429	0.0571429
0.176471	0.588235	0.117647	0.0588235	0.0588235
0.554054	0.391892	0.027027	0.0135135	0.0135135
0.266667	0.333333	0.0333333	0.3	0.0666667
0.181818	0.181818	0.272727	0.181818	0.181818
0.12	0.56	0.04	0.24	0.04
0.1875	0.1875	0.0625	0.5	0.0625
0.555556	0.375	0.0138889	0.0416667	0.0138889
0.38	0.16	0.08	0.36	0.02
0.25	0.25	0.125	0.125	0.25
0.415385	0.107692	0.0307692	0.369231	0.0769231
0.2	0.2	0.2	0.2	0.2
0.428571	0.238095	0.0952381	0.190476	0.047619
0.247191	0.348315	0.00561798	0.384831	0.0140449
0.127329	0.801242	0.0341615	0.0341615	0.00310559
0.304348	0.434783	0.173913	0.0434783	0.0434783
0.166667	0.166667	0.166667	0.166667	0.333333
0.0416667	0.541667	0.25	0.0416667	0.125
0.107143	0.392857	0.0178571	0.464286	0.0178571
0.144928	0.695652	0.0289855	0.0434783	0.0869565
0.273684	0.621053	0.0105263	0.0526316	0.0421053
