0.119048	0.404762	0.214286	0.0714286	0.190476
0.08	0.24	0.2	0.12	0.36
0.0321429	0.278571	0.171429	0.45	0.0678571
0.0833333	0.0833333	0.625	0.0416667	0.166667
0.016129	0.266129	0.0564516	0.612903	0.0483871
0.111111	0.444444	0.0555556	0.277778	0.111111
0.08	0.08	0.04	0.04	0.76
0.2	0.2	0.2	0.2	0.2
0.0727273	0.181818	0.0727273	0.0727273	0.6
0.131148	0.491803	0.0491803	0.245902	0.0819672
0.0204082	0.285714	0.346939	0.0204082	0.326531
0.03125	0.21875	0.40625	0.15625	0.1875
0.0555556	0.411111	0.311111	0.0111111	0.211111
0.016129	0.451613	0.016129	0.33871	0.177419
0.133094	0.496403	0.18705	0.111511	0.0719424
0.0638298	0.0283688	0.170213	0.0141844	0.723404
0.05	0.1	0.15	0.05	0.65
0.0208333	0.166667	0.0625	0.0208333	0.729167
0.27907	0.511628	0.0465116	0.0465116	0.116279
0.0142857	0.357143	0.142857	0.0428571	0.442857
0.0338983	0.338983	0.0169492	0.576271	0.0338983
0.0217391	0.195652	0.543478	0.152174	0.0869565
0.0208333	0.583333	0.0625	0.270833	0.0625
0.166667	0.166667	0.333333	0.166667	0.166667
0.177778	0.4	0.0666667	0.2	0.155556
0.0434783	0.173913	0.0869565	0.521739	0.173913
0.0909091	0.454545	0.0909091	0.0454545	0.318182
0.454545	0.0909091	0.0909091	0.0909091	0.272727
0.333333	0.333333	0.0666667	0.2	0.0666667
0.538988	0.0150479	0.0136799	0.430917	0.00136799
0.0344828	0.517241	0.103448	0.103448	0.241379
0.0740741	0.703704	0.111111	0.0740741	0.037037
0.0508475	0.40678	0.152542	0.237288	0.152542
0.278689	0.327869	0.0819672	0.147541	0.163934
0.0183486	0.614679	0.192661	0.110092	0.0642202
0.00561798	0.202247	0.0337079	0.747191	0.011236
0.1875	0.0625	0.0625	0.0625	0.625
0.115385	0.153846	0.0384615	0.0769231	0.615385
0.396825	0.380952	0.142857	0.031746	0.047619
0.00280112	0.131653	0.787115	0.0336134	0.0448179
0.0224719	0.516854	0.101124	0.325843	0.0337079
0.0333333	0.422222	0.0111111	0.366667	0.166667
0.0555556	0.222222	0.277778	0.388889	0.0555556
0.030303	0.530303	0.212121	0.181818	0.0454545
0.0222772	0.685644	0.0891089	0.170792	0.0321782
0.891192	0.00518135	0.0310881	0.0673575	0.00518135
0.0909091	0.242424	0.0909091	0.363636	0.212121
0.00625	0.21875	0.65	0.025	0.1
0.0588235	0.529412	0.0294118	0.235294	0.147059
0.0571429	0.171429	0.0122449	0.0204082	0.738776
0.163265	0.183673	0.0612245	0.0816327	0.510204
0.0333333	0.0333333	0.0333333	0.0666667	0.833333
0.077551	0.155102	0.0489796	0.0408163	0.677551
0.0444444	0.0444444	0.177778	0.0111111	0.722222
0.208333	0.0416667	0.0833333	0.291667	0.375
0.05	0.05	0.15	0.375	0.375
0.0684932	0.616438	0.0410959	0.260274	0.0136986
0.0147059	0.323529	0.0294118	0.514706	0.117647
0.32	0.28	0.16	0.04	0.2
0.0714286	0.547619	0.0714286	0.142857	0.166667
0.115385	0.269231	0.0384615	0.0384615	0.538462
0.0208333	0.375	0.0208333	0.458333	0.125
0.0238095	0.214286	0.47619	0.0952381	0.190476
0.141414	0.636364	0.111111	0.030303	0.0808081
0.0952381	0.309524	0.285714	0.047619	0.261905
0.151515	0.484848	0.151515	0.151515	0.0606061
0.0222222	0.0888889	0.266667	0.0444444	0.577778
0.0294118	0.264706	0.205882	0.117647	0.382353
0.0138889	0.361111	0.0138889	0.444444	0.166667
0.369565	0.347826	0.152174	0.0869565	0.0434783
0.0384615	0.0769231	0.230769	0.0769231	0.576923
0.142857	0.142857	0.0714286	0.357143	0.285714
0.0526316	0.0526316	0.0526316	0.210526	0.631579
0.173913	0.26087	0.173913	0.0869565	0.304348
0.00628931	0.427673	0.0440252	0.515723	0.00628931
0.150943	0.0377358	0.0377358	0.0943396	0.679245
0.0526316	0.210526	0.0877193	0.0526316	0.596491
0.047619	0.0952381	0.190476	0.047619	0.619048
0.031746	0.269841	0.0793651	0.52381	0.0952381
0.1	0.3	0.2	0.25	0.15
0.285714	0.285714	0.0714286	0.142857	0.214286
0.25	0.159091	0.0681818	0.0681818	0.454545
0.078125	0.328125	0.21875	0.234375	0.140625
0.529412	0.117647	0.264706	0.0294118	0.0588235
0.222222	0.333333	0.111111	0.222222	0.111111
0.2	0.2	0.2	0.2	0.2
0.0714286	0.0714286	0.142857	0.0714286	0.642857
0.2	0.2	0.2	0.2	0.2
0.0243902	0.292683	0.170732	0.0243902	0.487805
0.047619	0.0238095	0.285714	0.0714286	0.571429
0.2	0.28	0.12	0.08	0.32
0.00862069	0.392241	0.00431034	0.521552	0.0732759
0.0655738	0.245902	0.0327869	0.0983607	0.557377
0.05	0.85	0.025	0.05	0.025
0.155556	0.0222222	0.0666667	0.0444444	0.711111
0.0104167	0.0520833	0.0104167	0.916667	0.0104167
0.263158	0.368421	0.0526316	0.0526316	0.263158
0.0234375	0.34375	0.03125	0.59375	0.0078125
0.166667	0.0833333	0.166667	0.25	0.333333
0.235294	0.294118	0.0588235	0.0588235	0.352941
0.307692	0.384615	0.153846	0.0769231	0.0769231
0.003367	0.390572	0.030303	0.0505051	0.525253
0.0131926	0.0823219	0.274934	0.0226913	0.60686
0.0769231	0.0769231	0.153846	0.153846	0.538462
0.0254237	0.898305	0.00847458	0.0254237	0.0423729
0.0196078	0.0980392	0.0784314	0.196078	0.607843
0.0154185	0.229075	0.559471	0.0154185	0.180617
0.266667	0.0666667	0.0666667	0.2	0.4
0.20387	0.400369	0.00368579	0.359134	0.0329417
0.321429	0.178571	0.0357143	0.107143	0.357143
0.0322581	0.354839	0.225806	0.225806	0.16129
0.166667	0.291667	0.166667	0.166667	0.208333
0.0359281	0.449102	0.00598802	0.461078	0.0479042
0.0357143	0.178571	0.25	0.0178571	0.517857
0.03125	0.03125	0.09375	0.15625	0.6875
0.181818	0.0454545	0.136364	0.0454545	0.590909
0.222222	0.0555556	0.527778	0.0555556	0.138889
0.217391	0.478261	0.0869565	0.173913	0.0434783
0.0208333	0.270833	0.0555556	0.638889	0.0138889
0.166667	0.388889	0.0555556	0.166667	0.222222
0.116279	0.511628	0.116279	0.162791	0.0930233
0.344086	0.258065	0.193548	0.0215054	0.182796
0.0327869	0.147541	0.0491803	0.0163934	0.754098
0.0422535	0.225352	0.0422535	0.0985915	0.591549
0.0384615	0.692308	0.0384615	0.0769231	0.153846
0.0321637	0.160819	0.52924	0.175439	0.102339
0.00775194	0.139535	0.224806	0.00775194	0.620155
0.189338	0.400735	0.0202206	0.340074	0.0496324
0.0588235	0.0588235	0.0588235	0.0588235	0.764706
0.0701754	0.236842	0.00877193	0.0350877	0.649123
0.416667	0.0833333	0.125	0.0208333	0.354167
0.0222222	0.0444444	0.2	0.0444444	0.688889
0.0181818	0.590909	0.0272727	0.281818	0.0818182
0.108808	0.19171	0.11399	0.0310881	0.554404
0.171429	0.457143	0.0285714	0.171429	0.171429
0.0535714	0.232143	0.0357143	0.0178571	0.660714
0.148148	0.222222	0.148148	0.444444	0.037037
0.00990099	0.00990099	0.866337	0.0990099	0.0148515
0.0217391	0.5	0.0217391	0.434783	0.0217391
0.222222	0.222222	0.111111	0.111111	0.333333
0.0211268	0.598592	0.0492958	0.21831	0.112676
0.0294118	0.235294	0.147059	0.0294118	0.558824
0.2	0.2	0.2	0.2	0.2
0.0526316	0.105263	0.315789	0.157895	0.368421
0.111111	0.444444	0.111111	0.222222	0.111111
0.285714	0.142857	0.285714	0.142857	0.142857
0.08	0.16	0.24	0.04	0.48
0.0526316	0.210526	0.157895	0.0526316	0.526316
0.025641	0.435897	0.205128	0.0512821	0.282051
0.0512821	0.820513	0.0512821	0.025641	0.0512821
0.00833333	0.5	0.266667	0.0333333	0.191667
0.00890208	0.400593	0.00593472	0.5727	0.0118694
0.0588235	0.147059	0.205882	0.0294118	0.558824
0.0350877	0.438596	0.0175439	0.0964912	0.412281
0.0714286	0.571429	0.0714286	0.214286	0.0714286
0.105263	0.105263	0.0526316	0.0526316	0.684211
0.05	0.4	0.25	0.05	0.25
0.0327869	0.196721	0.540984	0.0819672	0.147541
0.0588235	0.0588235	0.235294	0.352941	0.294118
0.0206186	0.350515	0.0515464	0.56701	0.0103093
0.125	0.125	0.125	0.25	0.375
0.0588235	0.352941	0.117647	0.352941	0.117647
0.047619	0.238095	0.333333	0.0952381	0.285714
0.214286	0.214286	0.0714286	0.142857	0.357143
0.159091	0.522727	0.0681818	0.159091	0.0909091
0.025641	0.192308	0.576923	0.128205	0.0769231
0.2	0.2	0.2	0.2	0.2
0.0116279	0.22093	0.0465116	0.0581395	0.662791
0.111913	0.761733	0.0613718	0.00722022	0.0577617
0.333333	0.0606061	0.030303	0.030303	0.545455
0.0186916	0.719626	0.0373832	0.168224	0.0560748
0.181818	0.454545	0.272727	0.0454545	0.0454545
0.307692	0.346154	0.0384615	0.153846	0.153846
0.0533333	0.306667	0.12	0.44	0.08
0.1	0.1	0.2	0.1	0.5
0.0561798	0.88764	0.0224719	0.0224719	0.011236
0.0277778	0.138889	0.0555556	0.25	0.527778
0.00332226	0.328904	0.179402	0.448505	0.0398671
0.0263158	0.447368	0.394737	0.0789474	0.0526316
0.00431034	0.269397	0.0172414	0.616379	0.0926724
0.010989	0.241758	0.0879121	0.032967	0.626374
0.28022	0.60989	0.0549451	0.043956	0.010989
0.0118343	0.272189	0.0236686	0.680473	0.0118343
0.0526316	0.105263	0.105263	0.157895	0.578947
0.111111	0.555556	0.111111	0.111111	0.111111
0.011236	0.202247	0.247191	0.191011	0.348315
0.130682	0.329545	0.0454545	0.0511364	0.443182
0.020345	0.0707651	0.778417	0.031402	0.0990712
0.276596	0.531915	0.0531915	0.0851064	0.0531915
0.0821918	0.767123	0.109589	0.0273973	0.0136986
0.0212766	0.326241	0.375887	0.035461	0.241135
0.125	0.5	0.125	0.125	0.125
0.466667	0.333333	0.0333333	0.0666667	0.1
0.117647	0.147059	0.235294	0.205882	0.294118
0.40678	0.271186	0.0677966	0.152542	0.101695
0.00584795	0.391813	0.0175439	0.555556	0.0292398
0.105263	0.0526316	0.157895	0.0526316	0.631579
0.16092	0.091954	0.264368	0.0574713	0.425287
0.0952381	0.428571	0.047619	0.380952	0.047619
0.103896	0.480519	0.038961	0.272727	0.103896
0.0555556	0.444444	0.111111	0.277778	0.111111
0.0185185	0.166667	0.222222	0.037037	0.555556
0.125	0.392857	0.0178571	0.446429	0.0178571
0.0277778	0.152778	0.527778	0.0277778	0.263889
0.0121951	0.756098	0.0365854	0.170732	0.0243902
0.12766	0.446809	0.170213	0.0425532	0.212766
0.0909091	0.0909091	0.136364	0.0909091	0.590909
0.183673	0.122449	0.0612245	0.244898	0.387755
0.0232558	0.604651	0.0930233	0.0232558	0.255814
0.217391	0.673913	0.0434783	0.0434783	0.0217391
0.0294118	0.294118	0.558824	0.0882353	0.0294118
0.230769	0.403846	0.0192308	0.0192308	0.326923
0.0378619	0.151448	0.0155902	0.785078	0.0100223
0.370968	0.5	0.0241935	0.0645161	0.0403226
0.0352941	0.117647	0.2	0.235294	0.411765
0.0454545	0.181818	0.0227273	0.0454545	0.704545
0.0714286	0.285714	0.0714286	0.142857	0.428571
0.181818	0.0909091	0.0909091	0.0909091	0.545455
0.0411392	0.259494	0.46519	0.0443038	0.189873
0.00530504	0.498674	0.0185676	0.312997	0.164456
0.0493827	0.407407	0.0246914	0.444444	0.0740741
0.12	0.12	0.04	0.2	0.52
0.027027	0.162162	0.027027	0.648649	0.135135
0.00763359	0.473282	0.0992366	0.396947	0.0229008
0.0851064	0.212766	0.425532	0.0851064	0.191489
0.0465116	0.139535	0.372093	0.0232558	0.418605
0.0384615	0.576923	0.134615	0.0961538	0.153846
0.0714286	0.190476	0.0952381	0.0238095	0.619048
0.147059	0.235294	0.294118	0.0882353	0.235294
0.0487805	0.341463	0.439024	0.0487805	0.121951
0.03125	0.4375	0.125	0.21875	0.1875
0.129032	0.322581	0.0967742	0.0322581	0.419355
0.314754	0.52459	0.0786885	0.00983607	0.0721311
0.238095	0.309524	0.0952381	0.0238095	0.333333
0.244444	0.533333	0.0888889	0.111111	0.0222222
0.181818	0.272727	0.0909091	0.181818	0.272727
0.142857	0.238095	0.0952381	0.5	0.0238095
0.0714286	0.214286	0.571429	0.0714286	0.0714286
0.0322581	0.322581	0.0967742	0.0322581	0.516129
0.0673401	0.350168	0.043771	0.407407	0.131313
0.114754	0.131148	0.0327869	0.0491803	0.672131
0.219512	0.243902	0.097561	0.0487805	0.390244
0.0357143	0.0178571	0.0714286	0.0357143	0.839286
0.0165289	0.140496	0.355372	0.0495868	0.438017
0.115385	0.423077	0.0384615	0.0769231	0.346154
0.0309278	0.0103093	0.742268	0.0309278	0.185567
0.169811	0.603774	0.0377358	0.150943	0.0377358
0.037037	0.0740741	0.703704	0.0555556	0.12963
0.04	0.4	0.04	0.12	0.4
0.321429	0.0714286	0.0357143	0.0357143	0.535714
0.012987	0.37013	0.571429	0.038961	0.00649351
0.0833333	0.0833333	0.333333	0.25	0.25
0.0810811	0.027027	0.027027	0.0540541	0.810811
0.0517241	0.310345	0.112069	0.00862069	0.517241
0.142857	0.285714	0.333333	0.0952381	0.142857
0.242424	0.575758	0.0909091	0.0606061	0.030303
0.223881	0.253731	0.134328	0.0597015	0.328358
0.185185	0.37037	0.333333	0.037037	0.0740741
0.04	0.12	0.01	0.08	0.75
0.372549	0.294118	0.0784314	0.117647	0.137255
0.075	0.025	0.075	0.025	0.8
0.0408163	0.734694	0.142857	0.0612245	0.0204082
0.0491803	0.885246	0.0163934	0.0163934	0.0327869
0.01875	0.7875	0.15	0.0125	0.03125
0.04	0.04	0.08	0.16	0.68
0.0357143	0.0357143	0.178571	0.142857	0.607143
0.0909091	0.545455	0.0454545	0.136364	0.181818
0.0714286	0.0714286	0.714286	0.0357143	0.107143
0.45122	0.417683	0.0457317	0.027439	0.0579268
0.0571429	0.314286	0.1	0.0714286	0.457143
0.666667	0.222222	0.037037	0.037037	0.037037
0.1	0.6	0.05	0.05	0.2
0.230769	0.623932	0.0769231	0.025641	0.042735
0.125	0.333333	0.166667	0.25	0.125
0.2	0.2	0.2	0.2	0.2
0.0188679	0.113208	0.0188679	0.0188679	0.830189
0.025	0.25	0.025	0.3	0.4
0.1	0.3	0.2	0.1	0.3
0.2	0.2	0.2	0.2	0.2
0.00909091	0.0727273	0.490909	0.227273	0.2
0.0909091	0.636364	0.181818	0.0454545	0.0454545
0.0338983	0.254237	0.135593	0.305085	0.271186
0.146341	0.0487805	0.0487805	0.0243902	0.731707
0.0714286	0.142857	0.185714	0.0142857	0.585714
0.206897	0.517241	0.103448	0.103448	0.0689655
0.176471	0.117647	0.0588235	0.0294118	0.617647
0.181818	0.0454545	0.0909091	0.0454545	0.636364
0.00540541	0.205405	0.172973	0.027027	0.589189
0.047619	0.52381	0.0952381	0.285714	0.047619
0.0232558	0.627907	0.0930233	0.0930233	0.162791
0.0307692	0.307692	0.492308	0.107692	0.0615385
0.0444444	0.133333	0.355556	0.266667	0.2
0.125	0.375	0.125	0.25	0.125
0.0357143	0.642857	0.107143	0.142857	0.0714286
0.0294118	0.0294118	0.5	0.147059	0.294118
0.0151515	0.575758	0.272727	0.0151515	0.121212
0.08	0.08	0.12	0.44	0.28
0.0909091	0.545455	0.181818	0.0454545	0.136364
0.0526316	0.789474	0.0526316	0.0526316	0.0526316
0.0952381	0.285714	0.285714	0.047619	0.285714
0.0333333	0.6	0.1	0.2	0.0666667
0.333333	0.166667	0.166667	0.0833333	0.25
0.0454545	0.227273	0.0454545	0.0454545	0.636364
0.047619	0.253968	0.047619	0.015873	0.634921
0.0153846	0.2	0.0153846	0.0307692	0.738462
0.045045	0.468468	0.0540541	0.126126	0.306306
0.0869565	0.5	0.152174	0.108696	0.152174
0.0163934	0.42623	0.196721	0.295082	0.0655738
0.00869565	0.243478	0.243478	0.0521739	0.452174
0.0412088	0.241758	0.0274725	0.681319	0.00824176
0.0588235	0.176471	0.0588235	0.0588235	0.647059
0.111111	0.5	0.0555556	0.166667	0.166667
0.166667	0.416667	0.0833333	0.0833333	0.25
0.05	0.1	0.4	0.025	0.425
0.047619	0.190476	0.0952381	0.047619	0.619048
0.205882	0.0588235	0.0588235	0.0588235	0.617647
0.102564	0.307692	0.0769231	0.410256	0.102564
0.137931	0.586207	0.0689655	0.137931	0.0689655
0.00689655	0.841379	0.0413793	0.0896552	0.0206897
0.0333333	0.755556	0.0333333	0.0777778	0.1
0.1	0.2	0.1	0.5	0.1
0.025	0.375	0.15	0.2	0.25
0.0294118	0.264706	0.147059	0.0294118	0.529412
0.0172414	0.775862	0.0172414	0.155172	0.0344828
0.175258	0.0206186	0.175258	0.0824742	0.546392
0.0294118	0.117647	0.176471	0.0882353	0.588235
0.00689655	0.806897	0.124138	0.0551724	0.00689655
0.0521739	0.0608696	0.269565	0.0434783	0.573913
0.0666667	0.0666667	0.0333333	0.266667	0.566667
0.0136986	0.246575	0.0684932	0.643836	0.0273973
0.0566038	0.0566038	0.0188679	0.188679	0.679245
0.03125	0.1875	0.59375	0.03125	0.15625
0.037037	0.037037	0.62963	0.037037	0.259259
0.0392157	0.294118	0.431373	0.117647	0.117647
0.0416667	0.0208333	0.0625	0.0416667	0.833333
0.0526316	0.263158	0.105263	0.0526316	0.526316
0.0263158	0.105263	0.105263	0.0526316	0.710526
0.247312	0.0967742	0.258065	0.215054	0.182796
0.0384615	0.288462	0.0192308	0.153846	0.5
0.0172414	0.258621	0.310345	0.0172414	0.396552
0.03125	0.40625	0.0625	0.125	0.375
0.2	0.2	0.2	0.2	0.2
0.113636	0.159091	0.0454545	0.0340909	0.647727
0.15	0.15	0.05	0.05	0.6
0.183673	0.0204082	0.142857	0.0204082	0.632653
0.0243902	0.439024	0.0243902	0.463415	0.0487805
0.0147059	0.117647	0.102941	0.0147059	0.75
0.00714286	0.492857	0.0928571	0.378571	0.0285714
0.027027	0.211712	0.126126	0.630631	0.0045045
0.12069	0.597701	0.224138	0.0172414	0.0402299
0.202899	0.115942	0.434783	0.0869565	0.15942
0.0434783	0.130435	0.0434783	0.0434783	0.73913
0.222222	0.111111	0.111111	0.333333	0.222222
0.25641	0.128205	0.410256	0.025641	0.179487
0.0566038	0.264151	0.339623	0.0566038	0.283019
0.057971	0.434783	0.173913	0.0869565	0.246377
0.0277778	0.305556	0.416667	0.0277778	0.222222
0.0740741	0.111111	0.148148	0.148148	0.518519
0.027027	0.027027	0.243243	0.027027	0.675676
0.03125	0.40625	0.09375	0.40625	0.0625
0.181818	0.218182	0.418182	0.0545455	0.127273
0.0363636	0.0545455	0.527273	0.0181818	0.363636
0.0344828	0.172414	0.172414	0.137931	0.482759
0.125	0.0416667	0.0416667	0.0416667	0.75
0.136364	0.181818	0.0681818	0.113636	0.5
0.363095	0.184524	0.291667	0.0119048	0.14881
0.015625	0.609375	0.046875	0.1875	0.140625
0.1	0.4	0.266667	0.166667	0.0666667
0.0188679	0.188679	0.226415	0.0188679	0.54717
0.185185	0.148148	0.185185	0.037037	0.444444
0.0625	0.5	0.125	0.1875	0.125
0.0731707	0.170732	0.0121951	0.268293	0.47561
0.031746	0.761905	0.0515873	0.0952381	0.0595238
0.0714286	0.642857	0.0714286	0.0714286	0.142857
0.347826	0.181159	0.0289855	0.391304	0.0507246
0.0294118	0.117647	0.0588235	0.0294118	0.764706
0.0119048	0.428571	0.0119048	0.107143	0.440476
0.2	0.266667	0.0666667	0.0666667	0.4
0.0454545	0.454545	0.136364	0.272727	0.0909091
0.0153846	0.723077	0.0307692	0.138462	0.0923077
0.0666667	0.333333	0.0833333	0.183333	0.333333
0.2	0.2	0.2	0.2	0.2
0.1	0.225	0.2	0.025	0.45
0.155172	0.206897	0.0172414	0.586207	0.0344828
0.027027	0.783784	0.027027	0.135135	0.027027
0.0526316	0.210526	0.0526316	0.0526316	0.631579
0.0314961	0.774278	0.0314961	0.0918635	0.0708661
0.0952381	0.571429	0.142857	0.047619	0.142857
0.0363636	0.236364	0.109091	0.0545455	0.563636
0.0909091	0.515152	0.030303	0.151515	0.212121
0.0666667	0.266667	0.133333	0.0666667	0.466667
0.125	0.354167	0.145833	0.166667	0.208333
0.025	0.3	0.525	0.075	0.075
0.0425532	0.0851064	0.12766	0.574468	0.170213
0.102041	0.326531	0.142857	0.285714	0.142857
0.216146	0.166667	0.0885417	0.0234375	0.505208
0.0285714	0.314286	0.0285714	0.0571429	0.571429
0.104167	0.129167	0.0458333	0.708333	0.0125
0.0833333	0.0416667	0.25	0.0416667	0.583333
0.0461095	0.0951009	0.582133	0.0951009	0.181556
0.181818	0.0454545	0.0454545	0.0454545	0.681818
0.0111294	0.658697	0.221764	0.0943941	0.0140148
0.514706	0.352941	0.0147059	0.0882353	0.0294118
0.174419	0.104651	0.127907	0.0813953	0.511628
0.136364	0.409091	0.0909091	0.136364	0.227273
0.0491803	0.229508	0.0163934	0.0819672	0.622951
0.0164835	0.769231	0.0421245	0.144689	0.0274725
0.0344828	0.0344828	0.206897	0.0344828	0.689655
0.0344828	0.551724	0.0689655	0.275862	0.0689655
0.15	0.35	0.075	0.4	0.025
0.0232558	0.116279	0.0930233	0.0697674	0.697674
0.0512821	0.320513	0.0641026	0.0769231	0.487179
0.0566038	0.415094	0.0943396	0.0188679	0.415094
0.0901639	0.174863	0.0601093	0.661202	0.0136612
0.1	0.25	0.05	0.05	0.55
0.1	0.2	0.3	0.1	0.3
0.0150376	0.887218	0.0075188	0.0676692	0.0225564
0.0384615	0.615385	0.115385	0.192308	0.0384615
0.125	0.375	0.25	0.125	0.125
0.0277778	0.444444	0.0185185	0.0925926	0.416667
0.0588235	0.470588	0.117647	0.264706	0.0882353
0.0285714	0.171429	0.542857	0.0285714	0.228571
0.025	0.325	0.125	0.025	0.5
0.047619	0.238095	0.0238095	0.047619	0.642857
0.1	0.5	0.1	0.1	0.2
0.0625	0.0625	0.4375	0.0625	0.375
0.153846	0.307692	0.192308	0.0384615	0.307692
0.030303	0.313131	0.0808081	0.252525	0.323232
0.0416667	0.604167	0.229167	0.0416667	0.0833333
0.0533333	0.32	0.413333	0.0666667	0.146667
0.00330033	0.141914	0.683168	0.161716	0.00990099
0.0697674	0.0465116	0.27907	0.0465116	0.55814
0.091954	0.735632	0.0114943	0.114943	0.045977
0.027027	0.189189	0.0540541	0.0810811	0.648649
0.110236	0.275591	0.362205	0.0944882	0.15748
0.00980392	0.901961	0.0490196	0.0196078	0.0196078
0.315789	0.157895	0.0526316	0.315789	0.157895
0.106383	0.468085	0.0212766	0.276596	0.12766
0.05	0.166667	0.0333333	0.05	0.7
0.00961538	0.0865385	0.0384615	0.0480769	0.817308
0.148936	0.595745	0.0425532	0.148936	0.0638298
0.104167	0.166667	0.1875	0.0208333	0.520833
0.00473934	0.0758294	0.113744	0.0473934	0.758294
0.0350877	0.0526316	0.0350877	0.0175439	0.859649
0.0769231	0.538462	0.282051	0.0512821	0.0512821
0.0208333	0.6875	0.104167	0.0833333	0.104167
0.0379747	0.177215	0.0126582	0.0126582	0.759494
0.0769231	0.384615	0.0769231	0.0769231	0.384615
0.0714286	0.0714286	0.428571	0.214286	0.214286
0.111111	0.333333	0.111111	0.111111	0.333333
0.03125	0.25	0.09375	0.59375	0.03125
0.130435	0.347826	0.0869565	0.391304	0.0434783
0.0555556	0.277778	0.111111	0.0555556	0.5
0.0149254	0.716418	0.179104	0.0149254	0.0746269
0.0263158	0.210526	0.0789474	0.5	0.184211
0.015625	0.15625	0.203125	0.0625	0.5625
0.0769231	0.115385	0.269231	0.346154	0.192308
0.125	0.291667	0.333333	0.0833333	0.166667
0.0784314	0.0392157	0.607843	0.137255	0.137255
0.016129	0.483871	0.112903	0.306452	0.0806452
0.0277778	0.25	0.0416667	0.0138889	0.666667
0.0843091	0.0351288	0.723653	0.0210773	0.135831
0.153846	0.230769	0.102564	0.0512821	0.461538
0.0178571	0.821429	0.0357143	0.0178571	0.107143
0.0232558	0.453488	0.430233	0.0581395	0.0348837
0.0263158	0.763158	0.105263	0.0789474	0.0263158
0.038961	0.116883	0.116883	0.103896	0.623377
0.0785714	0.128571	0.0857143	0.05	0.657143
0.0769231	0.538462	0.0769231	0.269231	0.0384615
0.056962	0.0759494	0.0316456	0.0886076	0.746835
0.0285714	0.6	0.0571429	0.285714	0.0285714
0.157895	0.368421	0.289474	0.0263158	0.157895
0.00684932	0.0205479	0.157534	0.00684932	0.808219
0.0526316	0.315789	0.0526316	0.0526316	0.526316
0.44	0.16	0.12	0.12	0.16
0.04	0.16	0.68	0.04	0.08
0.0166667	0.366667	0.433333	0.15	0.0333333
0.0784314	0.45098	0.196078	0.117647	0.156863
0.210526	0.157895	0.263158	0.263158	0.105263
0.176471	0.676471	0.0588235	0.0588235	0.0294118
0.166667	0.5	0.0833333	0.0833333	0.166667
0.08	0.36	0.04	0.36	0.16
0.0434783	0.478261	0.0869565	0.0869565	0.304348
0.047619	0.190476	0.047619	0.0952381	0.619048
0.012987	0.12987	0.038961	0.0779221	0.74026
0.189189	0.432432	0.027027	0.189189	0.162162
0.06	0.26	0.44	0.02	0.22
0.377193	0.166667	0.105263	0.140351	0.210526
0.101695	0.686441	0.127119	0.0169492	0.0677966
0.333333	0.0833333	0.0833333	0.166667	0.333333
0.0307692	0.307692	0.0307692	0.0615385	0.569231
0.255319	0.297872	0.12766	0.234043	0.0851064
0.125	0.40625	0.21875	0.125	0.125
0.285714	0.328571	0.1	0.214286	0.0714286
0.222222	0.592593	0.0740741	0.037037	0.0740741
0.392405	0.329114	0.189873	0.0126582	0.0759494
0.480519	0.38961	0.012987	0.0519481	0.0649351
0.00480769	0.0336538	0.817308	0.125	0.0192308
0.112245	0.112245	0.0102041	0.0612245	0.704082
0.0555556	0.111111	0.388889	0.166667	0.277778
0.047619	0.190476	0.238095	0.0952381	0.428571
0.0555556	0.166667	0.0555556	0.0555556	0.666667
0.0555556	0.611111	0.0555556	0.222222	0.0555556
0.130435	0.130435	0.0869565	0.304348	0.347826
0.0769231	0.269231	0.461538	0.0384615	0.153846
0.147059	0.176471	0.176471	0.0588235	0.441176
0.0416667	0.333333	0.180556	0.402778	0.0416667
0.027027	0.153153	0.0540541	0.00900901	0.756757
0.0666667	0.533333	0.0444444	0.0444444	0.311111
0.0185185	0.314815	0.185185	0.407407	0.0740741
0.166667	0.166667	0.333333	0.166667	0.166667
0.0178571	0.482143	0.160714	0.0178571	0.321429
0.0576923	0.269231	0.0769231	0.0384615	0.557692
0.0645161	0.290323	0.129032	0.225806	0.290323
0.166667	0.0833333	0.5	0.0833333	0.166667
0.0232558	0.0465116	0.139535	0.0232558	0.767442
0.3	0.35	0.05	0.1	0.2
0.00510204	0.778061	0.0382653	0.137755	0.0408163
0.25	0.5	0.125	0.0625	0.0625
0.181818	0.363636	0.0909091	0.181818	0.181818
0.030303	0.424242	0.030303	0.030303	0.484848
0.277778	0.444444	0.166667	0.0555556	0.0555556
0.0152284	0.771574	0.035533	0.167513	0.0101523
0.01875	0.21875	0.3875	0.1125	0.2625
0.0909091	0.363636	0.121212	0.0909091	0.333333
0.0357143	0.314286	0.128571	0.271429	0.25
0.0140845	0.028169	0.0140845	0.887324	0.056338
0.142857	0.142857	0.428571	0.142857	0.142857
0.0106383	0.191489	0.0106383	0.776596	0.0106383
0.010101	0.232323	0.136364	0.0555556	0.565657
0.171429	0.0571429	0.257143	0.171429	0.342857
0.025	0.3	0.0625	0.1125	0.5
0.2	0.2	0.2	0.2	0.2
0.16	0.64	0.08	0.08	0.04
0.527778	0.236111	0.0138889	0.0694444	0.152778
0.0652174	0.623188	0.057971	0.166667	0.0869565
0.0454545	0.363636	0.0454545	0.136364	0.409091
0.368421	0.157895	0.157895	0.0526316	0.263158
0.0289855	0.289855	0.376812	0.246377	0.057971
0.111111	0.388889	0.111111	0.166667	0.222222
0.115385	0.269231	0.153846	0.153846	0.307692
0.0416667	0.541667	0.125	0.208333	0.0833333
0.0128205	0.512821	0.346154	0.0384615	0.0897436
0.0888889	0.711111	0.0222222	0.133333	0.0444444
0.0357143	0.357143	0.0357143	0.392857	0.178571
0.0175439	0.350877	0.245614	0.0701754	0.315789
0.0196078	0.176471	0.27451	0.392157	0.137255
0.0588235	0.264706	0.235294	0.0588235	0.382353
0.25	0.0625	0.3125	0.0625	0.3125
0.117647	0.294118	0.0588235	0.470588	0.0588235
0.0769231	0.653846	0.153846	0.0769231	0.0384615
0.111111	0.277778	0.111111	0.0555556	0.444444
0.2	0.2	0.2	0.2	0.2
0.0909091	0.212121	0.0909091	0.030303	0.575758
0.0144928	0.362319	0.0869565	0.275362	0.26087
0.04	0.08	0.66	0.02	0.2
0.0454545	0.386364	0.25	0.113636	0.204545
0.0461538	0.0307692	0.0615385	0.0307692	0.830769
0.173077	0.769231	0.0192308	0.0192308	0.0192308
0.0454545	0.477273	0.0681818	0.363636	0.0454545
0.0869565	0.0434783	0.0869565	0.130435	0.652174
0.0526316	0.5	0.131579	0.157895	0.157895
0.333333	0.5	0.0416667	0.0833333	0.0416667
0.0512821	0.230769	0.294872	0.025641	0.397436
0.105263	0.157895	0.157895	0.421053	0.157895
0.121622	0.135135	0.256757	0.0135135	0.472973
0.0434783	0.304348	0.00724638	0.565217	0.0797101
0.0568182	0.545455	0.0113636	0.0909091	0.295455
0.0909091	0.272727	0.025974	0.454545	0.155844
0.0625	0.125	0.125	0.40625	0.28125
0.00564972	0.491525	0.0282486	0.440678	0.0338983
0.0428571	0.414286	0.0571429	0.414286	0.0714286
0.166667	0.166667	0.333333	0.166667	0.166667
0.0666667	0.0666667	0.266667	0.266667	0.333333
0.2	0.2	0.2	0.2	0.2
0.0175439	0.605263	0.00877193	0.280702	0.0877193
0.0222222	0.766667	0.0444444	0.122222	0.0444444
0.1875	0.34375	0.15625	0.125	0.1875
0.272727	0.287879	0.0378788	0.0909091	0.310606
0.0117647	0.694118	0.0588235	0.152941	0.0823529
0.05	0.05	0.175	0.025	0.7
0.0263158	0.789474	0.131579	0.0263158	0.0263158
0.037037	0.0555556	0.759259	0.0185185	0.12963
0.0232558	0.651163	0.0465116	0.255814	0.0232558
0.15625	0.3125	0.328125	0.171875	0.03125
0.0487805	0.560976	0.0487805	0.268293	0.0731707
0.380952	0.047619	0.047619	0.428571	0.0952381
0.0512821	0.641026	0.0512821	0.230769	0.025641
0.00346021	0.820069	0.017301	0.141869	0.017301
0.0357143	0.321429	0.214286	0.0357143	0.392857
0.0652174	0.673913	0.108696	0.0652174	0.0869565
0.0454545	0.181818	0.636364	0.0909091	0.0454545
0.0555556	0.0555556	0.277778	0.0555556	0.555556
0.0144928	0.0144928	0.057971	0.0144928	0.898551
0.0434783	0.0434783	0.0434783	0.0434783	0.826087
0.00689655	0.486207	0.0724138	0.382759	0.0517241
0.0833333	0.333333	0.25	0.0833333	0.25
0.0217391	0.282609	0.076087	0.51087	0.108696
0.0769231	0.461538	0.153846	0.0769231	0.230769
0.133333	0.633333	0.0333333	0.0333333	0.166667
0.0714286	0.285714	0.142857	0.428571	0.0714286
0.0625	0.1875	0.0625	0.0625	0.625
0.016129	0.129032	0.0806452	0.0483871	0.725806
0.171053	0.118421	0.0526316	0.105263	0.552632
0.32	0.306667	0.2	0.0533333	0.12
0.0198413	0.884921	0.00396825	0.0595238	0.031746
0.00884956	0.079646	0.849558	0.0442478	0.0176991
0.0714286	0.428571	0.214286	0.214286	0.0714286
0.0406977	0.337209	0.0232558	0.174419	0.424419
0.0833333	0.0833333	0.416667	0.125	0.291667
0.0171429	0.394286	0.0628571	0.411429	0.114286
0.125	0.21875	0.34375	0.0625	0.25
0.047619	0.0952381	0.2	0.0190476	0.638095
0.172619	0.10119	0.190476	0.10119	0.434524
0.0967742	0.129032	0.0322581	0.193548	0.548387
0.2	0.2	0.2	0.2	0.2
0.0625	0.625	0.1875	0.0625	0.0625
0.0588235	0.176471	0.176471	0.176471	0.411765
0.0157233	0.0628931	0.0440252	0.00943396	0.867925
0.0714286	0.142857	0.5	0.0714286	0.214286
0.366667	0.466667	0.0333333	0.0333333	0.1
0.0166667	0.35	0.45	0.0833333	0.1
0.381818	0.1	0.1	0.181818	0.236364
0.00934579	0.383178	0.0841121	0.0373832	0.485981
0.107143	0.571429	0.0535714	0.214286	0.0535714
0.025	0.375	0.05	0.425	0.125
0.0340909	0.125	0.0397727	0.0170455	0.784091
0.08	0.08	0.08	0.04	0.72
0.0107527	0.44086	0.0322581	0.258065	0.258065
0.0555556	0.0555556	0.222222	0.111111	0.555556
0.0128205	0.628205	0.0192308	0.0384615	0.301282
0.0606061	0.30303	0.030303	0.030303	0.575758
0.174603	0.15873	0.222222	0.142857	0.301587
0.00746269	0.283582	0.0149254	0.679104	0.0149254
0.0416667	0.416667	0.0416667	0.25	0.25
0.2	0.2	0.2	0.2	0.2
0.162791	0.44186	0.0232558	0.116279	0.255814
0.375	0.125	0.125	0.25	0.125
0.227273	0.522727	0.0227273	0.204545	0.0227273
0.152778	0.638889	0.0138889	0.0833333	0.111111
0.0460829	0.640553	0.0645161	0.165899	0.0829493
0.0952381	0.238095	0.047619	0.571429	0.047619
0.16	0.16	0.12	0.04	0.52
0.0434783	0.0434783	0.0289855	0.0144928	0.869565
0.1875	0.1875	0.4375	0.0625	0.125
0.990244	0.00114778	0.00200861	0.000286944	0.00631277
0.00378072	0.166352	0.0132325	0.812854	0.00378072
0.00714286	0.128571	0.207143	0.00714286	0.65
0.0508475	0.305085	0.0338983	0.491525	0.118644
0.2	0.133333	0.0666667	0.0666667	0.533333
0.05	0.7	0.05	0.05	0.15
0.030303	0.30303	0.0606061	0.0606061	0.545455
0.025641	0.0512821	0.102564	0.0512821	0.769231
0.0357143	0.392857	0.25	0.285714	0.0357143
0.178947	0.652632	0.0421053	0.0842105	0.0421053
0.0666667	0.4	0.0666667	0.0666667	0.4
0.328125	0.171875	0.03125	0.0234375	0.445312
0.03	0.7	0.01	0.12	0.14
0.00323625	0.0420712	0.935275	0.00323625	0.0161812
0.0322581	0.16129	0.258065	0.0645161	0.483871
0.0833333	0.25	0.166667	0.0833333	0.416667
0.111111	0.222222	0.111111	0.444444	0.111111
0.026087	0.026087	0.0347826	0.00869565	0.904348
0.06	0.04	0.02	0.5	0.38
0.222222	0.111111	0.0555556	0.166667	0.444444
0.0758294	0.0995261	0.0853081	0.701422	0.0379147
0.0138889	0.263889	0.0833333	0.0138889	0.625
0.0535714	0.00892857	0.616071	0.3125	0.00892857
0.0232558	0.325581	0.186047	0.116279	0.348837
0.404762	0.252976	0.00595238	0.229167	0.107143
0.105263	0.368421	0.0526316	0.210526	0.263158
0.047619	0.0952381	0.333333	0.047619	0.47619
0.0438596	0.131579	0.605263	0.0263158	0.192982
0.0833333	0.5	0.0833333	0.25	0.0833333
0.0835655	0.0445682	0.738162	0.0194986	0.114206
0.00988875	0.0679852	0.888752	0.00247219	0.0309023
0.0714286	0.428571	0.214286	0.142857	0.142857
0.130435	0.391304	0.217391	0.0434783	0.217391
0.0555556	0.555556	0.0555556	0.111111	0.222222
0.0278638	0.71517	0.0278638	0.108359	0.120743
0.0327869	0.467213	0.434426	0.0163934	0.0491803
0.0757576	0.393939	0.121212	0.0454545	0.363636
0.117647	0.196078	0.0784314	0.0980392	0.509804
0.0196078	0.352941	0.137255	0.284314	0.205882
0.027027	0.0540541	0.540541	0.0810811	0.297297
0.0263158	0.157895	0.0526316	0.236842	0.526316
0.0416667	0.291667	0.333333	0.125	0.208333
0.235294	0.264706	0.147059	0.205882	0.147059
0.2	0.2	0.2	0.2	0.2
0.280488	0.219512	0.134146	0.134146	0.231707
0.116279	0.325581	0.116279	0.0232558	0.418605
0.54717	0.320755	0.0188679	0.0566038	0.0566038
0.00766284	0.0689655	0.0287356	0.885057	0.00957854
0.027027	0.189189	0.27027	0.162162	0.351351
0.037037	0.259259	0.037037	0.0740741	0.592593
0.0138889	0.0555556	0.194444	0.0694444	0.666667
0.0333333	0.0333333	0.1	0.0666667	0.766667
0.32419	0.281796	0.042394	0.269327	0.0822943
0.0454545	0.0454545	0.0909091	0.0454545	0.772727
0.025641	0.397436	0.025641	0.410256	0.141026
0.247706	0.458716	0.0183486	0.0366972	0.238532
0.244898	0.591837	0.0408163	0.0408163	0.0816327
0.06	0.5	0.28	0.04	0.12
0.131579	0.736842	0.0263158	0.0263158	0.0789474
0.012987	0.571429	0.298701	0.0779221	0.038961
0.2	0.2	0.2	0.2	0.2
0.0555556	0.0555556	0.333333	0.0555556	0.5
0.0789474	0.657895	0.0789474	0.131579	0.0526316
0.042328	0.756614	0.0529101	0.137566	0.010582
0.0512821	0.589744	0.102564	0.0769231	0.179487
0.2	0.2	0.2	0.2	0.2
0.181818	0.318182	0.136364	0.0454545	0.318182
0.0722892	0.313253	0.481928	0.060241	0.0722892
0.0142857	0.614286	0.0142857	0.342857	0.0142857
0.0322581	0.354839	0.354839	0.0322581	0.225806
0.15	0.4	0.275	0.125	0.05
0.0909091	0.454545	0.0909091	0.0909091	0.272727
0.105263	0.157895	0.315789	0.0526316	0.368421
0.0833333	0.333333	0.0833333	0.25	0.25
0.0408163	0.102041	0.0408163	0.0612245	0.755102
0.157895	0.210526	0.157895	0.157895	0.315789
0.0232558	0.581395	0.0465116	0.27907	0.0697674
0.0487805	0.219512	0.146341	0.0731707	0.512195
0.356322	0.0727969	0.183908	0.122605	0.264368
0.03125	0.125	0.03125	0.09375	0.71875
0.0933333	0.186667	0.04	0.0133333	0.666667
0.148148	0.037037	0.185185	0.037037	0.592593
0.0588235	0.458824	0.247059	0.141176	0.0941176
0.0909091	0.636364	0.0909091	0.0909091	0.0909091
0.0714286	0.214286	0.0714286	0.0714286	0.571429
0.163265	0.673469	0.0612245	0.0816327	0.0204082
0.05	0.5	0.05	0.1	0.3
0.181818	0.181818	0.0454545	0.0909091	0.5
0.107143	0.309524	0.0357143	0.0238095	0.52381
0.0545455	0.454545	0.0363636	0.381818	0.0727273
0.0625	0.21875	0.625	0.03125	0.0625
0.230769	0.0979021	0.0979021	0.202797	0.370629
0.0327869	0.147541	0.213115	0.0491803	0.557377
0.0322581	0.129032	0.322581	0.129032	0.387097
0.047619	0.190476	0.047619	0.047619	0.666667
0.210526	0.210526	0.315789	0.157895	0.105263
0.2	0.2	0.2	0.2	0.2
0.0151515	0.030303	0.0151515	0.0151515	0.924242
0.348837	0.465116	0.0465116	0.0465116	0.0930233
0.011236	0.370787	0.101124	0.011236	0.505618
0.0634921	0.650794	0.174603	0.047619	0.0634921
0.115385	0.153846	0.615385	0.0384615	0.0769231
0.0686275	0.686275	0.0294118	0.137255	0.0784314
0.0120482	0.0843373	0.108434	0.0843373	0.710843
0.0769231	0.115385	0.153846	0.0384615	0.615385
0.235294	0.147059	0.235294	0.323529	0.0588235
0.108108	0.432432	0.162162	0.027027	0.27027
0.117647	0.0588235	0.117647	0.235294	0.470588
0.0588235	0.0588235	0.176471	0.0588235	0.647059
0.0588235	0.235294	0.0588235	0.117647	0.529412
0.142857	0.428571	0.142857	0.0714286	0.214286
0.0377358	0.0188679	0.0754717	0.0188679	0.849057
0.0538462	0.107692	0.0692308	0.0153846	0.753846
0.2	0.2	0.2	0.2	0.2
0.03125	0.46875	0.03125	0.0625	0.40625
0.0138889	0.333333	0.138889	0.111111	0.402778
0.00358423	0.602151	0.0179211	0.189964	0.18638
0.0384615	0.269231	0.0384615	0.5	0.153846
0.2	0.266667	0.0666667	0.4	0.0666667
0.25	0.166667	0.375	0.166667	0.0416667
0.025	0.25	0.0125	0.55	0.1625
0.0555556	0.25	0.222222	0.0277778	0.444444
0.0333333	0.266667	0.1	0.233333	0.366667
0.392857	0.357143	0.0357143	0.0714286	0.142857
0.0102459	0.555328	0.118852	0.264344	0.0512295
0.047619	0.190476	0.0952381	0.52381	0.142857
0.0909091	0.181818	0.0909091	0.0909091	0.545455
0.0263158	0.125	0.0263158	0.0131579	0.809211
0.0403226	0.16129	0.524194	0.00806452	0.266129
0.00393314	0.162242	0.0678466	0.745821	0.0201573
0.214286	0.142857	0.0238095	0.0952381	0.52381
0.0344828	0.206897	0.0344828	0.0344828	0.689655
0.226667	0.11	0.483333	0.02	0.16
0.114754	0.147541	0.163934	0.0327869	0.540984
0.125	0.208333	0.333333	0.0833333	0.25
0.0153846	0.153846	0.0307692	0.107692	0.692308
0.037037	0.259259	0.111111	0.037037	0.555556
0.0103093	0.819588	0.0154639	0.128866	0.0257732
0.11828	0.204301	0.0645161	0.0430108	0.569892
0.259259	0.333333	0.111111	0.148148	0.148148
0.0657534	0.0986301	0.0465753	0.778082	0.0109589
0.432432	0.432432	0.027027	0.0540541	0.0540541
0.0114943	0.597701	0.0114943	0.367816	0.0114943
0.027027	0.486486	0.432432	0.027027	0.027027
0.0217391	0.115942	0.101449	0.688406	0.0724638
0.0909091	0.545455	0.030303	0.0909091	0.242424
0.0555556	0.444444	0.0555556	0.166667	0.277778
0.0384615	0.830769	0.0846154	0.0307692	0.0153846
0.0333333	0.233333	0.333333	0.0333333	0.366667
0.125	0.0833333	0.291667	0.333333	0.166667
0.166667	0.466667	0.0333333	0.183333	0.15
0.353535	0.232323	0.343434	0.030303	0.040404
0.0169492	0.20339	0.118644	0.0508475	0.610169
0.0454545	0.030303	0.136364	0.0757576	0.712121
0.0357143	0.142857	0.142857	0.0357143	0.642857
0.0196078	0.137255	0.392157	0.0196078	0.431373
0.272727	0.590909	0.0227273	0.0681818	0.0454545
0.222222	0.222222	0.111111	0.111111	0.333333
0.428571	0.0285714	0.171429	0.0571429	0.314286
0.0207469	0.170124	0.0373444	0.73444	0.0373444
0.0167224	0.891304	0.0301003	0.0334448	0.0284281
0.111111	0.296296	0.148148	0.0740741	0.37037
0.012987	0.272727	0.0519481	0.623377	0.038961
0.142857	0.214286	0.142857	0.0714286	0.428571
0.015873	0.0952381	0.111111	0.031746	0.746032
0.0168067	0.222689	0.117647	0.0630252	0.579832
0.0217391	0.217391	0.0869565	0.5	0.173913
0.0526316	0.192982	0.0701754	0.0175439	0.666667
0.0666667	0.133333	0.2	0.266667	0.333333
0.0277778	0.277778	0.0555556	0.0277778	0.611111
0.00946799	0.142471	0.749324	0.0532011	0.0455365
0.166667	0.166667	0.166667	0.166667	0.333333
0.0148515	0.420792	0.0544554	0.445545	0.0643564
0.181818	0.454545	0.181818	0.0909091	0.0909091
0.761671	0.0429975	0.0479115	0.0528256	0.0945946
0.255026	0.374603	0.00529101	0.265608	0.0994709
0.678571	0.214286	0.0357143	0.0357143	0.0357143
0.012987	0.324675	0.025974	0.623377	0.012987
0.0214216	0.246349	0.584226	0.0817916	0.0662123
0.0833333	0.166667	0.0277778	0.0555556	0.666667
0.444444	0.333333	0.0555556	0.111111	0.0555556
0.107143	0.571429	0.0357143	0.25	0.0357143
0.133333	0.4	0.133333	0.2	0.133333
0.021978	0.197802	0.0769231	0.021978	0.681319
0.0625	0.0625	0.125	0.0625	0.6875
0.047619	0.0952381	0.309524	0.119048	0.428571
0.0185185	0.574074	0.037037	0.351852	0.0185185
0.0322581	0.483871	0.0645161	0.387097	0.0322581
0.272727	0.318182	0.0757576	0.0454545	0.287879
0.05	0.5	0.05	0.15	0.25
0.0441176	0.691176	0.117647	0.0514706	0.0955882
0.047619	0.0952381	0.190476	0.047619	0.619048
0.0294118	0.147059	0.176471	0.0294118	0.617647
0.0344828	0.0689655	0.551724	0.103448	0.241379
0.027027	0.540541	0.297297	0.027027	0.108108
0.26087	0.478261	0.0869565	0.0869565	0.0869565
0.0526316	0.631579	0.0526316	0.210526	0.0526316
0.0769231	0.153846	0.0769231	0.153846	0.538462
0.0192308	0.115385	0.0769231	0.0384615	0.75
0.2	0.2	0.2	0.2	0.2
0.0149254	0.208955	0.208955	0.0298507	0.537313
0.0943396	0.320755	0.339623	0.132075	0.113208
0.0625	0.375	0.125	0.0625	0.375
0.0263158	0.131579	0.710526	0.0263158	0.105263
0.0199005	0.39801	0.0348259	0.497512	0.0497512
0.0224719	0.168539	0.0674157	0.0561798	0.685393
0.0588235	0.0588235	0.0588235	0.0588235	0.764706
0.266667	0.216667	0.116667	0.0166667	0.383333
0.0606061	0.272727	0.030303	0.0606061	0.575758
0.0652174	0.695652	0.0652174	0.0869565	0.0869565
0.14	0.48	0.2	0.14	0.04
0.0654206	0.485981	0.0747664	0.205607	0.168224
0.111111	0.185185	0.148148	0.0740741	0.481481
0.2	0.2	0.2	0.2	0.2
0.0287081	0.22488	0.602871	0.0909091	0.0526316
0.130435	0.326087	0.130435	0.369565	0.0434783
0.105263	0.631579	0.105263	0.0526316	0.105263
0.0217391	0.217391	0.0652174	0.0869565	0.608696
0.05	0.25	0.2	0.1	0.4
0.205882	0.176471	0.0294118	0.0588235	0.529412
0.0163934	0.852459	0.0163934	0.0163934	0.0983607
0.157895	0.315789	0.210526	0.157895	0.157895
0.1875	0.375	0.0625	0.0625	0.3125
0.353846	0.0923077	0.0615385	0.0307692	0.461538
0.15	0.35	0.05	0.15	0.3
0.0141509	0.349057	0.0542453	0.54717	0.0353774
0.0470588	0.470588	0.0588235	0.305882	0.117647
0.0555556	0.0277778	0.0277778	0.111111	0.777778
0.0714286	0.571429	0.0357143	0.107143	0.214286
0.0408163	0.102041	0.734694	0.0204082	0.102041
0.0574713	0.172414	0.0229885	0.0804598	0.666667
0.157895	0.0526316	0.105263	0.263158	0.421053
0.0434783	0.26087	0.0869565	0.0434783	0.565217
0.111111	0.518519	0.0740741	0.0740741	0.222222
0.0344828	0.172414	0.275862	0.0344828	0.482759
0.111111	0.333333	0.407407	0.111111	0.037037
0.1	0.683333	0.0833333	0.1	0.0333333
0.689655	0.103448	0.0689655	0.0344828	0.103448
0.125	0.5	0.125	0.125	0.125
0.025641	0.25641	0.0128205	0.679487	0.025641
0.0843373	0.228916	0.192771	0.0722892	0.421687
0.0408163	0.408163	0.163265	0.183673	0.204082
0.1	0.5	0.1	0.2	0.1
0.027027	0.0900901	0.198198	0.027027	0.657658
0.163265	0.306122	0.0408163	0.0408163	0.44898
0.05	0.4	0.05	0.2	0.3
0.0588235	0.176471	0.0294118	0.0294118	0.705882
0.142857	0.553571	0.178571	0.0178571	0.107143
0.0111732	0.0949721	0.776536	0.0558659	0.0614525
0.181818	0.181818	0.30303	0.0606061	0.272727
0.0704225	0.746479	0.0140845	0.15493	0.0140845
0.1	0.133333	0.0333333	0.1	0.633333
0.159091	0.568182	0.0340909	0.215909	0.0227273
0.131443	0.239691	0.136598	0.0335052	0.458763
0.0357143	0.0714286	0.25	0.142857	0.5
0.1	0.1	0.6	0.1	0.1
0.0566038	0.415094	0.113208	0.245283	0.169811
0.0909091	0.0454545	0.681818	0.0454545	0.136364
0.258065	0.225806	0.129032	0.129032	0.258065
0.181818	0.181818	0.0909091	0.0909091	0.454545
0.272727	0.306818	0.0454545	0.0113636	0.363636
0.0102564	0.145299	0.102564	0.721368	0.0205128
0.0666667	0.111111	0.288889	0.0666667	0.466667
0.2	0.2	0.1	0.3	0.2
0.1	0.575	0.075	0.125	0.125
0.0434783	0.217391	0.0434783	0.0434783	0.652174
0.028169	0.0985915	0.084507	0.0140845	0.774648
0.133333	0.0666667	0.2	0.0666667	0.533333
0.0909091	0.0909091	0.0909091	0.181818	0.545455
0.0277778	0.305556	0.25	0.111111	0.305556
0.0697674	0.255814	0.0232558	0.0232558	0.627907
0.0588235	0.411765	0.117647	0.0588235	0.352941
0.0833333	0.541667	0.0416667	0.125	0.208333
0.0185185	0.259259	0.101852	0.037037	0.583333
0.0119617	0.284689	0.00478469	0.686603	0.0119617
0.1875	0.4375	0.0625	0.125	0.1875
0.0416667	0.125	0.625	0.0416667	0.166667
0.02	0.01	0.28	0.03	0.66
0.0277778	0.194444	0.0833333	0.0833333	0.611111
0.0888889	0.466667	0.133333	0.0888889	0.222222
0.0275229	0.0825688	0.0366972	0.834862	0.0183486
0.0638298	0.382979	0.0425532	0.361702	0.148936
0.016129	0.83871	0.0806452	0.0322581	0.0322581
0.125	0.205357	0.0982143	0.0178571	0.553571
0.047619	0.428571	0.380952	0.047619	0.0952381
0.0196078	0.482353	0.0509804	0.380392	0.0666667
0.0911854	0.203647	0.0425532	0.647416	0.0151976
0.0133333	0.773333	0.0933333	0.0266667	0.0933333
0.222222	0.111111	0.222222	0.111111	0.333333
0.0632184	0.752874	0.0977011	0.066092	0.0201149
0.0238095	0.0357143	0.357143	0.0357143	0.547619
0.0479042	0.251497	0.0179641	0.670659	0.011976
0.00108696	0.266304	0.657609	0.0407609	0.0342391
0.04	0.377143	0.0171429	0.131429	0.434286
0.0526316	0.131579	0.552632	0.0789474	0.184211
0.0888889	0.822222	0.0444444	0.0222222	0.0222222
0.1	0.1	0.4	0.1	0.3
0.529412	0.235294	0.0392157	0.0980392	0.0980392
0.2	0.2	0.2	0.2	0.2
0.0135135	0.445946	0.0135135	0.513514	0.0135135
0.0909091	0.0909091	0.227273	0.0909091	0.5
0.0588235	0.0588235	0.117647	0.411765	0.352941
0.010101	0.040404	0.0808081	0.0707071	0.79798
0.0333333	0.366667	0.0388889	0.00555556	0.555556
0.0338983	0.152542	0.220339	0.0169492	0.576271
0.0833333	0.25	0.0833333	0.166667	0.416667
0.142857	0.142857	0.142857	0.428571	0.142857
0.0909091	0.159091	0.0681818	0.0454545	0.636364
0.047619	0.333333	0.190476	0.380952	0.047619
0.047619	0.047619	0.47619	0.047619	0.380952
0.2	0.2	0.2	0.2	0.2
0.25	0.375	0.125	0.125	0.125
0.184211	0.342105	0.105263	0.342105	0.0263158
0.0943396	0.264151	0.0377358	0.0377358	0.566038
0.0588235	0.352941	0.117647	0.0588235	0.411765
0.2	0.2	0.2	0.2	0.2
0.333333	0.266667	0.133333	0.0666667	0.2
0.25	0.125	0.125	0.375	0.125
0.0277778	0.333333	0.0972222	0.375	0.166667
0.08	0.2	0.04	0.64	0.04
0.0769231	0.0769231	0.0769231	0.384615	0.384615
0.0431655	0.338129	0.00719424	0.028777	0.582734
0.0612245	0.469388	0.0408163	0.387755	0.0408163
0.0307692	0.0615385	0.0769231	0.0153846	0.815385
0.0655738	0.377049	0.0491803	0.0327869	0.47541
0.0625	0.3125	0.125	0.4375	0.0625
0.2	0.2	0.2	0.2	0.2
0.0757576	0.666667	0.0606061	0.0151515	0.181818
0.2	0.228571	0.114286	0.0857143	0.371429
0.0238095	0.333333	0.0238095	0.238095	0.380952
0.0246914	0.209877	0.283951	0.444444	0.037037
0.056338	0.239437	0.366197	0.084507	0.253521
0.0454545	0.136364	0.181818	0.136364	0.5
0.272727	0.227273	0.0909091	0.0909091	0.318182
0.344262	0.508197	0.114754	0.0163934	0.0163934
0.0555556	0.0416667	0.166667	0.0694444	0.666667
0.34375	0.03125	0.09375	0.03125	0.5
0.0113636	0.329545	0.0113636	0.0113636	0.636364
0.0857143	0.671429	0.0571429	0.0714286	0.114286
0.0645161	0.258065	0.387097	0.0967742	0.193548
0.263158	0.210526	0.0526316	0.263158	0.210526
0.0909091	0.272727	0.0909091	0.0909091	0.454545
0.0869565	0.521739	0.173913	0.130435	0.0869565
0.0882353	0.0588235	0.0294118	0.117647	0.705882
0.1875	0.375	0.1875	0.0625	0.1875
0.1	0.2	0.2	0.1	0.4
0.302326	0.139535	0.162791	0.0465116	0.348837
0.12	0.4	0.08	0.32	0.08
0.214286	0.142857	0.0714286	0.214286	0.357143
0.137931	0.206897	0.0689655	0.103448	0.482759
0.032	0.216	0.08	0.024	0.648
0.0625	0.6875	0.0625	0.125	0.0625
0.018018	0.855856	0.00900901	0.045045	0.0720721
0.12	0.48	0.24	0.12	0.04
0.0277778	0.25	0.388889	0.0277778	0.305556
0.00724638	0.42029	0.173913	0.0507246	0.347826
0.181818	0.454545	0.181818	0.0909091	0.0909091
0.114754	0.278689	0.278689	0.0983607	0.229508
0.0377358	0.150943	0.358491	0.0377358	0.415094
0.0909091	0.181818	0.181818	0.363636	0.181818
0.12844	0.366972	0.357798	0.0183486	0.12844
0.111111	0.0555556	0.166667	0.111111	0.555556
0.125	0.125	0.375	0.25	0.125
0.285714	0.142857	0.142857	0.142857	0.285714
0.1	0.4	0.3	0.1	0.1
0.0408163	0.326531	0.0612245	0.285714	0.285714
0.047619	0.619048	0.0952381	0.142857	0.0952381
0.157895	0.263158	0.263158	0.263158	0.0526316
0.0208333	0.208333	0.375	0.104167	0.291667
0.047619	0.047619	0.380952	0.047619	0.47619
0.1	0.25	0.15	0.25	0.25
0.0133333	0.48	0.0133333	0.08	0.413333
0.0714286	0.0714286	0.0357143	0.107143	0.714286
0.0114943	0.310345	0.0344828	0.0114943	0.632184
0.227273	0.0909091	0.136364	0.295455	0.25
0.00543478	0.396739	0.00543478	0.554348	0.0380435
0.275	0.3375	0.0375	0.05	0.3
0.0263158	0.421053	0.0526316	0.342105	0.157895
0.0714286	0.047619	0.666667	0.0238095	0.190476
0.00932401	0.675991	0.0652681	0.223776	0.025641
0.157895	0.368421	0.105263	0.210526	0.157895
0.0566038	0.0754717	0.132075	0.0188679	0.716981
0.3125	0.166667	0.0833333	0.0416667	0.395833
0.02537	0.435518	0.0274841	0.158562	0.353066
0.28	0.48	0.08	0.12	0.04
0.0833333	0.125	0.333333	0.0416667	0.416667
0.0645161	0.16129	0.16129	0.129032	0.483871
0.432432	0.027027	0.189189	0.0540541	0.297297
0.111111	0.0555556	0.0555556	0.0555556	0.722222
0.136364	0.0454545	0.181818	0.136364	0.5
0.148649	0.283784	0.202703	0.0675676	0.297297
0.0555556	0.222222	0.0555556	0.0185185	0.648148
0.0113636	0.431818	0.102273	0.295455	0.159091
0.0181818	0.372727	0.245455	0.163636	0.2
0.0196078	0.215686	0.176471	0.0196078	0.568627
0.00540541	0.2	0.00540541	0.783784	0.00540541
0.223684	0.434211	0.0263158	0.0131579	0.302632
0.2	0.2	0.2	0.2	0.2
0.0283688	0.666667	0.0070922	0.241135	0.0567376
0.0526316	0.276316	0.0131579	0.552632	0.105263
0.166667	0.333333	0.0833333	0.166667	0.25
0.0172414	0.448276	0.0517241	0.396552	0.0862069
0.30303	0.378788	0.0151515	0.272727	0.030303
0.0833333	0.583333	0.0555556	0.111111	0.166667
0.0307692	0.292308	0.0153846	0.6	0.0615385
0.00819672	0.680328	0.00819672	0.172131	0.131148
0.047619	0.571429	0.0952381	0.142857	0.142857
0.176471	0.176471	0.0588235	0.235294	0.352941
0.289474	0.25	0.0657895	0.289474	0.105263
0.0263158	0.0263158	0.236842	0.0263158	0.684211
0.04	0.2	0.04	0.64	0.08
0.147727	0.390152	0.0189394	0.0719697	0.371212
0.46875	0.40625	0.03125	0.03125	0.0625
0.0136986	0.164384	0.246575	0.0136986	0.561644
0.151515	0.484848	0.0606061	0.151515	0.151515
0.125	0.09375	0.15625	0.09375	0.53125
0.0384615	0.192308	0.615385	0.0769231	0.0769231
0.181818	0.030303	0.151515	0.181818	0.454545
0.047619	0.47619	0.0952381	0.301587	0.0793651
0.0769231	0.153846	0.0769231	0.461538	0.230769
0.0222222	0.8	0.0888889	0.0444444	0.0444444
0.0675676	0.864865	0.0135135	0.0135135	0.0405405
0.0909091	0.272727	0.454545	0.0909091	0.0909091
0.0454545	0.272727	0.227273	0.0454545	0.409091
0.1	0.4	0.2	0.2	0.1
0.139535	0.325581	0.0697674	0.0232558	0.44186
0.0588235	0.117647	0.352941	0.117647	0.352941
0.0144928	0.57971	0.0289855	0.217391	0.15942
0.00773481	0.0403315	0.885083	0.0104972	0.0563536
0.0540541	0.216216	0.0540541	0.0540541	0.621622
0.458333	0.375	0.0208333	0.0625	0.0833333
0.0588235	0.529412	0.0588235	0.294118	0.0588235
0.0877193	0.0701754	0.0877193	0.0877193	0.666667
0.181818	0.545455	0.0909091	0.0909091	0.0909091
0.117647	0.0980392	0.0980392	0.0196078	0.666667
0.106667	0.0266667	0.0533333	0.04	0.773333
0.0285714	0.0857143	0.514286	0.0285714	0.342857
0.00389105	0.451362	0.0428016	0.464981	0.036965
0.176471	0.176471	0.0588235	0.294118	0.294118
0.0512821	0.410256	0.153846	0.025641	0.358974
0.2	0.2	0.2	0.2	0.2
0.2	0.2	0.2	0.2	0.2
0.0136986	0.780822	0.109589	0.0739726	0.0219178
0.09375	0.0104167	0.416667	0.0104167	0.46875
0.0588235	0.411765	0.294118	0.0588235	0.176471
0.969283	0.00511945	0.0119454	0.00682594	0.00682594
0.0967742	0.0322581	0.16129	0.0967742	0.612903
0.04	0.16	0.0133333	0.0133333	0.773333
0.0188679	0.358491	0.471698	0.0188679	0.132075
0.133333	0.333333	0.0666667	0.0666667	0.4
0.0491803	0.0655738	0.196721	0.131148	0.557377
0.125	0.125	0.25	0.25	0.25
0.0487805	0.170732	0.195122	0.170732	0.414634
0.0810811	0.135135	0.0540541	0.108108	0.621622
0.0869565	0.521739	0.0434783	0.217391	0.130435
0.0555556	0.111111	0.0555556	0.111111	0.666667
0.0357143	0.214286	0.0357143	0.0357143	0.678571
0.219251	0.456328	0.0695187	0.0374332	0.217469
0.0754717	0.320755	0.45283	0.113208	0.0377358
0.0208333	0.479167	0.0208333	0.104167	0.375
0.0526316	0.684211	0.0526316	0.105263	0.105263
0.2	0.2	0.2	0.2	0.2
0.030303	0.69697	0.030303	0.151515	0.0909091
0.136364	0.545455	0.0454545	0.136364	0.136364
0.294118	0.0588235	0.235294	0.0588235	0.352941
0.111111	0.555556	0.111111	0.111111	0.111111
0.0333333	0.666667	0.133333	0.133333	0.0333333
0.0422535	0.28169	0.028169	0.577465	0.0704225
0.0526316	0.263158	0.105263	0.0526316	0.526316
0.0833333	0.333333	0.125	0.0208333	0.4375
0.138462	0.6	0.138462	0.0923077	0.0307692
0.0154242	0.181234	0.0488432	0.741645	0.0128535
0.0458716	0.33945	0.40367	0.110092	0.100917
0.0422535	0.267606	0.0985915	0.028169	0.56338
0.1	0.2	0.3	0.05	0.35
0.0864198	0.037037	0.123457	0.0123457	0.740741
0.016129	0.225806	0.306452	0.016129	0.435484
0.0185185	0.358025	0.432099	0.0617284	0.12963
0.0697674	0.348837	0.232558	0.0930233	0.255814
0.037037	0.407407	0.0185185	0.518519	0.0185185
0.0666667	0.0888889	0.111111	0.0222222	0.711111
0.166667	0.166667	0.166667	0.166667	0.333333
0.0833333	0.25	0.0833333	0.0416667	0.541667
0.0526316	0.368421	0.0526316	0.0526316	0.473684
0.0506329	0.202532	0.556962	0.107595	0.0822785
0.2	0.2	0.2	0.2	0.2
0.2	0.2	0.2	0.2	0.2
0.0454545	0.227273	0.5	0.0454545	0.181818
0.196078	0.156863	0.156863	0.0196078	0.470588
0.00998336	0.202995	0.0449251	0.711314	0.030782
0.0909091	0.181818	0.0909091	0.181818	0.454545
0.105263	0.157895	0.0526316	0.0526316	0.631579
0.3	0.166667	0.133333	0.1	0.3
0.0434783	0.0434783	0.304348	0.173913	0.434783
0.259615	0.125	0.0480769	0.221154	0.346154
0.2	0.2	0.2	0.2	0.2
0.25	0.0277778	0.0833333	0.138889	0.5
0.0378788	0.44697	0.00757576	0.106061	0.401515
0.0151515	0.757576	0.0606061	0.0606061	0.106061
0.0196078	0.176471	0.156863	0.0196078	0.627451
0.05	0.2	0.05	0.55	0.15
0.673469	0.204082	0.0204082	0.0204082	0.0816327
0.133333	0.7	0.0166667	0.0333333	0.116667
0.0232558	0.55814	0.348837	0.0232558	0.0465116
0.125	0.5	0.125	0.125	0.125
0.111111	0.111111	0.388889	0.111111	0.277778
0.166667	0.388889	0.222222	0.0555556	0.166667
0.116279	0.348837	0.348837	0.0697674	0.116279
0.00314465	0.871069	0.0157233	0.0314465	0.0786164
0.0555556	0.388889	0.166667	0.222222	0.166667
0.142857	0.142857	0.142857	0.142857	0.428571
0.107143	0.107143	0.142857	0.321429	0.321429
0.04	0.08	0.56	0.12	0.2
0.0221402	0.225092	0.0738007	0.664207	0.0147601
0.0701754	0.22807	0.0175439	0.0526316	0.631579
0.217391	0.217391	0.0434783	0.304348	0.217391
0.037037	0.314815	0.333333	0.037037	0.277778
0.222222	0.388889	0.0555556	0.166667	0.166667
0.306122	0.265306	0.22449	0.142857	0.0612245
0.0384615	0.115385	0.025641	0.0384615	0.782051
0.0277778	0.305556	0.222222	0.0833333	0.361111
0.2	0.2	0.2	0.2	0.2
0.2	0.2	0.2	0.2	0.2
0.0322581	0.612903	0.193548	0.129032	0.0322581
0.214286	0.142857	0.0714286	0.0714286	0.5
0.1	0.0333333	0.433333	0.0666667	0.366667
0.010929	0.0874317	0.112933	0.775956	0.0127505
0.0588235	0.588235	0.0588235	0.0588235	0.235294
0.0677966	0.740113	0.0282486	0.0282486	0.135593
0.142857	0.0714286	0.214286	0.0714286	0.5
0.0162602	0.105691	0.520325	0.0162602	0.341463
0.0357143	0.125	0.160714	0.142857	0.535714
0.0810811	0.324324	0.0540541	0.162162	0.378378
0.00990099	0.594059	0.178218	0.0594059	0.158416
0.0588235	0.235294	0.294118	0.352941	0.0588235
0.0718232	0.270718	0.378453	0.179558	0.0994475
0.433333	0.3	0.0666667	0.0333333	0.166667
0.0555556	0.277778	0.277778	0.166667	0.222222
0.0714286	0.166667	0.452381	0.238095	0.0714286
0.678571	0.178571	0.0714286	0.0357143	0.0357143
0.0972222	0.0555556	0.0833333	0.0277778	0.736111
0.2	0.2	0.2	0.2	0.2
0.2	0.2	0.2	0.2	0.2
0.0133333	0.333333	0.333333	0.04	0.28
0.357724	0.252033	0.0325203	0.105691	0.252033
0.166667	0.166667	0.166667	0.166667	0.333333
0.1	0.35	0.2	0.25	0.1
0.0434783	0.282609	0.0434783	0.0434783	0.586957
0.0142857	0.485714	0.171429	0.214286	0.114286
0.538462	0.173077	0.144231	0.0192308	0.125
0.0710059	0.112426	0.112426	0.159763	0.544379
0.0238095	0.166667	0.0714286	0.047619	0.690476
0.08	0.24	0.24	0.08	0.36
0.0181818	0.0181818	0.109091	0.0363636	0.818182
0.142857	0.142857	0.142857	0.285714	0.285714
0.185185	0.666667	0.0740741	0.037037	0.037037
0.0169492	0.389831	0.322034	0.101695	0.169492
0.0163934	0.147541	0.393443	0.0163934	0.42623
0.0192308	0.192308	0.115385	0.634615	0.0384615
0.0714286	0.642857	0.142857	0.0952381	0.047619
0.153846	0.153846	0.153846	0.230769	0.307692
0.0307692	0.215385	0.461538	0.0923077	0.2
0.0625	0.1875	0.25	0.0625	0.4375
0.134831	0.41573	0.213483	0.101124	0.134831
0.111111	0.111111	0.111111	0.222222	0.444444
0.0416667	0.291667	0.0416667	0.541667	0.0833333
0.333333	0.166667	0.166667	0.166667	0.166667
0.42623	0.0655738	0.180328	0.0163934	0.311475
0.0670241	0.187668	0.627346	0.0428954	0.075067
0.133333	0.4	0.266667	0.0666667	0.133333
0.2	0.2	0.2	0.2	0.2
0.025641	0.0769231	0.307692	0.025641	0.564103
0.0434783	0.391304	0.26087	0.173913	0.130435
0.0645161	0.112903	0.177419	0.0645161	0.580645
0.0215054	0.16129	0.0107527	0.688172	0.11828
0.172297	0.135135	0.351351	0.216216	0.125
0.130435	0.347826	0.0434783	0.130435	0.347826
0.0196078	0.235294	0.235294	0.0196078	0.490196
0.133333	0.133333	0.0666667	0.0666667	0.6
0.0181818	0.672727	0.109091	0.181818	0.0181818
0.00581395	0.813953	0.127907	0.0174419	0.0348837
0.0416667	0.0833333	0.0416667	0.125	0.708333
0.0561798	0.370787	0.0561798	0.0337079	0.483146
0.0385965	0.0491228	0.0807018	0.0140351	0.817544
0.189189	0.189189	0.108108	0.297297	0.216216
0.0727273	0.163636	0.109091	0.0181818	0.636364
0.0566038	0.226415	0.207547	0.45283	0.0566038
0.222222	0.111111	0.111111	0.333333	0.222222
0.0221519	0.120253	0.056962	0.753165	0.0474684
0.0352682	0.0800882	0.808964	0.0205731	0.0551065
0.0454545	0.0454545	0.0454545	0.772727	0.0909091
0.0285714	0.742857	0.0857143	0.0571429	0.0857143
0.0462963	0.87037	0.0185185	0.0277778	0.037037
0.047619	0.047619	0.047619	0.238095	0.619048
0.037037	0.333333	0.0740741	0.037037	0.518519
0.285714	0.047619	0.380952	0.0952381	0.190476
0.03125	0.28125	0.25	0.125	0.3125
0.0769231	0.115385	0.576923	0.115385	0.115385
0.2	0.2	0.2	0.2	0.2
0.0384615	0.230769	0.0384615	0.423077	0.269231
0.0909091	0.0909091	0.0909091	0.0909091	0.636364
0.0319149	0.0319149	0.0106383	0.893617	0.0319149
0.0434783	0.0869565	0.673913	0.0543478	0.141304
0.192308	0.173077	0.288462	0.0961538	0.25
0.03125	0.234375	0.078125	0.015625	0.640625
0.0392157	0.215686	0.0196078	0.705882	0.0196078
0.0769231	0.307692	0.0769231	0.153846	0.384615
0.0277778	0.222222	0.194444	0.0277778	0.527778
0.0646766	0.273632	0.0547264	0.557214	0.0497512
0.133333	0.133333	0.533333	0.133333	0.0666667
0.147059	0.294118	0.147059	0.0882353	0.323529
0.0952381	0.142857	0.047619	0.285714	0.428571
0.0454545	0.136364	0.204545	0.590909	0.0227273
0.189189	0.189189	0.027027	0.162162	0.432432
0.2	0.5	0.1	0.1	0.1
0.0512821	0.230769	0.025641	0.102564	0.589744
0.25	0.0416667	0.291667	0.333333	0.0833333
0.411765	0.294118	0.0588235	0.0588235	0.176471
0.0285714	0.514286	0.342857	0.0571429	0.0571429
0.0327869	0.721311	0.0819672	0.114754	0.0491803
0.04	0.3	0.14	0.48	0.04
0.0333333	0.2	0.0333333	0.0333333	0.7
0.0714286	0.0714286	0.142857	0.357143	0.357143
0.047619	0.190476	0.0952381	0.571429	0.0952381
0.111111	0.333333	0.222222	0.222222	0.111111
0.214286	0.107143	0.0357143	0.107143	0.535714
0.0163934	0.491803	0.0327869	0.377049	0.0819672
0.125	0.25	0.125	0.25	0.25
0.166667	0.333333	0.166667	0.166667	0.166667
0.0175439	0.105263	0.0350877	0.0175439	0.824561
0.0689655	0.37931	0.37931	0.0172414	0.155172
0.217391	0.130435	0.0434783	0.0434783	0.565217
0.166667	0.0833333	0.166667	0.25	0.333333
0.22449	0.530612	0.0204082	0.0612245	0.163265
0.0284091	0.130682	0.0454545	0.0170455	0.778409
0.0243902	0.52439	0.0243902	0.182927	0.243902
0.166667	0.416667	0.0833333	0.208333	0.125
0.04	0.6	0.2	0.04	0.12
0.0769231	0.230769	0.153846	0.461538	0.0769231
0.25	0.25	0.125	0.25	0.125
0.0238095	0.119048	0.047619	0.0238095	0.785714
0.0217391	0.884058	0.0144928	0.057971	0.0217391
0.0238095	0.666667	0.0238095	0.190476	0.0952381
0.142857	0.285714	0.428571	0.0714286	0.0714286
0.1	0.2	0.1	0.4	0.2
0.0350877	0.0877193	0.438596	0.0350877	0.403509
0.20438	0.408759	0.138686	0.0583942	0.189781
0.05	0.65	0.05	0.2	0.05
0.238095	0.333333	0.190476	0.166667	0.0714286
0.0625	0.25	0.125	0.5	0.0625
0.037037	0.296296	0.037037	0.592593	0.037037
0.0714286	0.0714286	0.285714	0.0714286	0.5
0.016	0.28	0.112	0.048	0.544
0.03125	0.28125	0.03125	0.375	0.28125
0.1	0.1	0.1	0.15	0.55
0.0833333	0.416667	0.416667	0.0416667	0.0416667
0.192308	0.269231	0.0384615	0.0384615	0.461538
0.0232558	0.197674	0.0930233	0.0232558	0.662791
0.105263	0.315789	0.0526316	0.0526316	0.473684
0.2	0.1	0.3	0.2	0.2
0.0208333	0.25	0.1875	0.0208333	0.520833
0.217391	0.217391	0.130435	0.0869565	0.347826
0.0454545	0.136364	0.545455	0.0909091	0.181818
0.047619	0.190476	0.142857	0.047619	0.571429
0.0769231	0.615385	0.0769231	0.0769231	0.153846
0.0238095	0.404762	0.047619	0.333333	0.190476
0.2	0.2	0.2	0.2	0.2
0.0294118	0.264706	0.294118	0.0588235	0.352941
0.0121951	0.512195	0.158537	0.304878	0.0121951
0.0555556	0.444444	0.222222	0.0555556	0.222222
0.529412	0.323529	0.0294118	0.0294118	0.0882353
0.3	0.1	0.2	0.3	0.1
0.0526316	0.157895	0.157895	0.210526	0.421053
0.0133333	0.48	0.0133333	0.38	0.113333
0.171429	0.342857	0.171429	0.2	0.114286
0.0588235	0.352941	0.0294118	0.117647	0.441176
0.0461538	0.307692	0.0307692	0.338462	0.276923
0.0625	0.1875	0.40625	0.03125	0.3125
0.0909091	0.454545	0.0909091	0.0909091	0.272727
0.105263	0.0526316	0.0526316	0.0526316	0.736842
0.0728155	0.461165	0.00485437	0.00970874	0.451456
0.912134	0.0041841	0.0041841	0.0502092	0.0292887
0.0344828	0.137931	0.137931	0.0344828	0.655172
0.1875	0.4375	0.1875	0.125	0.0625
0.03125	0.28125	0.03125	0.03125	0.625
0.00993377	0.288079	0.274834	0.0463576	0.380795
0.0588235	0.294118	0.176471	0.176471	0.294118
0.25	0.375	0.125	0.125	0.125
0.0454545	0.272727	0.5	0.0909091	0.0909091
0.0833333	0.666667	0.0833333	0.0833333	0.0833333
0.291667	0.416667	0.0833333	0.0416667	0.166667
0.380952	0.047619	0.285714	0.0952381	0.190476
0.0384615	0.192308	0.230769	0.0384615	0.5
0.047619	0.119048	0.0714286	0.047619	0.714286
0.0888889	0.222222	0.0888889	0.0666667	0.533333
0.219178	0.520548	0.0684932	0.150685	0.0410959
0.025641	0.179487	0.0769231	0.025641	0.692308
0.0882353	0.382353	0.323529	0.0294118	0.176471
0.145455	0.327273	0.0727273	0.181818	0.272727
0.03125	0.53125	0.125	0.125	0.1875
0.318182	0.363636	0.136364	0.0909091	0.0909091
0.02	0.34	0.02	0.52	0.1
0.0625	0.125	0.0625	0.6875	0.0625
0.212121	0.363636	0.121212	0.0606061	0.242424
0.00287356	0.741379	0.0287356	0.221264	0.00574713
0.148936	0.148936	0.106383	0.0851064	0.510638
0.264706	0.470588	0.0882353	0.0294118	0.147059
0.00793651	0.285714	0.277778	0.015873	0.412698
0.111111	0.222222	0.111111	0.111111	0.444444
0.272727	0.477273	0.181818	0.0227273	0.0454545
0.03125	0.21875	0.5625	0.03125	0.15625
0.05	0.2	0.55	0.1	0.1
0.0333333	0.0833333	0.116667	0.0166667	0.75
0.0277778	0.388889	0.0277778	0.333333	0.222222
0.0153846	0.0307692	0.830769	0.0153846	0.107692
0.0384615	0.538462	0.0769231	0.307692	0.0384615
0.037037	0.37037	0.037037	0.259259	0.296296
0.0384615	0.346154	0.403846	0.0961538	0.115385
0.117647	0.235294	0.0588235	0.294118	0.294118
0.0555556	0.611111	0.166667	0.0555556	0.111111
0.0153846	0.307692	0.184615	0.0153846	0.476923
0.0188679	0.150943	0.0377358	0.773585	0.0188679
0.155844	0.142857	0.0324675	0.00649351	0.662338
0.227273	0.363636	0.0909091	0.227273	0.0909091
0.0215827	0.684892	0.0892086	0.164029	0.0402878
0.0215054	0.752688	0.0107527	0.129032	0.0860215
0.0166113	0.431894	0.0332226	0.0431894	0.475083
0.00763359	0.483461	0.0178117	0.480916	0.0101781
0.0249176	0.610114	0.266764	0.0553316	0.0428728
0.0285714	0.257143	0.142857	0.342857	0.228571
0.0952381	0.666667	0.0952381	0.0952381	0.047619
0.025641	0.0769231	0.25641	0.025641	0.615385
0.0113636	0.125	0.701705	0.0284091	0.133523
0.0392157	0.27451	0.0588235	0.0588235	0.568627
0.0208333	0.395833	0.0833333	0.0416667	0.458333
0.266667	0.333333	0.2	0.133333	0.0666667
0.111111	0.111111	0.111111	0.111111	0.555556
0.151515	0.272727	0.030303	0.212121	0.333333
0.194444	0.166667	0.0833333	0.0555556	0.5
0.12	0.28	0.04	0.16	0.4
0.0416667	0.479167	0.0208333	0.416667	0.0416667
0.0333333	0.666667	0.0333333	0.2	0.0666667
0.126984	0.0952381	0.031746	0.190476	0.555556
0.22973	0.581081	0.0405405	0.0135135	0.135135
0.391892	0.445946	0.0540541	0.0675676	0.0405405
0.0338983	0.661017	0.118644	0.135593	0.0508475
0.0283019	0.134434	0.0400943	0.778302	0.0188679
0.047619	0.714286	0.047619	0.047619	0.142857
0.404157	0.0831409	0.0138568	0.039261	0.459584
0.0789474	0.131579	0.263158	0.0526316	0.473684
0.1	0.4	0.2	0.2	0.1
0.037037	0.0740741	0.111111	0.037037	0.740741
0.030303	0.787879	0.040404	0.0757576	0.0656566
0.025641	0.846154	0.0512821	0.0512821	0.025641
0.1	0.4	0.1	0.3	0.1
0.0140845	0.15493	0.169014	0.0140845	0.647887
0.0227273	0.181818	0.0454545	0.0227273	0.727273
0.142222	0.0888889	0.124444	0.0133333	0.631111
0.0645161	0.225806	0.0967742	0.0967742	0.516129
0.0266667	0.32	0.213333	0.0933333	0.346667
0.0416667	0.666667	0.166667	0.0416667	0.0833333
0.04	0.2	0.04	0.08	0.64
0.037037	0.444444	0.037037	0.444444	0.037037
0.0217391	0.108696	0.217391	0.0434783	0.608696
0.333333	0.388889	0.0277778	0.0555556	0.194444
0.156863	0.176471	0.0392157	0.294118	0.333333
0.0588235	0.470588	0.176471	0.176471	0.117647
0.0769231	0.446154	0.0307692	0.0153846	0.430769
0.0689655	0.0344828	0.0689655	0.0344828	0.793103
0.129032	0.354839	0.290323	0.193548	0.0322581
0.142857	0.214286	0.142857	0.142857	0.357143
0.0217391	0.89441	0.00621118	0.068323	0.00931677
0.0869565	0.630435	0.173913	0.0869565	0.0217391
0.166667	0.0555556	0.111111	0.166667	0.5
0.00512821	0.497436	0.0461538	0.4	0.0512821
0.133333	0.25	0.0166667	0.316667	0.283333
0.0240964	0.301205	0.0481928	0.0361446	0.590361
0.105263	0.210526	0.0526316	0.157895	0.473684
0.0188679	0.207547	0.132075	0.0377358	0.603774
0.0108696	0.206522	0.0978261	0.130435	0.554348
0.125	0.125	0.375	0.25	0.125
0.0434783	0.73913	0.0434783	0.130435	0.0434783
0.108108	0.486486	0.243243	0.108108	0.0540541
0.181818	0.0909091	0.0909091	0.136364	0.5
0.0833333	0.0833333	0.5	0.0833333	0.25
0.0769231	0.230769	0.0769231	0.153846	0.461538
0.130435	0.347826	0.130435	0.0289855	0.362319
0.0447761	0.19403	0.0447761	0.671642	0.0447761
0.115385	0.192308	0.153846	0.0384615	0.5
0.0588235	0.470588	0.0588235	0.0588235	0.352941
0.047619	0.190476	0.047619	0.047619	0.666667
0.118644	0.0677966	0.186441	0.0508475	0.576271
0.0184332	0.497696	0.21659	0.0138249	0.253456
0.108108	0.621622	0.189189	0.0540541	0.027027
0.05	0.1	0.05	0.05	0.75
0.047619	0.190476	0.380952	0.0952381	0.285714
0.0196078	0.176471	0.0784314	0.0196078	0.705882
0.03125	0.5	0.0625	0.0625	0.34375
0.0579268	0.466463	0.0518293	0.39939	0.0243902
0.047619	0.238095	0.428571	0.047619	0.238095
0.0208333	0.364583	0.0520833	0.322917	0.239583
0.0344828	0.137931	0.103448	0.0689655	0.655172
0.034965	0.034965	0.0839161	0.048951	0.797203
0.238095	0.0952381	0.047619	0.238095	0.380952
0.0888889	0.555556	0.0666667	0.155556	0.133333
0.0119048	0.22619	0.619048	0.0119048	0.130952
0.108696	0.304348	0.0869565	0.217391	0.282609
0.0980392	0.352941	0.0392157	0.0392157	0.470588
0.0196078	0.313725	0.372549	0.254902	0.0392157
0.0714286	0.214286	0.0267857	0.151786	0.535714
0.0566038	0.433962	0.0754717	0.113208	0.320755
0.0294118	0.411765	0.264706	0.176471	0.117647
0.0714286	0.142857	0.357143	0.0714286	0.357143
0.0333333	0.55	0.0166667	0.266667	0.133333
0.0363636	0.363636	0.418182	0.0545455	0.127273
0.037037	0.037037	0.037037	0.037037	0.851852
0.0289855	0.188406	0.0724638	0.507246	0.202899
0.166667	0.166667	0.166667	0.166667	0.333333
0.117647	0.617647	0.0294118	0.147059	0.0882353
0.0555556	0.277778	0.222222	0.111111	0.333333
0.285714	0.285714	0.142857	0.142857	0.142857
0.102564	0.25641	0.25641	0.333333	0.0512821
0.285714	0.142857	0.178571	0.0357143	0.357143
0.130435	0.0434783	0.0434783	0.0434783	0.73913
0.0508475	0.101695	0.288136	0.0847458	0.474576
0.111111	0.511111	0.0222222	0.311111	0.0444444
0.031746	0.428571	0.047619	0.47619	0.015873
0.327869	0.409836	0.0491803	0.147541	0.0655738
0.131579	0.105263	0.447368	0.0263158	0.289474
0.222222	0.185185	0.037037	0.037037	0.518519
0.0366972	0.311927	0.0458716	0.0275229	0.577982
0.00526316	0.547368	0.0157895	0.236842	0.194737
0.0493827	0.197531	0.0617284	0.0123457	0.679012
0.0588235	0.705882	0.0588235	0.117647	0.0588235
0.233333	0.166667	0.366667	0.0333333	0.2
0.0588235	0.117647	0.117647	0.117647	0.588235
0.0227273	0.454545	0.25	0.0454545	0.227273
0.0625	0.4375	0.25	0.1875	0.0625
0.142857	0.380952	0.047619	0.0952381	0.333333
0.114094	0.281879	0.00671141	0.0805369	0.516779
0.166667	0.25	0.416667	0.0833333	0.0833333
0.016129	0.612903	0.0322581	0.290323	0.0483871
0.0151515	0.242424	0.484848	0.0454545	0.212121
0.0204082	0.367347	0.367347	0.122449	0.122449
0.075	0.225	0.2	0.175	0.325
0.0030896	0.858393	0.0365602	0.0818744	0.0200824
0.0909091	0.363636	0.0909091	0.181818	0.272727
0.0217391	0.434783	0.0652174	0.304348	0.173913
0.00826446	0.0826446	0.289256	0.157025	0.46281
0.0196429	0.130357	0.025	0.810714	0.0142857
0.166667	0.416667	0.25	0.0833333	0.0833333
0.142857	0.342857	0.114286	0.0571429	0.342857
0.0689655	0.172414	0.544828	0.0344828	0.17931
0.0555556	0.166667	0.555556	0.111111	0.111111
0.181818	0.136364	0.0909091	0.0909091	0.5
0.0322581	0.5	0.185484	0.0645161	0.217742
0.0454545	0.272727	0.0909091	0.0909091	0.5
0.0227273	0.0909091	0.568182	0.136364	0.181818
0.00625	0.275	0.0625	0.01875	0.6375
0.0458716	0.247706	0.0412844	0.0229358	0.642202
0.0122699	0.165644	0.0490798	0.730061	0.0429448
0.027027	0.0540541	0.135135	0.135135	0.648649
0.137931	0.0689655	0.0344828	0.0689655	0.689655
0.0167598	0.301676	0.0949721	0.575419	0.0111732
0.142857	0.244898	0.0204082	0.0612245	0.530612
0.123894	0.716814	0.0442478	0.0707965	0.0442478
0.15625	0.03125	0.125	0.09375	0.59375
0.0925926	0.703704	0.0740741	0.037037	0.0925926
0.038835	0.0970874	0.0970874	0.699029	0.0679612
0.186667	0.693333	0.0133333	0.08	0.0266667
0.142857	0.0714286	0.0714286	0.285714	0.428571
0.0571429	0.342857	0.0285714	0.371429	0.2
0.181818	0.454545	0.227273	0.0454545	0.0909091
0.24	0.52	0.08	0.08	0.08
0.0714286	0.428571	0.0714286	0.357143	0.0714286
0.0272109	0.312925	0.0204082	0.0136054	0.62585
0.3125	0.354167	0.104167	0.0833333	0.145833
0.194444	0.166667	0.138889	0.138889	0.361111
0.08	0.28	0.08	0.52	0.04
0.0416667	0.0416667	0.208333	0.0833333	0.625
0.222222	0.222222	0.0555556	0.222222	0.277778
0.142857	0.142857	0.0714286	0.0714286	0.571429
0.00877193	0.114035	0.701754	0.00877193	0.166667
0.0666667	0.266667	0.2	0.0666667	0.4
0.037037	0.166667	0.5	0.0185185	0.277778
0.0179641	0.850299	0.0718563	0.0299401	0.0299401
0.00775194	0.829457	0.0387597	0.0387597	0.0852713
0.037037	0.296296	0.246914	0.0493827	0.37037
0.0166667	0.783333	0.0333333	0.116667	0.05
0.013259	0.0574558	0.758071	0.010761	0.160453
0.0612245	0.326531	0.142857	0.142857	0.326531
0.0571429	0.571429	0.171429	0.0285714	0.171429
0.045045	0.486486	0.045045	0.387387	0.036036
0.342697	0.365169	0.0224719	0.213483	0.0561798
0.0396476	0.290749	0.396476	0.105727	0.167401
0.0131579	0.0789474	0.0131579	0.0657895	0.828947
0.00952381	0.2	0.114286	0.0666667	0.609524
0.0792079	0.584158	0.128713	0.0693069	0.138614
0.142857	0.357143	0.214286	0.142857	0.142857
0.108108	0.189189	0.0540541	0.27027	0.378378
0.2	0.2	0.2	0.2	0.2
0.789773	0.0142045	0.00568182	0.0397727	0.150568
0.166667	0.141026	0.0512821	0.0128205	0.628205
0.00429185	0.0772532	0.429185	0.0128755	0.476395
0.228261	0.184783	0.0543478	0.0108696	0.521739
0.263158	0.0877193	0.192982	0.0350877	0.421053
0.00711744	0.423488	0.27758	0.131673	0.160142
0.160714	0.321429	0.0535714	0.0892857	0.375
0.045977	0.137931	0.0689655	0.678161	0.0689655
0.0864198	0.0617284	0.320988	0.0740741	0.45679
0.2	0.2	0.2	0.2	0.2
0.121212	0.393939	0.0606061	0.030303	0.393939
0.0378549	0.14511	0.511041	0.0536278	0.252366
0.037037	0.740741	0.0246914	0.0617284	0.135802
0.405405	0.243243	0.0540541	0.108108	0.189189
0.111111	0.0277778	0.194444	0.0277778	0.638889
0.0125	0.4125	0.0125	0.0125	0.55
0.142857	0.047619	0.0952381	0.047619	0.666667
0.1	0.1	0.1	0.3	0.4
0.111111	0.0555556	0.0555556	0.0555556	0.722222
0.0810811	0.351351	0.189189	0.351351	0.027027
0.153846	0.692308	0.0769231	0.025641	0.0512821
0.0842697	0.382022	0.0168539	0.421348	0.0955056
0.00621118	0.0507246	0.898551	0.0269151	0.0175983
0.260664	0.203791	0.0189573	0.00947867	0.507109
0.208333	0.125	0.0833333	0.0416667	0.541667
0.121495	0.205607	0.224299	0.0373832	0.411215
0.0666667	0.0666667	0.2	0.266667	0.4
0.0689655	0.448276	0.0344828	0.0344828	0.413793
0.190476	0.190476	0.285714	0.0952381	0.238095
0.0416667	0.416667	0.125	0.25	0.166667
0.0123457	0.679012	0.185185	0.0864198	0.037037
0.0344828	0.172414	0.0689655	0.482759	0.241379
0.0909091	0.363636	0.272727	0.0909091	0.181818
0.0833333	0.0138889	0.208333	0.0277778	0.666667
0.2	0.171429	0.0285714	0.0857143	0.514286
0.321429	0.0357143	0.0357143	0.5	0.107143
0.0181818	0.127273	0.618182	0.0545455	0.181818
0.0416667	0.333333	0.0833333	0.125	0.416667
0.047619	0.166667	0.015873	0.0634921	0.706349
0.0128205	0.128205	0.75641	0.025641	0.0769231
0.032967	0.120879	0.538462	0.0879121	0.21978
0.036036	0.162162	0.54955	0.045045	0.207207
0.0487805	0.170732	0.512195	0.0243902	0.243902
0.0138889	0.25	0.0694444	0.625	0.0416667
0.15873	0.253968	0.428571	0.031746	0.126984
0.00197239	0.126233	0.733728	0.0571992	0.0808679
0.0555556	0.166667	0.0555556	0.666667	0.0555556
0.0136986	0.616438	0.123288	0.205479	0.0410959
0.0294118	0.0588235	0.117647	0.0294118	0.764706
0.107143	0.178571	0.559524	0.0952381	0.0595238
0.153846	0.0769231	0.0769231	0.230769	0.461538
0.0806452	0.451613	0.387097	0.016129	0.0645161
0.181818	0.181818	0.0909091	0.181818	0.363636
0.075	0.025	0.25	0.05	0.6
0.2	0.2	0.2	0.2	0.2
0.141176	0.682353	0.0705882	0.0117647	0.0941176
0.541667	0.0833333	0.208333	0.0416667	0.125
0.0212766	0.851064	0.0212766	0.0212766	0.0851064
0.25	0.0714286	0.0357143	0.178571	0.464286
0.0192308	0.230769	0.115385	0.615385	0.0192308
0.166667	0.166667	0.166667	0.166667	0.333333
0.119403	0.746269	0.0597015	0.0597015	0.0149254
0.16129	0.16129	0.129032	0.225806	0.322581
0.0384615	0.5	0.0192308	0.134615	0.307692
0.0327869	0.57377	0.0327869	0.131148	0.229508
0.16	0.04	0.16	0.16	0.48
0.0454545	0.340909	0.0227273	0.386364	0.204545
0.0169492	0.322034	0.0508475	0.508475	0.101695
0.0769231	0.211538	0.173077	0.480769	0.0576923
0.0416667	0.479167	0.0416667	0.0208333	0.416667
0.0294118	0.147059	0.176471	0.0588235	0.588235
0.0222222	0.0888889	0.177778	0.0666667	0.644444
0.0714286	0.0714286	0.0714286	0.0714286	0.714286
0.0363636	0.654545	0.0181818	0.272727	0.0181818
0.047619	0.547619	0.142857	0.119048	0.142857
0.2	0.2	0.2	0.2	0.2
0.0172414	0.189655	0.517241	0.12069	0.155172
0.0140845	0.225352	0.126761	0.028169	0.605634
0.0701754	0.0877193	0.0701754	0.105263	0.666667
0.0162602	0.569106	0.00813008	0.390244	0.0162602
0.0192308	0.615385	0.192308	0.153846	0.0192308
0.117647	0.352941	0.117647	0.0588235	0.352941
0.0473684	0.142105	0.115789	0.0631579	0.631579
0.0571429	0.257143	0.0571429	0.142857	0.485714
0.0689655	0.241379	0.0689655	0.103448	0.517241
0.00568182	0.659091	0.0511364	0.221591	0.0625
0.0597015	0.164179	0.238806	0.0149254	0.522388
0.0666667	0.133333	0.266667	0.0666667	0.466667
0.0434783	0.26087	0.130435	0.0434783	0.521739
0.0545455	0.312727	0.0363636	0.516364	0.08
0.00900901	0.612613	0.0720721	0.297297	0.00900901
0.0145631	0.42233	0.475728	0.038835	0.0485437
0.0909091	0.0454545	0.136364	0.0454545	0.681818
0.2	0.2	0.2	0.2	0.2
0.0344828	0.603448	0.0689655	0.206897	0.0862069
0.0144928	0.76087	0.130435	0.0217391	0.0724638
0.0789474	0.131579	0.0526316	0.0263158	0.710526
0.13253	0.26506	0.0963855	0.433735	0.0722892
0.0289855	0.318841	0.0434783	0.521739	0.0869565
0.0588235	0.617647	0.117647	0.0882353	0.117647
0.0342489	0.189895	0.174635	0.0742625	0.526958
0.0277778	0.305556	0.0555556	0.0277778	0.583333
0.0115607	0.0809249	0.0289017	0.861272	0.017341
0.222222	0.222222	0.0277778	0.0833333	0.444444
0.296296	0.259259	0.111111	0.0740741	0.259259
0.0322581	0.403226	0.209677	0.0806452	0.274194
0.03125	0.552083	0.3125	0.03125	0.0729167
0.0294118	0.264706	0.147059	0.0294118	0.529412
0.025	0.55	0.15	0.175	0.1
0.25	0.5	0.05	0.05	0.15
0.2	0.233333	0.2	0.166667	0.2
0.0494479	0.0360058	0.841095	0.0129621	0.0604897
0.0121951	0.231707	0.426829	0.0853659	0.243902
0.00657895	0.453947	0.0361842	0.457237	0.0460526
0.0833333	0.0833333	0.0833333	0.0833333	0.666667
0.0277778	0.166667	0.527778	0.0277778	0.25
0.0666667	0.2	0.266667	0.133333	0.333333
0.020202	0.205387	0.181818	0.454545	0.138047
0.107692	0.0615385	0.215385	0.107692	0.507692
0.25	0.25	0.0833333	0.166667	0.25
0.030303	0.606061	0.121212	0.0606061	0.181818
0.0229008	0.316794	0.00763359	0.610687	0.0419847
0.0657895	0.697368	0.0131579	0.105263	0.118421
0.0888889	0.511111	0.0222222	0.0666667	0.311111
0.0353535	0.126263	0.0757576	0.010101	0.752525
0.111111	0.333333	0.111111	0.111111	0.333333
0.016129	0.241935	0.016129	0.693548	0.0322581
0.133333	0.333333	0.133333	0.0666667	0.333333
0.0344828	0.344828	0.0689655	0.0344828	0.517241
0.148148	0.0740741	0.0123457	0.728395	0.037037
0.0117647	0.388235	0.2	0.0235294	0.376471
0.05	0.1	0.4	0.05	0.4
0.154362	0.657718	0.107383	0.0402685	0.0402685
0.0165746	0.281768	0.0110497	0.61326	0.0773481
0.111111	0.333333	0.111111	0.333333	0.111111
0.0540541	0.108108	0.567568	0.027027	0.243243
0.0139276	0.0928505	0.785515	0.0204271	0.0872795
0.0625	0.25	0.375	0.125	0.1875
0.0588235	0.0882353	0.0294118	0.147059	0.676471
0.0869565	0.130435	0.0434783	0.652174	0.0869565
0.04	0.12	0.2	0.2	0.44
0.258333	0.216667	0.133333	0.0333333	0.358333
0.111111	0.111111	0.222222	0.111111	0.444444
0.0833333	0.333333	0.0416667	0.291667	0.25
0.0666667	0.422222	0.288889	0.0222222	0.2
0.0714286	0.357143	0.142857	0.142857	0.285714
0.0521472	0.0490798	0.785276	0.0981595	0.0153374
0.0333333	0.166667	0.1	0.1	0.6
0.112676	0.366197	0.0704225	0.323944	0.126761
0.416667	0.25	0.166667	0.0833333	0.0833333
0.084507	0.169014	0.0704225	0.507042	0.169014
0.0465116	0.209302	0.0930233	0.0232558	0.627907
0.00536193	0.849866	0.0509383	0.0911528	0.00268097
0.351852	0.518519	0.0925926	0.0185185	0.0185185
0.155556	0.444444	0.2	0.0222222	0.177778
0.0869565	0.347826	0.362319	0.115942	0.0869565
0.0526316	0.350877	0.438596	0.0526316	0.105263
0.183673	0.285714	0.0408163	0.367347	0.122449
0.1	0.4	0.1	0.3	0.1
0.0322581	0.258065	0.258065	0.419355	0.0322581
0.34375	0.489583	0.0833333	0.03125	0.0520833
0.117647	0.0588235	0.294118	0.0588235	0.470588
0.136364	0.272727	0.181818	0.0454545	0.363636
0.0151515	0.5	0.106061	0.0151515	0.363636
0.414141	0.464646	0.0606061	0.0505051	0.010101
0.218182	0.527273	0.0181818	0.0545455	0.181818
0.517241	0.172414	0.137931	0.0344828	0.137931
0.017341	0.595376	0.196532	0.138728	0.0520231
0.105263	0.526316	0.0526316	0.263158	0.0526316
0.0416667	0.625	0.125	0.125	0.0833333
0.128205	0.307692	0.102564	0.307692	0.153846
0.0384615	0.307692	0.115385	0.423077	0.115385
0.0666667	0.0666667	0.2	0.333333	0.333333
0.0740741	0.407407	0.333333	0.037037	0.148148
0.0526316	0.157895	0.157895	0.0526316	0.578947
0.002849	0.290598	0.002849	0.663818	0.039886
0.0333333	0.35	0.0333333	0.0166667	0.566667
0.428571	0.142857	0.142857	0.142857	0.142857
0.0454545	0.136364	0.0909091	0.545455	0.181818
0.048	0.216	0.016	0.064	0.656
0.0555556	0.0833333	0.166667	0.25	0.444444
0.0186916	0.495327	0.214953	0.0560748	0.214953
0.0526316	0.526316	0.0526316	0.263158	0.105263
0.0273973	0.123288	0.0684932	0.0136986	0.767123
0.0566038	0.0377358	0.0188679	0.0188679	0.867925
0.0246914	0.790123	0.0246914	0.037037	0.123457
0.142857	0.142857	0.142857	0.142857	0.428571
0.0481928	0.349398	0.0562249	0.0481928	0.497992
0.0350877	0.570175	0.0175439	0.368421	0.00877193
0.0729167	0.260417	0.0625	0.416667	0.1875
0.047619	0.333333	0.357143	0.047619	0.214286
0.0141643	0.863314	0.0637394	0.0247875	0.0339943
0.108108	0.0540541	0.297297	0.0540541	0.486486
0.0322581	0.290323	0.0322581	0.129032	0.516129
0.0191083	0.0700637	0.56051	0.0955414	0.254777
0.0526316	0.596491	0.0175439	0.315789	0.0175439
0.0454545	0.0454545	0.0909091	0.0454545	0.772727
0.0806452	0.129032	0.419355	0.016129	0.354839
0.0952381	0.349206	0.015873	0.0793651	0.460317
0.0909091	0.227273	0.0454545	0.227273	0.409091
0.131579	0.421053	0.131579	0.0526316	0.263158
0.0141844	0.41844	0.0921986	0.113475	0.361702
0.027027	0.0540541	0.0810811	0.027027	0.810811
0.037037	0.185185	0.703704	0.037037	0.037037
0.116279	0.44186	0.0232558	0.232558	0.186047
0.00529101	0.0349206	0.673016	0.0021164	0.284656
0.2	0.35	0.35	0.05	0.05
0.0714286	0.535714	0.0357143	0.25	0.107143
0.25	0.0714286	0.107143	0.0357143	0.535714
0.111111	0.111111	0.111111	0.111111	0.555556
0.0625	0.125	0.125	0.5625	0.125
0.0147059	0.691176	0.0294118	0.0588235	0.205882
0.0555556	0.240741	0.0185185	0.0185185	0.666667
0.307692	0.328671	0.0559441	0.111888	0.195804
0.113636	0.424242	0.0681818	0.0530303	0.340909
0.0125	0.0875	0.6375	0.2	0.0625
0.0618182	0.410909	0.04	0.410909	0.0763636
0.246377	0.362319	0.0289855	0.217391	0.144928
0.025641	0.0512821	0.435897	0.0512821	0.435897
0.0135135	0.0135135	0.202703	0.027027	0.743243
0.0888889	0.6	0.0666667	0.133333	0.111111
0.0244648	0.602446	0.0642202	0.296636	0.0122324
0.376471	0.164706	0.235294	0.0235294	0.2
0.0287356	0.232759	0.62931	0.0287356	0.0804598
0.0144928	0.565217	0.0724638	0.275362	0.0724638
0.0357143	0.321429	0.0535714	0.0357143	0.553571
0.0142857	0.457143	0.0428571	0.428571	0.0571429
0.037037	0.37037	0.259259	0.185185	0.148148
0.0275229	0.266055	0.0366972	0.0183486	0.651376
0.00401606	0.923695	0.0200803	0.0240964	0.0281124
0.185185	0.444444	0.185185	0.111111	0.0740741
0.25	0.428571	0.142857	0.0357143	0.142857
0.146341	0.390244	0.0243902	0.0243902	0.414634
0.166667	0.433333	0.0333333	0.1	0.266667
0.171429	0.257143	0.2	0.114286	0.257143
0.281818	0.590909	0.0590909	0.0409091	0.0272727
0.0327869	0.0163934	0.163934	0.0491803	0.737705
0.0217391	0.73913	0.173913	0.0434783	0.0217391
0.107843	0.117647	0.196078	0.107843	0.470588
0.130435	0.304348	0.0869565	0.391304	0.0869565
0.333333	0.384615	0.025641	0.128205	0.128205
0.1	0.14	0.56	0.04	0.16
0.0909091	0.181818	0.181818	0.0909091	0.454545
0.0545455	0.5	0.263636	0.0909091	0.0909091
0.0322581	0.225806	0.451613	0.16129	0.129032
0.0727273	0.654545	0.0363636	0.0545455	0.181818
0.0357143	0.428571	0.0357143	0.392857	0.107143
0.038961	0.220779	0.142857	0.038961	0.558442
0.00854701	0.333333	0.017094	0.606838	0.034188
0.0240964	0.277108	0.144578	0.0120482	0.542169
0.284848	0.393939	0.0606061	0.212121	0.0484848
0.0655738	0.245902	0.0327869	0.557377	0.0983607
0.138889	0.333333	0.0277778	0.0277778	0.472222
0.05	0.25	0.2	0.15	0.35
0.0555556	0.111111	0.166667	0.0555556	0.611111
0.0146341	0.0878049	0.853659	0.0195122	0.0243902
0.0222222	0.0666667	0.488889	0.133333	0.288889
0.0397351	0.430464	0.00662252	0.0397351	0.483444
0.0142857	0.1	0.642857	0.114286	0.128571
0.0226415	0.230189	0.275472	0.0226415	0.449057
0.101449	0.188406	0.15942	0.0724638	0.478261
0.047619	0.238095	0.047619	0.047619	0.619048
0.121212	0.0606061	0.212121	0.121212	0.484848
0.230769	0.0384615	0.115385	0.384615	0.230769
0.0892857	0.25	0.0357143	0.0178571	0.607143
0.0555556	0.0185185	0.0555556	0.0740741	0.796296
0.0324675	0.75974	0.136364	0.012987	0.0584416
0.0434783	0.0652174	0.5	0.108696	0.282609
0.136364	0.0454545	0.272727	0.136364	0.409091
0.408163	0.0204082	0.0816327	0.112245	0.377551
0.0307692	0.307692	0.153846	0.276923	0.230769
0.0853659	0.609756	0.0243902	0.158537	0.121951
0.0571429	0.4	0.0571429	0.0285714	0.457143
0.00851064	0.855319	0.0553191	0.00425532	0.0765957
0.0322581	0.225806	0.0967742	0.0967742	0.548387
0.123288	0.246575	0.0273973	0.246575	0.356164
0.642857	0.142857	0.107143	0.0357143	0.0714286
0.210526	0.381579	0.131579	0.0789474	0.197368
0.0377358	0.0754717	0.0566038	0.0754717	0.754717
0.2	0.2	0.2	0.2	0.2
0.0434783	0.217391	0.0217391	0.0434783	0.673913
0.0434783	0.565217	0.0869565	0.173913	0.130435
0.263158	0.210526	0.0526316	0.210526	0.263158
0.238095	0.119048	0.0714286	0.0952381	0.47619
0.0243902	0.845528	0.0731707	0.0243902	0.0325203
0.104167	0.229167	0.104167	0.0416667	0.520833
0.26087	0.521739	0.130435	0.0434783	0.0434783
0.047619	0.047619	0.285714	0.142857	0.47619
0.00689655	0.4	0.0344828	0.544828	0.0137931
0.0515464	0.42268	0.340206	0.0721649	0.113402
0.133333	0.2	0.1	0.0333333	0.533333
0.0208333	0.458333	0.229167	0.0416667	0.25
0.0291262	0.23301	0.145631	0.0582524	0.533981
0.0135135	0.297297	0.378378	0.0540541	0.256757
0.148148	0.296296	0.481481	0.037037	0.037037
0.0851064	0.234043	0.404255	0.106383	0.170213
0.0322581	0.129032	0.741935	0.0645161	0.0322581
0.2	0.2	0.4	0.1	0.1
0.0357143	0.0357143	0.107143	0.0357143	0.785714
0.0810811	0.567568	0.0540541	0.108108	0.189189
0.0208333	0.0833333	0.0416667	0.0625	0.791667
0.0526316	0.236842	0.0526316	0.105263	0.552632
0.0909091	0.454545	0.136364	0.181818	0.136364
0.0714286	0.0714286	0.142857	0.142857	0.571429
0.00581395	0.52907	0.0232558	0.366279	0.0755814
0.037037	0.37037	0.296296	0.222222	0.0740741
0.153846	0.461538	0.153846	0.153846	0.0769231
0.030303	0.121212	0.212121	0.0606061	0.575758
0.016	0.16	0.192	0.016	0.616
0.0123457	0.222222	0.54321	0.0925926	0.12963
0.0169492	0.271186	0.0169492	0.0677966	0.627119
0.030303	0.378788	0.0909091	0.121212	0.378788
0.0277778	0.111111	0.0277778	0.0277778	0.805556
0.30303	0.181818	0.212121	0.181818	0.121212
0.0294118	0.0588235	0.0294118	0.617647	0.264706
0.236641	0.526718	0.0687023	0.0610687	0.10687
0.206897	0.5	0.137931	0.103448	0.0517241
0.0909091	0.181818	0.181818	0.0909091	0.454545
0.136364	0.0227273	0.136364	0.113636	0.590909
0.121212	0.363636	0.0606061	0.30303	0.151515
0.0816327	0.346939	0.0408163	0.0204082	0.510204
0.00854701	0.153846	0.162393	0.034188	0.641026
0.25	0.375	0.125	0.125	0.125
0.3	0.2	0.3	0.1	0.1
0.0534759	0.278075	0.0695187	0.572193	0.026738
0.173077	0.769231	0.0288462	0.00961538	0.0192308
0.047619	0.428571	0.142857	0.047619	0.333333
0.0238095	0.190476	0.0238095	0.619048	0.142857
0.24	0.54	0.1	0.1	0.02
0.272727	0.0909091	0.181818	0.181818	0.272727
0.03125	0.125	0.125	0.09375	0.625
0.0714286	0.392857	0.0357143	0.464286	0.0357143
0.0294118	0.0588235	0.588235	0.117647	0.205882
0.40625	0.40625	0.09375	0.03125	0.0625
0.0952381	0.333333	0.047619	0.285714	0.238095
0.0555556	0.166667	0.333333	0.333333	0.111111
0.0862069	0.293103	0.0862069	0.103448	0.431034
0.0276243	0.567219	0.0239411	0.337017	0.0441989
0.0404984	0.143302	0.0218069	0.788162	0.00623053
0.08	0.08	0.12	0.2	0.52
0.0588235	0.764706	0.0294118	0.117647	0.0294118
0.00530504	0.177719	0.607427	0.114058	0.0954907
0.0519481	0.649351	0.207792	0.0779221	0.012987
0.0190476	0.77619	0.052381	0.0714286	0.0809524
0.0238095	0.404762	0.0238095	0.142857	0.404762
0.00472813	0.257683	0.0401891	0.676123	0.0212766
0.0615385	0.384615	0.00769231	0.0615385	0.484615
0.538462	0.153846	0.0769231	0.153846	0.0769231
0.047619	0.666667	0.047619	0.0952381	0.142857
0.08	0.12	0.32	0.04	0.44
0.0537634	0.548387	0.0537634	0.258065	0.0860215
0.0322581	0.645161	0.225806	0.0645161	0.0322581
0.314815	0.0555556	0.0555556	0.0185185	0.555556
0.0517241	0.465517	0.0689655	0.37931	0.0344828
0.0333333	0.133333	0.0666667	0.0666667	0.7
0.176471	0.352941	0.352941	0.0588235	0.0588235
0.111111	0.138889	0.0277778	0.611111	0.111111
0.0285714	0.171429	0.0285714	0.0285714	0.742857
0.357143	0.0535714	0.142857	0.0714286	0.375
0.05625	0.78125	0.05625	0.06875	0.0375
0.00757576	0.234848	0.0530303	0.621212	0.0833333
0.25	0.25	0.25	0.125	0.125
0.0208333	0.520833	0.208333	0.0208333	0.229167
0.025	0.475	0.05	0.375	0.075
0.008	0.408	0.04	0.264	0.28
0.173077	0.519231	0.0961538	0.115385	0.0961538
0.105263	0.421053	0.105263	0.0526316	0.315789
0.0416667	0.291667	0.0416667	0.458333	0.166667
0.0909091	0.0707071	0.0808081	0.0909091	0.666667
0.0909091	0.545455	0.0909091	0.0909091	0.181818
0.027027	0.432432	0.189189	0.243243	0.108108
0.103448	0.37931	0.103448	0.241379	0.172414
0.08	0.44	0.1	0.34	0.04
0.00621118	0.360248	0.00621118	0.534161	0.0931677
0.169492	0.254237	0.0677966	0.0677966	0.440678
0.0307692	0.338462	0.307692	0.307692	0.0153846
0.00934579	0.205607	0.420561	0.0186916	0.345794
0.0588235	0.470588	0.117647	0.176471	0.176471
0.04	0.16	0.08	0.68	0.04
0.010101	0.131313	0.030303	0.79798	0.030303
0.0208333	0.0833333	0.166667	0.583333	0.145833
0.313725	0.0392157	0.0196078	0.0784314	0.54902
0.12	0.28	0.08	0.24	0.28
0.0340136	0.387755	0.0204082	0.0272109	0.530612
0.2	0.0333333	0.666667	0.0333333	0.0666667
0.00847458	0.381356	0.00847458	0.516949	0.0847458
0.0204082	0.44898	0.0102041	0.418367	0.102041
0.2	0.2	0.2	0.2	0.2
0.135135	0.378378	0.189189	0.0810811	0.216216
0.06	0.3	0.24	0.26	0.14
0.0217391	0.347826	0.0217391	0.543478	0.0652174
0.230769	0.192308	0.269231	0.115385	0.192308
0.00913242	0.757991	0.00913242	0.182648	0.0410959
0.0243902	0.365854	0.0121951	0.5	0.097561
0.103226	0.309677	0.0258065	0.0774194	0.483871
0.0555556	0.314815	0.037037	0.518519	0.0740741
0.0333333	0.255556	0.0777778	0.533333	0.1
0.0666667	0.2	0.2	0.133333	0.4
0.0344828	0.344828	0.0689655	0.482759	0.0689655
0.133333	0.2	0.0666667	0.533333	0.0666667
0.0178571	0.464286	0.0625	0.446429	0.00892857
0.05	0.6	0.15	0.05	0.15
0.171429	0.428571	0.0285714	0.342857	0.0285714
0.0179372	0.587444	0.00896861	0.309417	0.0762332
0.2	0.2	0.2	0.2	0.2
0.0181818	0.8	0.0181818	0.0909091	0.0727273
0.0238095	0.886905	0.0357143	0.0297619	0.0238095
0.0555556	0.555556	0.194444	0.138889	0.0555556
0.358974	0.179487	0.0769231	0.179487	0.205128
0.0084507	0.816901	0.0225352	0.0591549	0.0929577
0.0170213	0.897872	0.00851064	0.0340426	0.0425532
0.00294985	0.849558	0.00589971	0.103245	0.0383481
0.0078125	0.84375	0.117188	0.0234375	0.0078125
0.0625	0.4375	0.1875	0.0625	0.25
0.00327869	0.534426	0.0262295	0.383607	0.052459
0.136364	0.5	0.0909091	0.136364	0.136364
0.0310345	0.810345	0.0310345	0.0689655	0.0586207
0.130435	0.695652	0.0434783	0.0869565	0.0434783
0.0149254	0.626866	0.0149254	0.313433	0.0298507
0.456	0.284	0.108	0.144	0.008
0.181818	0.363636	0.0909091	0.0909091	0.272727
0.1	0.4	0.1	0.2	0.2
0.0769231	0.384615	0.384615	0.0769231	0.0769231
0.047619	0.571429	0.0952381	0.190476	0.0952381
0.0833333	0.208333	0.0416667	0.5	0.166667
0.0375	0.575	0.0125	0.0375	0.3375
0.00862069	0.431034	0.0344828	0.465517	0.0603448
0.010989	0.637363	0.032967	0.164835	0.153846
0.130435	0.434783	0.0434783	0.304348	0.0869565
0.00925926	0.912037	0.0185185	0.0462963	0.0138889
0.111111	0.333333	0.111111	0.222222	0.222222
0.0285714	0.714286	0.0571429	0.171429	0.0285714
0.0274964	0.632417	0.0361795	0.266281	0.0376266
0.0857143	0.657143	0.142857	0.0285714	0.0857143
0.0588235	0.764706	0.0588235	0.0588235	0.0588235
0.0135135	0.864865	0.0540541	0.0135135	0.0540541
0.0666667	0.633333	0.0333333	0.2	0.0666667
0.181818	0.318182	0.272727	0.0909091	0.136364
0.08	0.68	0.04	0.16	0.04
0.0625	0.4375	0.0625	0.3125	0.125
0.0138889	0.819444	0.111111	0.0416667	0.0138889
0.04	0.36	0.04	0.36	0.2
0.1875	0.4375	0.25	0.0625	0.0625
0.0615385	0.353846	0.0153846	0.415385	0.153846
0.2	0.2	0.2	0.2	0.2
0.0952381	0.571429	0.142857	0.0952381	0.0952381
0.011236	0.592697	0.00280899	0.331461	0.0617978
0.00931677	0.84472	0.068323	0.0559006	0.0217391
0.173913	0.434783	0.0434783	0.130435	0.217391
0.333333	0.166667	0.166667	0.166667	0.166667
0.0416667	0.625	0.0416667	0.166667	0.125
0.0357143	0.482143	0.0357143	0.428571	0.0178571
0.057971	0.768116	0.0144928	0.130435	0.0289855
0.0315789	0.915789	0.0210526	0.0105263	0.0210526
