0.190476	0.166667	0.357143	0.190476	0.0952381
0.4	0.08	0.24	0.24	0.04
0.025	0.503571	0.157143	0.271429	0.0428571
0.0833333	0.0833333	0.666667	0.125	0.0416667
0.0241935	0.104839	0.0241935	0.669355	0.177419
0.111111	0.277778	0.0555556	0.333333	0.222222
0.56	0.04	0.16	0.08	0.16
0.2	0.2	0.2	0.2	0.2
0.527273	0.0727273	0.181818	0.181818	0.0363636
0.131148	0.278689	0.0655738	0.409836	0.114754
0.122449	0.102041	0.408163	0.306122	0.0612245
0.125	0.59375	0.1875	0.0625	0.03125
0.244444	0.0777778	0.422222	0.222222	0.0333333
0.0483871	0.0645161	0.0967742	0.709677	0.0806452
0.115108	0.172662	0.179856	0.464029	0.0683453
0.70922	0.0780142	0.163121	0.0212766	0.0283688
0.5	0.05	0.15	0.2	0.1
0.604167	0.145833	0.0208333	0.145833	0.0833333
0.0697674	0.674419	0.0232558	0.209302	0.0232558
0.342857	0.271429	0.171429	0.185714	0.0285714
0.0169492	0.0508475	0.0169492	0.610169	0.305085
0.0217391	0.282609	0.478261	0.130435	0.0869565
0.0416667	0.145833	0.0625	0.729167	0.0208333
0.166667	0.166667	0.333333	0.166667	0.166667
0.177778	0.0666667	0.0222222	0.644444	0.0888889
0.173913	0.130435	0.0434783	0.26087	0.391304
0.409091	0.227273	0.0454545	0.272727	0.0454545
0.272727	0.0909091	0.0909091	0.0909091	0.454545
0.133333	0.2	0.0666667	0.333333	0.266667
0.00957592	0.0519836	0.0246238	0.0629275	0.850889
0.310345	0.0689655	0.137931	0.448276	0.0344828
0.0740741	0.222222	0.0740741	0.592593	0.037037
0.152542	0.389831	0.186441	0.135593	0.135593
0.180328	0.131148	0.180328	0.47541	0.0327869
0.0366972	0.40367	0.0917431	0.431193	0.0366972
0.00561798	0.0224719	0.0224719	0.342697	0.606742
0.6875	0.0625	0.0625	0.0625	0.125
0.653846	0.0769231	0.0384615	0.192308	0.0384615
0.190476	0.238095	0.142857	0.333333	0.0952381
0.047619	0.176471	0.70028	0.0588235	0.0168067
0.0224719	0.101124	0.011236	0.786517	0.0786517
0.133333	0.1	0.0555556	0.644444	0.0666667
0.0555556	0.222222	0.333333	0.166667	0.222222
0.136364	0.545455	0.0151515	0.287879	0.0151515
0.0321782	0.0891089	0.0742574	0.732673	0.0717822
0.00518135	0.0103627	0.0362694	0.0207254	0.927461
0.151515	0.30303	0.0606061	0.424242	0.0606061
0.09375	0.05625	0.64375	0.175	0.03125
0.0294118	0.0294118	0.0882353	0.735294	0.117647
0.804082	0.0285714	0.00816327	0.15102	0.00816327
0.510204	0.0204082	0.102041	0.306122	0.0612245
0.833333	0.0333333	0.0333333	0.0666667	0.0333333
0.604082	0.0816327	0.0897959	0.220408	0.00408163
0.755556	0.0444444	0.166667	0.0111111	0.0222222
0.416667	0.0416667	0.125	0.166667	0.25
0.225	0.025	0.15	0.275	0.325
0.0273973	0.0684932	0.0273973	0.780822	0.0958904
0.102941	0.0294118	0.0735294	0.647059	0.147059
0.24	0.12	0.2	0.4	0.04
0.0952381	0.642857	0.0238095	0.214286	0.0238095
0.153846	0.153846	0.0769231	0.576923	0.0384615
0.0625	0.0625	0.0208333	0.770833	0.0833333
0.0952381	0.047619	0.452381	0.309524	0.0952381
0.181818	0.666667	0.0606061	0.0808081	0.010101
0.309524	0.142857	0.285714	0.238095	0.0238095
0.0606061	0.363636	0.212121	0.333333	0.030303
0.444444	0.155556	0.177778	0.2	0.0222222
0.5	0.205882	0.176471	0.0882353	0.0294118
0.0555556	0.111111	0.0138889	0.597222	0.222222
0.108696	0.173913	0.0869565	0.608696	0.0217391
0.461538	0.0384615	0.230769	0.230769	0.0384615
0.214286	0.0714286	0.285714	0.214286	0.214286
0.421053	0.157895	0.157895	0.210526	0.0526316
0.478261	0.0869565	0.0869565	0.173913	0.173913
0.0125786	0.0691824	0.0314465	0.484277	0.402516
0.792453	0.113208	0.0188679	0.0188679	0.0566038
0.578947	0.0701754	0.0701754	0.22807	0.0526316
0.571429	0.047619	0.142857	0.142857	0.0952381
0.015873	0.206349	0.047619	0.571429	0.15873
0.2	0.2	0.05	0.15	0.4
0.214286	0.285714	0.0714286	0.357143	0.0714286
0.25	0.0909091	0.272727	0.25	0.136364
0.15625	0.234375	0.140625	0.40625	0.0625
0.117647	0.117647	0.147059	0.235294	0.382353
0.111111	0.333333	0.111111	0.111111	0.333333
0.2	0.2	0.2	0.2	0.2
0.5	0.142857	0.142857	0.142857	0.0714286
0.2	0.2	0.2	0.2	0.2
0.268293	0.097561	0.341463	0.243902	0.0487805
0.47619	0.119048	0.238095	0.142857	0.0238095
0.28	0.2	0.08	0.4	0.04
0.0474138	0.0689655	0.0172414	0.780172	0.0862069
0.590164	0.0491803	0.0163934	0.311475	0.0327869
0.025	0.2	0.025	0.725	0.025
0.733333	0.0222222	0.0222222	0.0888889	0.133333
0.0104167	0.03125	0.0208333	0.1875	0.75
0.473684	0.105263	0.157895	0.210526	0.0526316
0.015625	0.125	0.0390625	0.398438	0.421875
0.25	0.166667	0.0833333	0.166667	0.333333
0.470588	0.0588235	0.0588235	0.294118	0.117647
0.153846	0.230769	0.0769231	0.461538	0.0769231
0.518519	0.164983	0.00673401	0.296296	0.013468
0.591557	0.0912929	0.233245	0.0796834	0.00422164
0.384615	0.153846	0.307692	0.0769231	0.0769231
0.101695	0.177966	0.00847458	0.694915	0.0169492
0.411765	0.117647	0.0392157	0.392157	0.0392157
0.165198	0.0572687	0.559471	0.207048	0.0110132
0.466667	0.2	0.0666667	0.0666667	0.2
0.024188	0.0995162	0.00506796	0.758351	0.112877
0.392857	0.214286	0.0357143	0.321429	0.0357143
0.129032	0.225806	0.225806	0.387097	0.0322581
0.125	0.291667	0.166667	0.375	0.0416667
0.0598802	0.101796	0.0179641	0.479042	0.341317
0.482143	0.107143	0.196429	0.196429	0.0178571
0.71875	0.09375	0.09375	0.03125	0.0625
0.681818	0.0909091	0.0909091	0.0454545	0.0909091
0.0277778	0.0833333	0.694444	0.0277778	0.166667
0.0869565	0.0434783	0.0869565	0.521739	0.26087
0.0277778	0.208333	0.0208333	0.326389	0.416667
0.0833333	0.0555556	0.0555556	0.694444	0.111111
0.186047	0.139535	0.0465116	0.604651	0.0232558
0.166667	0.666667	0.0430108	0.112903	0.0107527
0.557377	0.114754	0.0819672	0.213115	0.0327869
0.56338	0.084507	0.0422535	0.225352	0.084507
0.0384615	0.461538	0.0769231	0.384615	0.0384615
0.0760234	0.330409	0.339181	0.0847953	0.169591
0.596899	0.0542636	0.170543	0.162791	0.0155039
0.0588235	0.108456	0.0147059	0.579044	0.238971
0.647059	0.0588235	0.117647	0.117647	0.0588235
0.570175	0.0789474	0.00877193	0.333333	0.00877193
0.479167	0.0208333	0.166667	0.229167	0.104167
0.733333	0.177778	0.0222222	0.0444444	0.0222222
0.0363636	0.190909	0.0272727	0.7	0.0454545
0.585492	0.0829016	0.119171	0.202073	0.0103627
0.142857	0.2	0.0285714	0.571429	0.0571429
0.714286	0.125	0.0714286	0.0714286	0.0178571
0.0740741	0.185185	0.148148	0.518519	0.0740741
0.0148515	0.178218	0.772277	0.029703	0.0049505
0.0217391	0.173913	0.0434783	0.586957	0.173913
0.444444	0.111111	0.111111	0.222222	0.111111
0.028169	0.21831	0.028169	0.676056	0.0492958
0.411765	0.0588235	0.264706	0.235294	0.0294118
0.2	0.2	0.2	0.2	0.2
0.315789	0.0526316	0.368421	0.0526316	0.210526
0.111111	0.222222	0.111111	0.444444	0.111111
0.142857	0.428571	0.142857	0.142857	0.142857
0.36	0.08	0.24	0.28	0.04
0.526316	0.105263	0.210526	0.105263	0.0526316
0.307692	0.025641	0.102564	0.538462	0.025641
0.025641	0.615385	0.0384615	0.294872	0.025641
0.133333	0.191667	0.333333	0.325	0.0166667
0.0237389	0.0652819	0.00296736	0.51632	0.391691
0.617647	0.0588235	0.205882	0.0588235	0.0588235
0.166667	0.166667	0.0526316	0.596491	0.0175439
0.0714286	0.142857	0.0714286	0.642857	0.0714286
0.631579	0.0526316	0.157895	0.105263	0.0526316
0.1	0.3	0.1	0.45	0.05
0.229508	0.278689	0.327869	0.114754	0.0491803
0.235294	0.176471	0.117647	0.176471	0.294118
0.0206186	0.226804	0.0103093	0.319588	0.42268
0.375	0.125	0.125	0.125	0.25
0.176471	0.0588235	0.0588235	0.352941	0.352941
0.285714	0.047619	0.380952	0.238095	0.047619
0.5	0.0714286	0.142857	0.142857	0.142857
0.0681818	0.136364	0.113636	0.568182	0.113636
0.115385	0.153846	0.538462	0.128205	0.0641026
0.2	0.2	0.2	0.2	0.2
0.593023	0.0465116	0.104651	0.22093	0.0348837
0.0649819	0.65343	0.0252708	0.252708	0.00361011
0.787879	0.030303	0.0909091	0.0606061	0.030303
0.046729	0.0373832	0.0373832	0.803738	0.0747664
0.136364	0.409091	0.181818	0.181818	0.0909091
0.192308	0.384615	0.0384615	0.346154	0.0384615
0.04	0.0666667	0.0933333	0.36	0.44
0.4	0.3	0.1	0.1	0.1
0.011236	0.134831	0.011236	0.831461	0.011236
0.472222	0.111111	0.0555556	0.138889	0.222222
0.0365449	0.159468	0.152824	0.325581	0.325581
0.0526316	0.0526316	0.342105	0.5	0.0526316
0.0625	0.0646552	0.012931	0.342672	0.517241
0.549451	0.0769231	0.0879121	0.263736	0.021978
0.0494505	0.60989	0.0164835	0.307692	0.0164835
0.0118343	0.0591716	0.0236686	0.349112	0.556213
0.578947	0.105263	0.0526316	0.157895	0.105263
0.111111	0.111111	0.111111	0.444444	0.222222
0.337079	0.0674157	0.235955	0.202247	0.157303
0.357955	0.159091	0.0681818	0.346591	0.0681818
0.0933215	0.0712074	0.753649	0.0663423	0.0154799
0.0638298	0.617021	0.0425532	0.255319	0.0212766
0.0136986	0.39726	0.0547945	0.506849	0.0273973
0.390071	0.113475	0.184397	0.269504	0.0425532
0.125	0.375	0.125	0.25	0.125
0.233333	0.166667	0.0333333	0.5	0.0666667
0.235294	0.176471	0.205882	0.264706	0.117647
0.0169492	0.610169	0.0338983	0.254237	0.0847458
0.0175439	0.0233918	0.0409357	0.532164	0.385965
0.578947	0.0526316	0.105263	0.157895	0.105263
0.356322	0.235632	0.229885	0.16092	0.0172414
0.238095	0.142857	0.142857	0.238095	0.238095
0.0779221	0.168831	0.012987	0.597403	0.142857
0.0555556	0.277778	0.0555556	0.444444	0.166667
0.62963	0.0555556	0.166667	0.12963	0.0185185
0.0535714	0.0535714	0.0178571	0.857143	0.0178571
0.263889	0.152778	0.486111	0.0833333	0.0138889
0.0121951	0.0487805	0.0365854	0.841463	0.0609756
0.170213	0.191489	0.297872	0.297872	0.0425532
0.636364	0.0454545	0.0454545	0.227273	0.0454545
0.163265	0.510204	0.0612245	0.22449	0.0408163
0.209302	0.162791	0.0697674	0.534884	0.0232558
0.0869565	0.826087	0.0217391	0.0434783	0.0217391
0.0882353	0.147059	0.529412	0.117647	0.117647
0.288462	0.153846	0.0192308	0.480769	0.0576923
0.00445434	0.13029	0.0144766	0.270601	0.580178
0.0645161	0.58871	0.0322581	0.25	0.0645161
0.341176	0.223529	0.211765	0.0470588	0.176471
0.636364	0.0454545	0.0454545	0.227273	0.0454545
0.214286	0.214286	0.0714286	0.428571	0.0714286
0.181818	0.272727	0.0909091	0.272727	0.181818
0.0949367	0.177215	0.424051	0.281646	0.0221519
0.106101	0.180371	0.0185676	0.633952	0.061008
0.148148	0.148148	0.0864198	0.259259	0.358025
0.48	0.04	0.08	0.2	0.2
0.027027	0.0810811	0.189189	0.27027	0.432432
0.00763359	0.160305	0.160305	0.534351	0.137405
0.191489	0.0638298	0.425532	0.191489	0.12766
0.325581	0.162791	0.395349	0.0697674	0.0465116
0.0961538	0.288462	0.115385	0.480769	0.0192308
0.547619	0.166667	0.0714286	0.190476	0.0238095
0.0882353	0.205882	0.441176	0.176471	0.0882353
0.219512	0.0243902	0.560976	0.170732	0.0243902
0.09375	0.3125	0.09375	0.40625	0.09375
0.548387	0.0645161	0.0645161	0.290323	0.0322581
0.0983607	0.613115	0.0327869	0.252459	0.00327869
0.380952	0.166667	0.0714286	0.309524	0.0714286
0.0444444	0.4	0.0444444	0.422222	0.0888889
0.181818	0.0909091	0.0909091	0.454545	0.181818
0.0238095	0.0952381	0.047619	0.642857	0.190476
0.0714286	0.214286	0.5	0.142857	0.0714286
0.419355	0.0645161	0.129032	0.354839	0.0322581
0.0808081	0.259259	0.0572391	0.525253	0.0774411
0.672131	0.114754	0.0163934	0.180328	0.0163934
0.268293	0.170732	0.0487805	0.439024	0.0731707
0.785714	0.0892857	0.0714286	0.0178571	0.0357143
0.264463	0.264463	0.38843	0.0743802	0.00826446
0.461538	0.153846	0.0384615	0.307692	0.0384615
0.0927835	0.0103093	0.762887	0.0721649	0.0618557
0.0754717	0.509434	0.0188679	0.377358	0.0188679
0.185185	0.0185185	0.592593	0.0925926	0.111111
0.16	0.16	0.04	0.56	0.08
0.678571	0.0357143	0.0714286	0.0714286	0.142857
0.012987	0.162338	0.538961	0.272727	0.012987
0.166667	0.25	0.25	0.25	0.0833333
0.810811	0.0405405	0.0405405	0.0945946	0.0135135
0.62931	0.0775862	0.0258621	0.25	0.0172414
0.0952381	0.190476	0.190476	0.47619	0.047619
0.121212	0.515152	0.121212	0.212121	0.030303
0.298507	0.0447761	0.0895522	0.492537	0.0746269
0.222222	0.037037	0.296296	0.37037	0.0740741
0.71	0.07	0.02	0.19	0.01
0.0588235	0.627451	0.0588235	0.235294	0.0196078
0.85	0.025	0.075	0.025	0.025
0.0408163	0.510204	0.0612245	0.346939	0.0408163
0.0327869	0.672131	0.0163934	0.262295	0.0163934
0.0375	0.075	0.1375	0.74375	0.00625
0.68	0.2	0.04	0.04	0.04
0.464286	0.0714286	0.285714	0.107143	0.0714286
0.181818	0.181818	0.0909091	0.409091	0.136364
0.107143	0.0714286	0.714286	0.0714286	0.0357143
0.0518293	0.795732	0.0121951	0.128049	0.0121951
0.428571	0.271429	0.0714286	0.2	0.0285714
0.111111	0.703704	0.037037	0.111111	0.037037
0.05	0.15	0.1	0.6	0.1
0.0769231	0.581197	0.0598291	0.273504	0.00854701
0.0416667	0.0416667	0.333333	0.375	0.208333
0.2	0.2	0.2	0.2	0.2
0.792453	0.0188679	0.113208	0.0566038	0.0188679
0.225	0.375	0.025	0.3	0.075
0.2	0.05	0.3	0.35	0.1
0.2	0.2	0.2	0.2	0.2
0.1	0.0454545	0.345455	0.354545	0.154545
0.0454545	0.0909091	0.0909091	0.681818	0.0909091
0.186441	0.355932	0.101695	0.288136	0.0677966
0.707317	0.0243902	0.0243902	0.219512	0.0243902
0.571429	0.1	0.242857	0.0714286	0.0142857
0.0689655	0.172414	0.137931	0.586207	0.0344828
0.705882	0.117647	0.0294118	0.117647	0.0294118
0.681818	0.0454545	0.136364	0.0909091	0.0454545
0.6	0.0810811	0.140541	0.162162	0.0162162
0.047619	0.047619	0.047619	0.619048	0.238095
0.186047	0.0465116	0.0465116	0.604651	0.116279
0.0615385	0.169231	0.507692	0.246154	0.0153846
0.222222	0.4	0.111111	0.133333	0.133333
0.125	0.125	0.125	0.5	0.125
0.0714286	0.0714286	0.0357143	0.785714	0.0357143
0.117647	0.147059	0.5	0.205882	0.0294118
0.0454545	0.151515	0.30303	0.484848	0.0151515
0.2	0.12	0.12	0.12	0.44
0.0909091	0.227273	0.181818	0.409091	0.0909091
0.0526316	0.105263	0.105263	0.684211	0.0526316
0.142857	0.285714	0.261905	0.285714	0.0238095
0.133333	0.133333	0.0666667	0.6	0.0666667
0.416667	0.0833333	0.166667	0.166667	0.166667
0.636364	0.0454545	0.0909091	0.181818	0.0454545
0.52381	0.015873	0.0952381	0.349206	0.015873
0.815385	0.0307692	0.0307692	0.107692	0.0153846
0.234234	0.0630631	0.0720721	0.567568	0.0630631
0.108696	0.413043	0.23913	0.217391	0.0217391
0.131148	0.0983607	0.0819672	0.590164	0.0983607
0.382609	0.173913	0.0869565	0.347826	0.00869565
0.0164835	0.0906593	0.00824176	0.354396	0.53022
0.529412	0.117647	0.117647	0.176471	0.0588235
0.111111	0.444444	0.0555556	0.166667	0.222222
0.0833333	0.166667	0.0833333	0.583333	0.0833333
0.3	0.025	0.5	0.125	0.05
0.52381	0.238095	0.047619	0.142857	0.047619
0.5	0.0588235	0.117647	0.147059	0.176471
0.205128	0.0512821	0.025641	0.461538	0.25641
0.0344828	0.0689655	0.0689655	0.724138	0.103448
0.0413793	0.062069	0.0551724	0.834483	0.00689655
0.0444444	0.0555556	0.0444444	0.811111	0.0444444
0.1	0.2	0.1	0.5	0.1
0.1	0.075	0.175	0.625	0.025
0.470588	0.117647	0.205882	0.176471	0.0294118
0.0344828	0.137931	0.0172414	0.706897	0.103448
0.752577	0.0824742	0.0721649	0.0309278	0.0618557
0.588235	0.147059	0.0588235	0.176471	0.0294118
0.0172414	0.572414	0.0482759	0.358621	0.00344828
0.513043	0.0434783	0.33913	0.0869565	0.0173913
0.633333	0.0666667	0.0333333	0.2	0.0666667
0.0547945	0.0821918	0.0684932	0.520548	0.273973
0.754717	0.0188679	0.0566038	0.0754717	0.0943396
0.1875	0.03125	0.625	0.125	0.03125
0.148148	0.0740741	0.592593	0.148148	0.037037
0.0196078	0.372549	0.372549	0.156863	0.0784314
0.895833	0.0208333	0.0416667	0.0208333	0.0208333
0.421053	0.105263	0.157895	0.263158	0.0526316
0.710526	0.0263158	0.157895	0.0789474	0.0263158
0.247312	0.172043	0.290323	0.129032	0.16129
0.480769	0.0192308	0.0192308	0.403846	0.0769231
0.448276	0.206897	0.224138	0.0862069	0.0344828
0.46875	0.03125	0.03125	0.34375	0.125
0.2	0.2	0.2	0.2	0.2
0.704545	0.0681818	0.0113636	0.204545	0.0113636
0.55	0.1	0.05	0.15	0.15
0.816327	0.102041	0.0408163	0.0204082	0.0204082
0.0487805	0.0243902	0.219512	0.560976	0.146341
0.720588	0.0294118	0.0882353	0.0882353	0.0735294
0.0214286	0.15	0.128571	0.685714	0.0142857
0.00900901	0.184685	0.0855856	0.189189	0.531532
0.109195	0.0402299	0.235632	0.586207	0.0287356
0.173913	0.231884	0.42029	0.115942	0.057971
0.73913	0.0869565	0.0434783	0.0434783	0.0869565
0.222222	0.111111	0.222222	0.222222	0.222222
0.179487	0.0512821	0.538462	0.128205	0.102564
0.396226	0.226415	0.245283	0.0754717	0.0566038
0.26087	0.202899	0.115942	0.405797	0.0144928
0.194444	0.166667	0.361111	0.194444	0.0833333
0.37037	0.185185	0.296296	0.0740741	0.0740741
0.594595	0.027027	0.27027	0.0540541	0.0540541
0.03125	0.1875	0.09375	0.5	0.1875
0.127273	0.0181818	0.436364	0.290909	0.127273
0.4	0.0363636	0.436364	0.0909091	0.0363636
0.206897	0.448276	0.137931	0.103448	0.103448
0.791667	0.0416667	0.0416667	0.0833333	0.0416667
0.454545	0.0454545	0.159091	0.318182	0.0227273
0.267857	0.125	0.39881	0.160714	0.047619
0.125	0.078125	0.03125	0.6875	0.078125
0.133333	0.2	0.1	0.5	0.0666667
0.679245	0.113208	0.113208	0.0754717	0.0188679
0.444444	0.148148	0.148148	0.185185	0.0740741
0.0625	0.0625	0.25	0.5625	0.0625
0.426829	0.0121951	0.0121951	0.463415	0.0853659
0.0555556	0.103175	0.0357143	0.77381	0.031746
0.142857	0.0714286	0.0714286	0.642857	0.0714286
0.0217391	0.0724638	0.0652174	0.188406	0.652174
0.588235	0.147059	0.0882353	0.0882353	0.0882353
0.369048	0.0714286	0.0238095	0.47619	0.0595238
0.333333	0.0666667	0.0666667	0.466667	0.0666667
0.0909091	0.0454545	0.136364	0.454545	0.272727
0.0615385	0.138462	0.0153846	0.707692	0.0769231
0.3	0.166667	0.0833333	0.333333	0.116667
0.2	0.2	0.2	0.2	0.2
0.45	0.05	0.25	0.2	0.05
0.0689655	0.103448	0.0689655	0.431034	0.327586
0.027027	0.0810811	0.027027	0.783784	0.0810811
0.315789	0.210526	0.157895	0.263158	0.0526316
0.0498688	0.0866142	0.0183727	0.795276	0.0498688
0.047619	0.142857	0.142857	0.619048	0.047619
0.581818	0.0363636	0.145455	0.181818	0.0545455
0.242424	0.151515	0.030303	0.484848	0.0909091
0.466667	0.0666667	0.133333	0.266667	0.0666667
0.208333	0.333333	0.104167	0.25	0.104167
0.025	0.275	0.525	0.025	0.15
0.0425532	0.0425532	0.340426	0.468085	0.106383
0.0612245	0.204082	0.0612245	0.653061	0.0204082
0.552083	0.151042	0.0859375	0.197917	0.0130208
0.457143	0.371429	0.0285714	0.114286	0.0285714
0.00416667	0.0625	0.0666667	0.225	0.641667
0.583333	0.0833333	0.0833333	0.208333	0.0416667
0.585014	0.0432277	0.135447	0.190202	0.0461095
0.636364	0.0454545	0.181818	0.0454545	0.0909091
0.0111294	0.805441	0.067601	0.0915087	0.0243199
0.0147059	0.852941	0.0147059	0.0882353	0.0294118
0.523256	0.0232558	0.162791	0.27907	0.0116279
0.0454545	0.409091	0.0454545	0.454545	0.0454545
0.540984	0.114754	0.0163934	0.311475	0.0163934
0.018315	0.0989011	0.043956	0.79304	0.0457875
0.482759	0.0344828	0.413793	0.0344828	0.0344828
0.0344828	0.0344828	0.103448	0.689655	0.137931
0.075	0.125	0.025	0.475	0.3
0.674419	0.116279	0.0697674	0.116279	0.0232558
0.307692	0.102564	0.025641	0.512821	0.0512821
0.415094	0.207547	0.0754717	0.264151	0.0377358
0.0191257	0.172131	0.0983607	0.245902	0.464481
0.5	0.05	0.05	0.35	0.05
0.2	0.2	0.2	0.3	0.1
0.0526316	0.0225564	0.0150376	0.894737	0.0150376
0.0384615	0.269231	0.115385	0.538462	0.0384615
0.125	0.25	0.125	0.25	0.25
0.37037	0.12963	0.00925926	0.462963	0.0277778
0.0882353	0.235294	0.0294118	0.470588	0.176471
0.285714	0.0857143	0.485714	0.114286	0.0285714
0.375	0.125	0.1	0.375	0.025
0.619048	0.047619	0.0714286	0.238095	0.0238095
0.2	0.3	0.1	0.3	0.1
0.3125	0.1875	0.25	0.1875	0.0625
0.461538	0.192308	0.115385	0.192308	0.0384615
0.141414	0.333333	0.10101	0.282828	0.141414
0.104167	0.479167	0.0208333	0.333333	0.0625
0.0933333	0.106667	0.413333	0.306667	0.08
0.0462046	0.234323	0.557756	0.0957096	0.0660066
0.581395	0.0465116	0.232558	0.0697674	0.0697674
0.0229885	0.114943	0.0689655	0.678161	0.114943
0.513514	0.108108	0.027027	0.27027	0.0810811
0.0787402	0.188976	0.401575	0.314961	0.015748
0.0196078	0.0196078	0.00980392	0.921569	0.0294118
0.105263	0.105263	0.0526316	0.578947	0.157895
0.12766	0.106383	0.0212766	0.553191	0.191489
0.616667	0.05	0.0666667	0.25	0.0166667
0.701923	0.0576923	0.105769	0.115385	0.0192308
0.106383	0.148936	0.106383	0.595745	0.0425532
0.5	0.0208333	0.270833	0.145833	0.0625
0.701422	0.0473934	0.0995261	0.14218	0.00947867
0.77193	0.0175439	0.122807	0.0701754	0.0175439
0.102564	0.333333	0.025641	0.461538	0.0769231
0.125	0.125	0.0416667	0.604167	0.104167
0.632911	0.113924	0.0126582	0.227848	0.0126582
0.307692	0.230769	0.0769231	0.307692	0.0769231
0.0714286	0.357143	0.428571	0.0714286	0.0714286
0.333333	0.111111	0.111111	0.222222	0.222222
0.03125	0.1875	0.03125	0.6875	0.0625
0.173913	0.130435	0.0434783	0.478261	0.173913
0.444444	0.166667	0.0555556	0.277778	0.0555556
0.0597015	0.447761	0.149254	0.328358	0.0149254
0.157895	0.394737	0.0526316	0.368421	0.0263158
0.484375	0.09375	0.234375	0.15625	0.03125
0.230769	0.0384615	0.423077	0.269231	0.0384615
0.25	0.125	0.208333	0.291667	0.125
0.156863	0.137255	0.529412	0.156863	0.0196078
0.0483871	0.209677	0.145161	0.548387	0.0483871
0.680556	0.152778	0.0694444	0.0833333	0.0138889
0.119438	0.323185	0.540984	0.0117096	0.00468384
0.512821	0.0512821	0.0769231	0.25641	0.102564
0.0535714	0.392857	0.0535714	0.464286	0.0357143
0.0581395	0.383721	0.302326	0.232558	0.0232558
0.105263	0.184211	0.0789474	0.552632	0.0789474
0.493506	0.116883	0.220779	0.142857	0.025974
0.564286	0.157143	0.0785714	0.15	0.05
0.0384615	0.0384615	0.0769231	0.576923	0.269231
0.670886	0.132911	0.00632911	0.164557	0.0253165
0.0285714	0.314286	0.0571429	0.571429	0.0285714
0.0526316	0.0526316	0.447368	0.394737	0.0526316
0.863014	0.0205479	0.0890411	0.0205479	0.00684932
0.526316	0.105263	0.0526316	0.263158	0.0526316
0.04	0.8	0.04	0.08	0.04
0.08	0.2	0.6	0.08	0.04
0.0333333	0.183333	0.3	0.433333	0.05
0.176471	0.117647	0.156863	0.509804	0.0392157
0.105263	0.105263	0.368421	0.368421	0.0526316
0.0294118	0.647059	0.0588235	0.235294	0.0294118
0.166667	0.0833333	0.0833333	0.583333	0.0833333
0.16	0.08	0.08	0.6	0.08
0.0869565	0.478261	0.0434783	0.347826	0.0434783
0.619048	0.190476	0.047619	0.0952381	0.047619
0.714286	0.12987	0.012987	0.0779221	0.0649351
0.162162	0.216216	0.027027	0.486486	0.108108
0.34	0.04	0.4	0.18	0.04
0.307018	0.245614	0.114035	0.280702	0.0526316
0.110169	0.627119	0.0254237	0.20339	0.0338983
0.25	0.0833333	0.166667	0.416667	0.0833333
0.446154	0.0923077	0.0461538	0.369231	0.0461538
0.0638298	0.276596	0.148936	0.255319	0.255319
0.0625	0.125	0.1875	0.40625	0.21875
0.0142857	0.214286	0.114286	0.414286	0.242857
0.111111	0.481481	0.111111	0.222222	0.0740741
0.113924	0.443038	0.101266	0.291139	0.0506329
0.12987	0.350649	0.025974	0.467532	0.025974
0.00480769	0.1875	0.759615	0.0432692	0.00480769
0.785714	0.0408163	0.0102041	0.112245	0.0510204
0.388889	0.222222	0.277778	0.0555556	0.0555556
0.428571	0.142857	0.333333	0.047619	0.047619
0.555556	0.166667	0.166667	0.0555556	0.0555556
0.0555556	0.0555556	0.0555556	0.777778	0.0555556
0.347826	0.217391	0.0434783	0.304348	0.0869565
0.192308	0.0384615	0.346154	0.346154	0.0769231
0.147059	0.117647	0.117647	0.5	0.117647
0.0138889	0.236111	0.0416667	0.375	0.333333
0.702703	0.045045	0.036036	0.207207	0.00900901
0.4	0.155556	0.0222222	0.377778	0.0444444
0.0185185	0.037037	0.203704	0.722222	0.0185185
0.166667	0.166667	0.333333	0.166667	0.166667
0.0535714	0.589286	0.0357143	0.285714	0.0357143
0.596154	0.0961538	0.0192308	0.25	0.0384615
0.225806	0.193548	0.16129	0.225806	0.193548
0.0833333	0.0833333	0.5	0.25	0.0833333
0.813953	0.0232558	0.0930233	0.0465116	0.0232558
0.05	0.3	0.1	0.45	0.1
0.0484694	0.145408	0.0357143	0.737245	0.0331633
0.0625	0.5625	0.0625	0.25	0.0625
0.0909091	0.272727	0.0909091	0.454545	0.0909091
0.484848	0.030303	0.0606061	0.363636	0.0606061
0.111111	0.166667	0.111111	0.388889	0.222222
0.0101523	0.0456853	0.0253807	0.893401	0.0253807
0.24375	0.0875	0.3125	0.225	0.13125
0.393939	0.30303	0.0606061	0.212121	0.030303
0.178571	0.0785714	0.135714	0.564286	0.0428571
0.0140845	0.028169	0.0140845	0.225352	0.71831
0.142857	0.142857	0.428571	0.142857	0.142857
0.0425532	0.0106383	0.0106383	0.287234	0.648936
0.555556	0.0808081	0.10101	0.237374	0.0252525
0.257143	0.171429	0.371429	0.142857	0.0571429
0.5	0.05	0.0375	0.4	0.0125
0.2	0.2	0.2	0.2	0.2
0.24	0.24	0.04	0.44	0.04
0.0694444	0.25	0.0138889	0.652778	0.0138889
0.0507246	0.398551	0.0507246	0.442029	0.057971
0.318182	0.272727	0.0454545	0.318182	0.0454545
0.578947	0.105263	0.0526316	0.105263	0.157895
0.0724638	0.173913	0.231884	0.318841	0.202899
0.333333	0.111111	0.0555556	0.444444	0.0555556
0.192308	0.153846	0.192308	0.423077	0.0384615
0.0416667	0.25	0.0416667	0.541667	0.125
0.0128205	0.217949	0.24359	0.487179	0.0384615
0.0666667	0.133333	0.0888889	0.688889	0.0222222
0.0714286	0.107143	0.0714286	0.464286	0.285714
0.298246	0.210526	0.0877193	0.368421	0.0350877
0.0392157	0.196078	0.215686	0.352941	0.196078
0.205882	0.0882353	0.382353	0.264706	0.0588235
0.5	0.0625	0.25	0.125	0.0625
0.0588235	0.0588235	0.0588235	0.588235	0.235294
0.0384615	0.0769231	0.0769231	0.692308	0.115385
0.277778	0.333333	0.0555556	0.277778	0.0555556
0.2	0.2	0.2	0.2	0.2
0.606061	0.121212	0.0909091	0.121212	0.0606061
0.246377	0.318841	0.057971	0.217391	0.15942
0.16	0.2	0.48	0.12	0.04
0.113636	0.0227273	0.181818	0.659091	0.0227273
0.8	0.0461538	0.107692	0.0307692	0.0153846
0.0192308	0.0576923	0.0192308	0.846154	0.0576923
0.0454545	0.204545	0.0227273	0.545455	0.181818
0.565217	0.0434783	0.130435	0.130435	0.130435
0.105263	0.263158	0.236842	0.368421	0.0263158
0.0416667	0.375	0.0833333	0.458333	0.0416667
0.448718	0.166667	0.294872	0.0769231	0.0128205
0.157895	0.0526316	0.157895	0.578947	0.0526316
0.486486	0.0405405	0.216216	0.243243	0.0135135
0.0507246	0.152174	0.00724638	0.702899	0.0869565
0.204545	0.25	0.0340909	0.477273	0.0340909
0.181818	0.025974	0.038961	0.571429	0.181818
0.25	0.09375	0.375	0.125	0.15625
0.0338983	0.338983	0.0169492	0.570621	0.039548
0.0285714	0.0428571	0.0285714	0.557143	0.342857
0.166667	0.333333	0.166667	0.166667	0.166667
0.4	0.266667	0.2	0.0666667	0.0666667
0.2	0.2	0.2	0.2	0.2
0.0526316	0.149123	0.00877193	0.72807	0.0614035
0.0222222	0.0666667	0.0444444	0.855556	0.0111111
0.28125	0.09375	0.0625	0.4375	0.125
0.234848	0.189394	0.00757576	0.477273	0.0909091
0.0235294	0.2	0.0235294	0.694118	0.0588235
0.525	0.05	0.175	0.125	0.125
0.0263158	0.605263	0.0263158	0.315789	0.0263158
0.166667	0.222222	0.537037	0.0555556	0.0185185
0.0232558	0.0930233	0.0697674	0.767442	0.0465116
0.109375	0.4375	0.15625	0.21875	0.078125
0.170732	0.0243902	0.0243902	0.731707	0.0487805
0.142857	0.0952381	0.047619	0.142857	0.571429
0.025641	0.666667	0.025641	0.230769	0.0512821
0.083045	0.110727	0.0346021	0.740484	0.0311419
0.5	0.107143	0.0714286	0.285714	0.0357143
0.0434783	0.173913	0.108696	0.543478	0.130435
0.181818	0.136364	0.545455	0.0909091	0.0454545
0.555556	0.0555556	0.277778	0.0555556	0.0555556
0.826087	0.0434783	0.101449	0.0144928	0.0144928
0.73913	0.0869565	0.0434783	0.0434783	0.0869565
0.0137931	0.262069	0.0413793	0.634483	0.0482759
0.166667	0.0833333	0.416667	0.25	0.0833333
0.108696	0.25	0.141304	0.293478	0.206522
0.153846	0.153846	0.153846	0.461538	0.0769231
0.233333	0.1	0.0333333	0.533333	0.1
0.0714286	0.142857	0.142857	0.5	0.142857
0.625	0.0625	0.0625	0.1875	0.0625
0.645161	0.0645161	0.16129	0.112903	0.016129
0.671053	0.0921053	0.0657895	0.131579	0.0394737
0.213333	0.373333	0.12	0.28	0.0133333
0.0357143	0.015873	0.00793651	0.912698	0.0277778
0.0176991	0.0442478	0.831858	0.0973451	0.00884956
0.214286	0.0714286	0.142857	0.357143	0.214286
0.267442	0.0872093	0.0116279	0.604651	0.0290698
0.208333	0.0833333	0.416667	0.25	0.0416667
0.0742857	0.314286	0.04	0.428571	0.142857
0.3125	0.03125	0.25	0.3125	0.09375
0.685714	0.0380952	0.180952	0.0857143	0.00952381
0.625	0.14881	0.0416667	0.130952	0.0535714
0.677419	0.0645161	0.0645161	0.0645161	0.129032
0.2	0.2	0.2	0.2	0.2
0.125	0.0625	0.1875	0.5	0.125
0.529412	0.117647	0.117647	0.117647	0.117647
0.839623	0.081761	0.00314465	0.0691824	0.00628931
0.0714286	0.214286	0.5	0.142857	0.0714286
0.0333333	0.666667	0.0333333	0.233333	0.0333333
0.0333333	0.1	0.483333	0.333333	0.05
0.390909	0.136364	0.154545	0.163636	0.154545
0.542056	0.121495	0.0934579	0.233645	0.00934579
0.0357143	0.142857	0.0535714	0.75	0.0178571
0.3	0.2	0.025	0.275	0.2
0.772727	0.0625	0.0284091	0.130682	0.00568182
0.64	0.12	0.12	0.08	0.04
0.11828	0.204301	0.0107527	0.580645	0.0860215
0.277778	0.277778	0.333333	0.0555556	0.0555556
0.288462	0.0512821	0.00641026	0.647436	0.00641026
0.606061	0.151515	0.0606061	0.151515	0.030303
0.380952	0.142857	0.206349	0.142857	0.126984
0.00746269	0.0298507	0.0223881	0.380597	0.559701
0.166667	0.166667	0.125	0.458333	0.0833333
0.2	0.2	0.2	0.2	0.2
0.27907	0.186047	0.0930233	0.348837	0.0930233
0.375	0.25	0.125	0.125	0.125
0.0454545	0.136364	0.0227273	0.772727	0.0227273
0.0138889	0.666667	0.0138889	0.25	0.0555556
0.0368664	0.40553	0.0414747	0.502304	0.0138249
0.047619	0.0952381	0.047619	0.47619	0.333333
0.48	0.04	0.28	0.16	0.04
0.855072	0.0289855	0.057971	0.0434783	0.0144928
0.125	0.0625	0.6875	0.0625	0.0625
0.0714491	0.00172166	0.0175036	0.000860832	0.908465
0.0189036	0.149338	0.0094518	0.202268	0.620038
0.614286	0.0642857	0.228571	0.0714286	0.0214286
0.0677966	0.0677966	0.0169492	0.542373	0.305085
0.466667	0.266667	0.0666667	0.133333	0.0666667
0.1	0.75	0.05	0.05	0.05
0.454545	0.030303	0.030303	0.424242	0.0606061
0.74359	0.0769231	0.128205	0.025641	0.025641
0.107143	0.25	0.285714	0.321429	0.0357143
0.0526316	0.0736842	0.0315789	0.789474	0.0526316
0.266667	0.133333	0.0666667	0.466667	0.0666667
0.632812	0.0625	0.0625	0.226562	0.015625
0.09	0.46	0.01	0.41	0.03
0.00647249	0.012945	0.0355987	0.941748	0.00323625
0.483871	0.0322581	0.387097	0.0645161	0.0322581
0.333333	0.25	0.0833333	0.25	0.0833333
0.111111	0.444444	0.111111	0.111111	0.222222
0.930435	0.026087	0.026087	0.00869565	0.00869565
0.68	0.08	0.02	0.06	0.16
0.222222	0.0555556	0.0555556	0.555556	0.111111
0.0379147	0.165877	0.07109	0.241706	0.483412
0.541667	0.0555556	0.0833333	0.305556	0.0138889
0.0357143	0.232143	0.25	0.125	0.357143
0.302326	0.0697674	0.209302	0.302326	0.116279
0.107143	0.395833	0.00595238	0.431548	0.0595238
0.210526	0.157895	0.0526316	0.368421	0.210526
0.571429	0.047619	0.238095	0.0952381	0.047619
0.0964912	0.280702	0.45614	0.114035	0.0526316
0.0833333	0.0833333	0.0833333	0.583333	0.166667
0.119777	0.114206	0.707521	0.0278552	0.0306407
0.0370828	0.0704574	0.866502	0.0210136	0.00494438
0.142857	0.214286	0.214286	0.285714	0.142857
0.304348	0.173913	0.130435	0.347826	0.0434783
0.277778	0.166667	0.111111	0.277778	0.166667
0.0588235	0.517028	0.0185759	0.365325	0.0402477
0.172131	0.188525	0.360656	0.254098	0.0245902
0.318182	0.0606061	0.0454545	0.560606	0.0151515
0.411765	0.0392157	0.0980392	0.431373	0.0196078
0.196078	0.137255	0.147059	0.5	0.0196078
0.351351	0.027027	0.486486	0.108108	0.027027
0.394737	0.0526316	0.184211	0.289474	0.0789474
0.25	0.0833333	0.25	0.375	0.0416667
0.294118	0.205882	0.0882353	0.205882	0.205882
0.2	0.2	0.2	0.2	0.2
0.219512	0.134146	0.097561	0.219512	0.329268
0.255814	0.348837	0.0232558	0.325581	0.0465116
0.0943396	0.54717	0.0188679	0.226415	0.113208
0.00383142	0.0383142	0.0249042	0.166667	0.766284
0.432432	0.0540541	0.297297	0.162162	0.0540541
0.555556	0.037037	0.037037	0.296296	0.0740741
0.555556	0.208333	0.166667	0.0555556	0.0138889
0.666667	0.166667	0.0333333	0.0333333	0.1
0.122195	0.42394	0.0448878	0.366584	0.042394
0.772727	0.0454545	0.0909091	0.0454545	0.0454545
0.0897436	0.371795	0.0128205	0.487179	0.0384615
0.284404	0.376147	0.00917431	0.321101	0.00917431
0.0714286	0.44898	0.0204082	0.377551	0.0816327
0.14	0.3	0.24	0.3	0.02
0.0789474	0.657895	0.0263158	0.184211	0.0526316
0.038961	0.298701	0.246753	0.402597	0.012987
0.2	0.2	0.2	0.2	0.2
0.388889	0.111111	0.333333	0.111111	0.0555556
0.0263158	0.473684	0.0526316	0.368421	0.0789474
0.015873	0.142857	0.026455	0.767196	0.047619
0.025641	0.717949	0.025641	0.205128	0.025641
0.2	0.2	0.2	0.2	0.2
0.181818	0.0909091	0.0454545	0.454545	0.227273
0.156627	0.0843373	0.433735	0.277108	0.0481928
0.0142857	0.0428571	0.0428571	0.7	0.2
0.193548	0.0322581	0.354839	0.387097	0.0322581
0.1	0.25	0.225	0.4	0.025
0.272727	0.272727	0.0909091	0.272727	0.0909091
0.157895	0.105263	0.315789	0.368421	0.0526316
0.333333	0.25	0.0833333	0.25	0.0833333
0.816327	0.0204082	0.0408163	0.0612245	0.0612245
0.105263	0.105263	0.105263	0.526316	0.157895
0.0232558	0.0465116	0.0232558	0.790698	0.116279
0.341463	0.170732	0.219512	0.243902	0.0243902
0.394636	0.091954	0.130268	0.176245	0.206897
0.40625	0.03125	0.15625	0.28125	0.125
0.586667	0.0266667	0.0266667	0.333333	0.0266667
0.592593	0.111111	0.185185	0.0740741	0.037037
0.0941176	0.141176	0.305882	0.388235	0.0705882
0.0909091	0.590909	0.0909091	0.136364	0.0909091
0.285714	0.214286	0.285714	0.142857	0.0714286
0.0612245	0.673469	0.0408163	0.122449	0.102041
0.3	0.05	0.15	0.45	0.05
0.681818	0.0909091	0.0454545	0.136364	0.0454545
0.452381	0.202381	0.047619	0.285714	0.0119048
0.0181818	0.236364	0.0545455	0.545455	0.145455
0.03125	0.21875	0.65625	0.0625	0.03125
0.426573	0.237762	0.0979021	0.0629371	0.174825
0.622951	0.0819672	0.147541	0.131148	0.0163934
0.290323	0.16129	0.225806	0.193548	0.129032
0.52381	0.190476	0.047619	0.190476	0.047619
0.210526	0.0526316	0.368421	0.263158	0.105263
0.2	0.2	0.2	0.2	0.2
0.893939	0.0606061	0.0151515	0.0151515	0.0151515
0.116279	0.186047	0.0465116	0.604651	0.0465116
0.561798	0.0449438	0.0674157	0.303371	0.0224719
0.0634921	0.52381	0.15873	0.222222	0.031746
0.346154	0.0384615	0.538462	0.0384615	0.0384615
0.0490196	0.323529	0.0490196	0.529412	0.0490196
0.590361	0.228916	0.0963855	0.060241	0.0240964
0.615385	0.0769231	0.0769231	0.192308	0.0384615
0.382353	0.0882353	0.176471	0.0588235	0.294118
0.162162	0.432432	0.0810811	0.27027	0.0540541
0.647059	0.0588235	0.0588235	0.117647	0.117647
0.764706	0.0588235	0.0588235	0.0588235	0.0588235
0.529412	0.0588235	0.0588235	0.294118	0.0588235
0.214286	0.0714286	0.0714286	0.5	0.142857
0.773585	0.0943396	0.0566038	0.0377358	0.0377358
0.692308	0.1	0.115385	0.0769231	0.0153846
0.2	0.2	0.2	0.2	0.2
0.53125	0.0625	0.03125	0.28125	0.09375
0.319444	0.0972222	0.222222	0.347222	0.0138889
0.125448	0.129032	0.0322581	0.673835	0.0394265
0.0384615	0.115385	0.0384615	0.692308	0.115385
0.0666667	0.0666667	0.0666667	0.4	0.4
0.0416667	0.166667	0.416667	0.333333	0.0416667
0.1	0.0375	0.025	0.375	0.4625
0.5	0.138889	0.222222	0.111111	0.0277778
0.433333	0.0333333	0.0666667	0.266667	0.2
0.0357143	0.285714	0.0714286	0.535714	0.0714286
0.0307377	0.383197	0.0840164	0.422131	0.079918
0.047619	0.142857	0.047619	0.285714	0.47619
0.181818	0.181818	0.181818	0.363636	0.0909091
0.743421	0.0328947	0.0526316	0.157895	0.0131579
0.0887097	0.290323	0.427419	0.177419	0.016129
0.0157325	0.119961	0.0580138	0.202065	0.604228
0.5	0.0238095	0.0714286	0.333333	0.0714286
0.689655	0.0344828	0.0689655	0.172414	0.0344828
0.6	0.0366667	0.153333	0.173333	0.0366667
0.557377	0.0983607	0.196721	0.131148	0.0163934
0.208333	0.208333	0.333333	0.208333	0.0416667
0.630769	0.138462	0.0153846	0.169231	0.0461538
0.537037	0.0925926	0.0740741	0.277778	0.0185185
0.0412371	0.0206186	0.0309278	0.865979	0.0412371
0.462366	0.0537634	0.0645161	0.376344	0.0430108
0.37037	0.185185	0.185185	0.222222	0.037037
0.0328767	0.145205	0.0383562	0.183562	0.6
0.0540541	0.72973	0.027027	0.135135	0.0540541
0.0114943	0.0229885	0.0229885	0.781609	0.16092
0.027027	0.216216	0.432432	0.27027	0.0540541
0.0652174	0.210145	0.0652174	0.130435	0.528986
0.0909091	0.030303	0.0909091	0.757576	0.030303
0.111111	0.111111	0.111111	0.611111	0.0555556
0.0230769	0.376923	0.0307692	0.553846	0.0153846
0.3	0.166667	0.3	0.2	0.0333333
0.333333	0.0416667	0.416667	0.125	0.0833333
0.316667	0.0666667	0.0166667	0.433333	0.166667
0.030303	0.444444	0.373737	0.131313	0.020202
0.423729	0.0677966	0.20339	0.271186	0.0338983
0.787879	0.0454545	0.0606061	0.0757576	0.030303
0.5	0.0714286	0.142857	0.25	0.0357143
0.470588	0.0588235	0.27451	0.117647	0.0784314
0.0227273	0.636364	0.0227273	0.25	0.0681818
0.444444	0.111111	0.111111	0.222222	0.111111
0.457143	0.2	0.171429	0.142857	0.0285714
0.0539419	0.107884	0.00829876	0.282158	0.547718
0.0250836	0.0585284	0.041806	0.864548	0.0100334
0.222222	0.037037	0.259259	0.37037	0.111111
0.0649351	0.038961	0.012987	0.402597	0.480519
0.428571	0.142857	0.0714286	0.214286	0.142857
0.809524	0.015873	0.047619	0.111111	0.015873
0.512605	0.105042	0.0714286	0.264706	0.0462185
0.0869565	0.0652174	0.0434783	0.73913	0.0652174
0.596491	0.122807	0.0701754	0.192982	0.0175439
0.6	0.0666667	0.0666667	0.0666667	0.2
0.611111	0.0555556	0.0277778	0.277778	0.0277778
0.0428314	0.141569	0.694319	0.109107	0.0121731
0.166667	0.333333	0.166667	0.166667	0.166667
0.0544554	0.207921	0.029703	0.485149	0.222772
0.0909091	0.181818	0.0909091	0.545455	0.0909091
0.130221	0.0565111	0.0724816	0.0540541	0.686732
0.0571429	0.0465608	0.0137566	0.782011	0.100529
0.0357143	0.785714	0.0714286	0.0714286	0.0357143
0.012987	0.025974	0.0649351	0.441558	0.454545
0.0477118	0.260954	0.510224	0.152872	0.0282376
0.666667	0.111111	0.0555556	0.138889	0.0277778
0.444444	0.166667	0.0555556	0.166667	0.166667
0.0357143	0.107143	0.0357143	0.75	0.0714286
0.0666667	0.333333	0.133333	0.266667	0.2
0.56044	0.10989	0.0989011	0.208791	0.021978
0.625	0.09375	0.03125	0.1875	0.0625
0.404762	0.238095	0.214286	0.119048	0.0238095
0.0555556	0.12963	0.0740741	0.703704	0.037037
0.0322581	0.225806	0.0645161	0.451613	0.225806
0.272727	0.318182	0.0757576	0.272727	0.0606061
0.1	0.15	0.05	0.65	0.05
0.0367647	0.132353	0.147059	0.654412	0.0294118
0.619048	0.047619	0.190476	0.0952381	0.047619
0.676471	0.176471	0.0882353	0.0294118	0.0294118
0.448276	0.137931	0.241379	0.103448	0.0689655
0.135135	0.027027	0.324324	0.486486	0.027027
0.173913	0.0869565	0.0869565	0.565217	0.0869565
0.105263	0.105263	0.0526316	0.684211	0.0526316
0.538462	0.0769231	0.0769231	0.153846	0.153846
0.711538	0.0769231	0.0961538	0.0384615	0.0769231
0.2	0.2	0.2	0.2	0.2
0.343284	0.0149254	0.313433	0.313433	0.0149254
0.150943	0.264151	0.301887	0.169811	0.113208
0.4375	0.0625	0.125	0.3125	0.0625
0.131579	0.0789474	0.631579	0.131579	0.0263158
0.0199005	0.104478	0.0547264	0.686567	0.134328
0.483146	0.0674157	0.0898876	0.314607	0.0449438
0.705882	0.0588235	0.0588235	0.117647	0.0588235
0.516667	0.216667	0.0833333	0.15	0.0333333
0.545455	0.0606061	0.030303	0.333333	0.030303
0.0217391	0.217391	0.0434783	0.673913	0.0434783
0.08	0.6	0.06	0.24	0.02
0.242991	0.0934579	0.0186916	0.560748	0.0841121
0.444444	0.148148	0.185185	0.185185	0.037037
0.2	0.2	0.2	0.2	0.2
0.0478469	0.0334928	0.631579	0.239234	0.0478469
0.0652174	0.173913	0.152174	0.565217	0.0434783
0.0526316	0.315789	0.157895	0.421053	0.0526316
0.652174	0.130435	0.0217391	0.173913	0.0217391
0.4	0.3	0.1	0.15	0.05
0.5	0.176471	0.0588235	0.176471	0.0882353
0.0491803	0.590164	0.0163934	0.327869	0.0163934
0.157895	0.210526	0.105263	0.421053	0.105263
0.3125	0.0625	0.0625	0.4375	0.125
0.523077	0.0461538	0.153846	0.184615	0.0923077
0.15	0.05	0.05	0.6	0.15
0.0235849	0.15566	0.0353774	0.403302	0.382075
0.0823529	0.0705882	0.0235294	0.776471	0.0470588
0.694444	0.166667	0.0277778	0.0555556	0.0555556
0.321429	0.214286	0.0357143	0.392857	0.0357143
0.0816327	0.142857	0.653061	0.102041	0.0204082
0.597701	0.091954	0.0574713	0.241379	0.0114943
0.631579	0.0526316	0.0526316	0.0526316	0.210526
0.478261	0.0869565	0.130435	0.217391	0.0869565
0.148148	0.259259	0.185185	0.37037	0.037037
0.344828	0.0344828	0.344828	0.241379	0.0344828
0.222222	0.0740741	0.444444	0.222222	0.037037
0.0166667	0.45	0.0666667	0.416667	0.05
0.0689655	0.655172	0.137931	0.0689655	0.0689655
0.125	0.125	0.375	0.25	0.125
0.025641	0.0897436	0.0128205	0.333333	0.538462
0.409639	0.120482	0.216867	0.240964	0.0120482
0.142857	0.0204082	0.183673	0.55102	0.102041
0.1	0.1	0.1	0.6	0.1
0.576577	0.045045	0.234234	0.135135	0.00900901
0.469388	0.142857	0.0408163	0.326531	0.0204082
0.15	0.05	0.05	0.65	0.1
0.735294	0.176471	0.0294118	0.0294118	0.0294118
0.285714	0.0892857	0.125	0.482143	0.0178571
0.0446927	0.167598	0.653631	0.0782123	0.0558659
0.333333	0.181818	0.242424	0.0606061	0.181818
0.0140845	0.0140845	0.0422535	0.619718	0.309859
0.566667	0.2	0.0666667	0.133333	0.0333333
0.0227273	0.125	0.0227273	0.806818	0.0227273
0.541237	0.0850515	0.118557	0.247423	0.00773196
0.535714	0.107143	0.107143	0.107143	0.142857
0.1	0.1	0.5	0.2	0.1
0.132075	0.471698	0.0188679	0.320755	0.0566038
0.0909091	0.0454545	0.681818	0.0909091	0.0909091
0.0645161	0.0967742	0.0322581	0.580645	0.225806
0.454545	0.0909091	0.0909091	0.272727	0.0909091
0.5	0.363636	0.0113636	0.113636	0.0113636
0.0222222	0.217094	0.0871795	0.0940171	0.579487
0.555556	0.155556	0.155556	0.111111	0.0222222
0.1	0.2	0.1	0.3	0.3
0.05	0.1	0.025	0.775	0.05
0.565217	0.130435	0.0434783	0.217391	0.0434783
0.71831	0.140845	0.0422535	0.084507	0.0140845
0.4	0.133333	0.133333	0.2	0.133333
0.545455	0.181818	0.0909091	0.0909091	0.0909091
0.194444	0.194444	0.111111	0.222222	0.277778
0.581395	0.0930233	0.0232558	0.255814	0.0465116
0.470588	0.352941	0.0588235	0.0588235	0.0588235
0.291667	0.333333	0.0416667	0.291667	0.0416667
0.416667	0.0277778	0.166667	0.37963	0.00925926
0.00478469	0.069378	0.00478469	0.399522	0.521531
0.5	0.125	0.0625	0.25	0.0625
0.0416667	0.0416667	0.708333	0.166667	0.0416667
0.63	0.01	0.3	0.02	0.04
0.666667	0.0277778	0.0277778	0.25	0.0277778
0.133333	0.0222222	0.2	0.622222	0.0222222
0.00917431	0.155963	0.0183486	0.0550459	0.761468
0.106383	0.0851064	0.0425532	0.595745	0.170213
0.0483871	0.66129	0.0645161	0.209677	0.016129
0.428571	0.160714	0.0714286	0.321429	0.0178571
0.142857	0.238095	0.285714	0.285714	0.047619
0.027451	0.207843	0.027451	0.592157	0.145098
0.0121581	0.179331	0.0455927	0.370821	0.392097
0.0133333	0.573333	0.0533333	0.333333	0.0266667
0.333333	0.333333	0.111111	0.111111	0.111111
0.0258621	0.58908	0.0517241	0.298851	0.0344828
0.547619	0.0952381	0.333333	0.0119048	0.0119048
0.00598802	0.101796	0.0239521	0.335329	0.532934
0.0320652	0.252174	0.526087	0.182609	0.00706522
0.422857	0.125714	0.0228571	0.382857	0.0457143
0.105263	0.0789474	0.552632	0.184211	0.0789474
0.0444444	0.422222	0.0222222	0.488889	0.0222222
0.5	0.1	0.2	0.1	0.1
0.196078	0.588235	0.0392157	0.156863	0.0196078
0.2	0.2	0.2	0.2	0.2
0.0405405	0.0135135	0.027027	0.567568	0.351351
0.409091	0.0909091	0.272727	0.181818	0.0454545
0.176471	0.176471	0.0588235	0.470588	0.117647
0.767677	0.10101	0.10101	0.020202	0.010101
0.572222	0.122222	0.0277778	0.266667	0.0111111
0.40678	0.101695	0.237288	0.169492	0.0847458
0.333333	0.25	0.0833333	0.166667	0.166667
0.142857	0.285714	0.285714	0.142857	0.142857
0.522727	0.181818	0.136364	0.113636	0.0454545
0.142857	0.047619	0.142857	0.619048	0.047619
0.142857	0.238095	0.47619	0.0952381	0.047619
0.2	0.2	0.2	0.2	0.2
0.125	0.25	0.125	0.375	0.125
0.0526316	0.0263158	0.0526316	0.5	0.368421
0.54717	0.0754717	0.0188679	0.339623	0.0188679
0.411765	0.0588235	0.0588235	0.352941	0.117647
0.2	0.2	0.2	0.2	0.2
0.6	0.2	0.0666667	0.0666667	0.0666667
0.125	0.125	0.125	0.375	0.25
0.166667	0.0833333	0.138889	0.291667	0.319444
0.16	0.12	0.08	0.32	0.32
0.307692	0.0769231	0.0769231	0.230769	0.307692
0.532374	0.151079	0.00719424	0.280576	0.028777
0.0612245	0.204082	0.0204082	0.44898	0.265306
0.692308	0.0769231	0.107692	0.0769231	0.0461538
0.557377	0.0655738	0.0327869	0.295082	0.0491803
0.0625	0.0625	0.1875	0.5625	0.125
0.2	0.2	0.2	0.2	0.2
0.106061	0.181818	0.0909091	0.606061	0.0151515
0.285714	0.0571429	0.0571429	0.542857	0.0571429
0.190476	0.166667	0.0238095	0.595238	0.0238095
0.037037	0.382716	0.135802	0.283951	0.160494
0.112676	0.43662	0.211268	0.211268	0.028169
0.454545	0.227273	0.136364	0.0909091	0.0909091
0.272727	0.181818	0.0454545	0.409091	0.0909091
0.0163934	0.606557	0.0327869	0.295082	0.0491803
0.611111	0.0277778	0.263889	0.0694444	0.0277778
0.71875	0.125	0.03125	0.03125	0.09375
0.454545	0.0227273	0.0113636	0.5	0.0113636
0.0285714	0.5	0.0142857	0.414286	0.0428571
0.258065	0.0645161	0.483871	0.16129	0.0322581
0.0526316	0.157895	0.0526316	0.473684	0.263158
0.545455	0.181818	0.0909091	0.0909091	0.0909091
0.130435	0.282609	0.0652174	0.413043	0.108696
0.676471	0.117647	0.117647	0.0294118	0.0588235
0.0625	0.5625	0.0625	0.25	0.0625
0.1	0.2	0.3	0.3	0.1
0.44186	0.139535	0.325581	0.0465116	0.0465116
0.2	0.12	0.08	0.52	0.08
0.214286	0.285714	0.0714286	0.357143	0.0714286
0.586207	0.0689655	0.0344828	0.275862	0.0344828
0.552	0.064	0.136	0.224	0.024
0.0625	0.4375	0.0625	0.25	0.1875
0.0540541	0.720721	0.018018	0.171171	0.036036
0.04	0.44	0.12	0.36	0.04
0.333333	0.194444	0.333333	0.111111	0.0277778
0.289855	0.173913	0.101449	0.413043	0.0217391
0.272727	0.0909091	0.181818	0.363636	0.0909091
0.196721	0.147541	0.311475	0.311475	0.0327869
0.264151	0.0943396	0.377358	0.245283	0.0188679
0.0909091	0.181818	0.0909091	0.545455	0.0909091
0.155963	0.229358	0.293578	0.302752	0.0183486
0.333333	0.333333	0.222222	0.0555556	0.0555556
0.125	0.125	0.375	0.25	0.125
0.142857	0.285714	0.285714	0.142857	0.142857
0.2	0.1	0.2	0.4	0.1
0.387755	0.326531	0.0612245	0.163265	0.0612245
0.047619	0.238095	0.047619	0.47619	0.190476
0.0526316	0.473684	0.315789	0.105263	0.0526316
0.333333	0.0208333	0.333333	0.291667	0.0208333
0.52381	0.0952381	0.238095	0.0952381	0.047619
0.1	0.1	0.25	0.5	0.05
0.546667	0.0533333	0.0133333	0.373333	0.0133333
0.678571	0.0357143	0.0357143	0.178571	0.0714286
0.517241	0.218391	0.0229885	0.229885	0.0114943
0.159091	0.113636	0.204545	0.272727	0.25
0.0271739	0.0652174	0.00543478	0.445652	0.456522
0.25	0.375	0.0375	0.2625	0.075
0.210526	0.131579	0.184211	0.289474	0.184211
0.166667	0.0238095	0.690476	0.0952381	0.0238095
0.011655	0.114219	0.04662	0.508159	0.319347
0.105263	0.157895	0.210526	0.315789	0.210526
0.660377	0.0566038	0.207547	0.0188679	0.0566038
0.270833	0.0833333	0.333333	0.25	0.0625
0.200846	0.112051	0.0317125	0.651163	0.00422833
0.04	0.48	0.16	0.28	0.04
0.291667	0.0416667	0.25	0.291667	0.125
0.354839	0.0322581	0.225806	0.225806	0.16129
0.351351	0.0540541	0.189189	0.324324	0.0810811
0.555556	0.111111	0.111111	0.111111	0.111111
0.409091	0.136364	0.0909091	0.227273	0.136364
0.418919	0.162162	0.27027	0.135135	0.0135135
0.648148	0.111111	0.12963	0.0740741	0.037037
0.136364	0.159091	0.0340909	0.431818	0.238636
0.172727	0.181818	0.190909	0.418182	0.0363636
0.607843	0.0980392	0.176471	0.0980392	0.0196078
0.0324324	0.027027	0.00540541	0.264865	0.67027
0.157895	0.157895	0.0657895	0.592105	0.0263158
0.2	0.2	0.2	0.2	0.2
0.0851064	0.453901	0.0070922	0.432624	0.0212766
0.0263158	0.171053	0.0263158	0.407895	0.368421
0.416667	0.166667	0.0833333	0.166667	0.166667
0.0172414	0.0172414	0.0172414	0.5	0.448276
0.0151515	0.136364	0.0151515	0.469697	0.363636
0.125	0.291667	0.0416667	0.486111	0.0555556
0.0153846	0.2	0.0307692	0.523077	0.230769
0.155738	0.311475	0.00819672	0.508197	0.0163934
0.047619	0.571429	0.0952381	0.238095	0.047619
0.411765	0.176471	0.176471	0.176471	0.0588235
0.0394737	0.421053	0.0263158	0.381579	0.131579
0.552632	0.0263158	0.263158	0.105263	0.0526316
0.12	0.04	0.04	0.56	0.24
0.412879	0.17803	0.0227273	0.337121	0.0492424
0.0625	0.71875	0.03125	0.15625	0.03125
0.493151	0.109589	0.219178	0.164384	0.0136986
0.181818	0.363636	0.0909091	0.333333	0.030303
0.46875	0.03125	0.1875	0.28125	0.03125
0.0769231	0.0384615	0.653846	0.153846	0.0769231
0.363636	0.454545	0.030303	0.121212	0.030303
0.015873	0.0952381	0.047619	0.777778	0.0634921
0.153846	0.153846	0.230769	0.307692	0.153846
0.0444444	0.555556	0.111111	0.266667	0.0222222
0.0540541	0.351351	0.0135135	0.567568	0.0135135
0.181818	0.363636	0.272727	0.0909091	0.0909091
0.318182	0.136364	0.227273	0.272727	0.0454545
0.1	0.2	0.1	0.3	0.3
0.55814	0.209302	0.0232558	0.139535	0.0697674
0.176471	0.235294	0.235294	0.294118	0.0588235
0.0724638	0.0724638	0.0724638	0.681159	0.101449
0.0530387	0.0359116	0.873481	0.0320442	0.00552486
0.594595	0.0810811	0.0810811	0.162162	0.0810811
0.0208333	0.708333	0.0208333	0.208333	0.0416667
0.0588235	0.117647	0.0588235	0.705882	0.0588235
0.736842	0.0350877	0.0701754	0.0701754	0.0877193
0.0909091	0.318182	0.0454545	0.477273	0.0681818
0.627451	0.0980392	0.0196078	0.137255	0.117647
0.773333	0.0533333	0.0266667	0.12	0.0266667
0.285714	0.0285714	0.485714	0.171429	0.0285714
0.0214008	0.18677	0.0466926	0.696498	0.0486381
0.0588235	0.0588235	0.117647	0.470588	0.294118
0.25641	0.333333	0.0769231	0.307692	0.025641
0.2	0.2	0.2	0.2	0.2
0.2	0.2	0.2	0.2	0.2
0.0191781	0.389041	0.0520548	0.50137	0.0383562
0.520833	0.114583	0.34375	0.0104167	0.0104167
0.294118	0.176471	0.117647	0.352941	0.0588235
0.00511945	0.00853242	0.914676	0.00682594	0.0648464
0.677419	0.0645161	0.129032	0.0645161	0.0645161
0.8	0.08	0.08	0.0266667	0.0133333
0.0377358	0.0377358	0.528302	0.377358	0.0188679
0.4	0.0666667	0.0666667	0.4	0.0666667
0.540984	0.0327869	0.229508	0.114754	0.0819672
0.125	0.25	0.375	0.125	0.125
0.390244	0.0731707	0.292683	0.0731707	0.170732
0.459459	0.216216	0.0810811	0.189189	0.0540541
0.130435	0.173913	0.0869565	0.478261	0.130435
0.277778	0.111111	0.222222	0.333333	0.0555556
0.5	0.214286	0.107143	0.142857	0.0357143
0.199643	0.475936	0.0481283	0.27451	0.00178253
0.226415	0.169811	0.396226	0.150943	0.0566038
0.416667	0.0416667	0.0208333	0.479167	0.0416667
0.0526316	0.210526	0.0526316	0.631579	0.0526316
0.2	0.2	0.2	0.2	0.2
0.0606061	0.0909091	0.030303	0.575758	0.242424
0.0454545	0.454545	0.0454545	0.409091	0.0454545
0.411765	0.176471	0.0588235	0.235294	0.117647
0.222222	0.111111	0.111111	0.444444	0.111111
0.0333333	0.633333	0.1	0.2	0.0333333
0.197183	0.084507	0.028169	0.309859	0.380282
0.210526	0.0526316	0.263158	0.421053	0.0526316
0.333333	0.0833333	0.166667	0.333333	0.0833333
0.0153846	0.430769	0.0615385	0.461538	0.0307692
0.0115681	0.111825	0.0411311	0.287918	0.547558
0.0917431	0.284404	0.422018	0.174312	0.0275229
0.366197	0.112676	0.0985915	0.408451	0.0140845
0.5	0.05	0.25	0.15	0.05
0.82716	0.037037	0.0987654	0.0123457	0.0246914
0.387097	0.177419	0.322581	0.0967742	0.016129
0.037037	0.111111	0.444444	0.395062	0.0123457
0.162791	0.0465116	0.255814	0.465116	0.0697674
0.00925926	0.12037	0.0277778	0.462963	0.37963
0.6	0.311111	0.0222222	0.0444444	0.0222222
0.333333	0.166667	0.166667	0.166667	0.166667
0.5	0.0833333	0.0833333	0.291667	0.0416667
0.368421	0.263158	0.105263	0.210526	0.0526316
0.101266	0.14557	0.5	0.234177	0.0189873
0.2	0.2	0.2	0.2	0.2
0.2	0.2	0.2	0.2	0.2
0.0454545	0.0454545	0.545455	0.318182	0.0454545
0.490196	0.0784314	0.156863	0.215686	0.0588235
0.030782	0.155574	0.0366057	0.219634	0.557404
0.363636	0.0909091	0.0909091	0.363636	0.0909091
0.684211	0.105263	0.0526316	0.105263	0.0526316
0.433333	0.0333333	0.166667	0.2	0.166667
0.565217	0.0869565	0.217391	0.0869565	0.0434783
0.461538	0.0288462	0.0865385	0.144231	0.278846
0.2	0.2	0.2	0.2	0.2
0.611111	0.0833333	0.138889	0.0277778	0.138889
0.477273	0.143939	0.0227273	0.340909	0.0151515
0.0909091	0.030303	0.106061	0.742424	0.030303
0.588235	0.0392157	0.117647	0.196078	0.0588235
0.1	0.1	0.05	0.65	0.1
0.0408163	0.816327	0.0204082	0.0816327	0.0408163
0.0333333	0.433333	0.0333333	0.45	0.05
0.0465116	0.0697674	0.348837	0.511628	0.0232558
0.125	0.25	0.125	0.375	0.125
0.333333	0.166667	0.277778	0.166667	0.0555556
0.166667	0.166667	0.222222	0.388889	0.0555556
0.232558	0.255814	0.27907	0.209302	0.0232558
0.0628931	0.0566038	0.00628931	0.855346	0.0188679
0.111111	0.111111	0.0555556	0.666667	0.0555556
0.285714	0.142857	0.142857	0.285714	0.142857
0.392857	0.0714286	0.178571	0.142857	0.214286
0.12	0.04	0.48	0.32	0.04
0.0110701	0.166052	0.0553506	0.276753	0.490775
0.649123	0.0526316	0.0175439	0.245614	0.0350877
0.0434783	0.130435	0.0434783	0.434783	0.347826
0.12963	0.12963	0.5	0.185185	0.0555556
0.277778	0.166667	0.0555556	0.333333	0.166667
0.0204082	0.510204	0.183673	0.163265	0.122449
0.769231	0.0512821	0.0128205	0.128205	0.0384615
0.0277778	0.277778	0.25	0.388889	0.0555556
0.2	0.2	0.2	0.2	0.2
0.2	0.2	0.2	0.2	0.2
0.225806	0.193548	0.16129	0.387097	0.0322581
0.285714	0.142857	0.142857	0.285714	0.142857
0.333333	0.133333	0.433333	0.0666667	0.0333333
0.00546448	0.289617	0.0819672	0.149362	0.473588
0.235294	0.294118	0.0588235	0.352941	0.0588235
0.0960452	0.525424	0.0112994	0.361582	0.00564972
0.5	0.0714286	0.166667	0.119048	0.142857
0.186992	0.0406504	0.577236	0.162602	0.0325203
0.5	0.0535714	0.160714	0.267857	0.0178571
0.324324	0.0540541	0.108108	0.486486	0.027027
0.148515	0.247525	0.039604	0.534653	0.029703
0.117647	0.0588235	0.235294	0.470588	0.117647
0.0635359	0.18232	0.370166	0.232044	0.151934
0.133333	0.233333	0.0666667	0.333333	0.233333
0.111111	0.277778	0.333333	0.166667	0.111111
0.047619	0.238095	0.238095	0.357143	0.119048
0.0357143	0.714286	0.0714286	0.107143	0.0714286
0.736111	0.0277778	0.0833333	0.0972222	0.0555556
0.2	0.2	0.2	0.2	0.2
0.2	0.2	0.2	0.2	0.2
0.186667	0.04	0.386667	0.373333	0.0133333
0.430894	0.260163	0.0243902	0.252033	0.0325203
0.333333	0.166667	0.166667	0.166667	0.166667
0.05	0.15	0.2	0.5	0.1
0.543478	0.0869565	0.0326087	0.304348	0.0326087
0.0285714	0.257143	0.1	0.6	0.0142857
0.105769	0.144231	0.134615	0.144231	0.471154
0.360947	0.224852	0.100592	0.284024	0.0295858
0.642857	0.0952381	0.0238095	0.190476	0.047619
0.28	0.08	0.24	0.36	0.04
0.872727	0.0181818	0.0545455	0.0181818	0.0363636
0.142857	0.142857	0.142857	0.142857	0.428571
0.111111	0.185185	0.037037	0.62963	0.037037
0.101695	0.152542	0.338983	0.338983	0.0677966
0.377049	0.0327869	0.295082	0.245902	0.0491803
0.0192308	0.25	0.115385	0.115385	0.5
0.142857	0.047619	0.0714286	0.690476	0.047619
0.230769	0.0769231	0.0769231	0.538462	0.0769231
0.261538	0.123077	0.292308	0.230769	0.0923077
0.1875	0.25	0.375	0.125	0.0625
0.0898876	0.258427	0.258427	0.370787	0.0224719
0.444444	0.111111	0.111111	0.111111	0.222222
0.0833333	0.0833333	0.0416667	0.333333	0.458333
0.166667	0.166667	0.333333	0.166667	0.166667
0.606557	0.0491803	0.245902	0.0163934	0.0819672
0.0965147	0.163539	0.589812	0.136729	0.0134048
0.133333	0.266667	0.333333	0.2	0.0666667
0.2	0.2	0.2	0.2	0.2
0.487179	0.128205	0.230769	0.128205	0.025641
0.0869565	0.347826	0.217391	0.217391	0.130435
0.532258	0.0483871	0.241935	0.145161	0.0322581
0.0860215	0.0107527	0.0107527	0.301075	0.591398
0.162162	0.212838	0.297297	0.320946	0.00675676
0.521739	0.0434783	0.0434783	0.304348	0.0869565
0.45098	0.137255	0.137255	0.235294	0.0392157
0.6	0.0666667	0.133333	0.133333	0.0666667
0.0181818	0.272727	0.0727273	0.509091	0.127273
0.0174419	0.453488	0.0581395	0.465116	0.00581395
0.541667	0.0416667	0.0416667	0.333333	0.0416667
0.393258	0.292135	0.0224719	0.280899	0.011236
0.831579	0.0245614	0.0947368	0.0315789	0.0175439
0.405405	0.108108	0.0810811	0.324324	0.0810811
0.563636	0.0363636	0.2	0.181818	0.0181818
0.0943396	0.132075	0.150943	0.396226	0.226415
0.222222	0.111111	0.222222	0.222222	0.222222
0.0253165	0.0696203	0.0601266	0.240506	0.60443
0.0293902	0.0352682	0.828802	0.1036	0.00293902
0.0909091	0.0454545	0.0909091	0.272727	0.5
0.0285714	0.228571	0.114286	0.6	0.0285714
0.0833333	0.509259	0.0185185	0.37037	0.0185185
0.714286	0.047619	0.0952381	0.047619	0.0952381
0.481481	0.037037	0.222222	0.222222	0.037037
0.571429	0.0952381	0.238095	0.047619	0.047619
0.34375	0.09375	0.25	0.21875	0.09375
0.0769231	0.115385	0.576923	0.115385	0.115385
0.2	0.2	0.2	0.2	0.2
0.0384615	0.0384615	0.0769231	0.730769	0.115385
0.0909091	0.363636	0.181818	0.181818	0.181818
0.0106383	0.0531915	0.0106383	0.191489	0.734043
0.119565	0.369565	0.456522	0.0434783	0.0108696
0.230769	0.153846	0.230769	0.307692	0.0769231
0.53125	0.203125	0.046875	0.203125	0.015625
0.0980392	0.0392157	0.0196078	0.27451	0.568627
0.307692	0.384615	0.0769231	0.153846	0.0769231
0.388889	0.138889	0.388889	0.0555556	0.0277778
0.0298507	0.358209	0.00995025	0.507463	0.0945274
0.2	0.0666667	0.466667	0.2	0.0666667
0.235294	0.264706	0.0882353	0.382353	0.0294118
0.190476	0.285714	0.047619	0.238095	0.238095
0.0227273	0.272727	0.159091	0.227273	0.318182
0.0540541	0.0810811	0.027027	0.810811	0.027027
0.1	0.3	0.2	0.3	0.1
0.564103	0.025641	0.025641	0.282051	0.102564
0.208333	0.125	0.291667	0.0833333	0.291667
0.235294	0.235294	0.0588235	0.235294	0.235294
0.171429	0.314286	0.0857143	0.4	0.0285714
0.0491803	0.0491803	0.0491803	0.819672	0.0327869
0.04	0.12	0.12	0.68	0.04
0.533333	0.0333333	0.0333333	0.366667	0.0333333
0.0714286	0.285714	0.0714286	0.5	0.0714286
0.142857	0.047619	0.0952381	0.285714	0.428571
0.111111	0.222222	0.111111	0.444444	0.111111
0.5	0.0714286	0.107143	0.25	0.0714286
0.0983607	0.196721	0.0819672	0.360656	0.262295
0.375	0.125	0.125	0.125	0.25
0.166667	0.166667	0.166667	0.333333	0.166667
0.754386	0.0350877	0.0350877	0.157895	0.0175439
0.0517241	0.103448	0.396552	0.431034	0.0172414
0.608696	0.0869565	0.0434783	0.173913	0.0869565
0.5	0.0833333	0.166667	0.0833333	0.166667
0.0204082	0.428571	0.0204082	0.510204	0.0204082
0.761364	0.0625	0.0454545	0.119318	0.0113636
0.158537	0.0853659	0.109756	0.597561	0.0487805
0.0833333	0.291667	0.0833333	0.5	0.0416667
0.16	0.04	0.2	0.52	0.08
0.307692	0.0769231	0.0769231	0.0769231	0.461538
0.125	0.375	0.125	0.125	0.25
0.761905	0.0714286	0.047619	0.0952381	0.0238095
0.00724638	0.101449	0.0289855	0.811594	0.0507246
0.0238095	0.285714	0.0952381	0.571429	0.0238095
0.0714286	0.0714286	0.357143	0.428571	0.0714286
0.2	0.4	0.1	0.2	0.1
0.438596	0.0175439	0.45614	0.0701754	0.0175439
0.153285	0.649635	0.080292	0.0729927	0.0437956
0.05	0.1	0.05	0.65	0.15
0.0238095	0.166667	0.214286	0.52381	0.0714286
0.0625	0.0625	0.1875	0.375	0.3125
0.0740741	0.111111	0.0740741	0.444444	0.296296
0.285714	0.0714286	0.285714	0.214286	0.142857
0.424	0.256	0.024	0.248	0.048
0.125	0.0625	0.15625	0.5625	0.09375
0.45	0.1	0.25	0.05	0.15
0.0833333	0.125	0.416667	0.333333	0.0416667
0.230769	0.0384615	0.461538	0.153846	0.115385
0.581395	0.0930233	0.0697674	0.244186	0.0116279
0.210526	0.0526316	0.0526316	0.578947	0.105263
0.4	0.1	0.2	0.2	0.1
0.416667	0.0208333	0.291667	0.229167	0.0416667
0.0434783	0.565217	0.0434783	0.217391	0.130435
0.272727	0.181818	0.409091	0.0909091	0.0454545
0.47619	0.142857	0.190476	0.142857	0.047619
0.153846	0.230769	0.0769231	0.461538	0.0769231
0.0952381	0.214286	0.0714286	0.571429	0.047619
0.2	0.2	0.2	0.2	0.2
0.411765	0.205882	0.147059	0.205882	0.0294118
0.0121951	0.414634	0.109756	0.402439	0.0609756
0.222222	0.0555556	0.111111	0.555556	0.0555556
0.0882353	0.617647	0.0294118	0.235294	0.0294118
0.1	0.2	0.5	0.1	0.1
0.473684	0.0526316	0.105263	0.263158	0.105263
0.08	0.266667	0.00666667	0.573333	0.0733333
0.0857143	0.171429	0.171429	0.4	0.171429
0.294118	0.235294	0.0294118	0.411765	0.0294118
0.230769	0.184615	0.0153846	0.307692	0.261538
0.375	0.0625	0.40625	0.125	0.03125
0.181818	0.0909091	0.0909091	0.545455	0.0909091
0.684211	0.0526316	0.105263	0.105263	0.0526316
0.446602	0.11165	0.0145631	0.42233	0.00485437
0.0041841	0.0083682	0.0251046	0.0083682	0.953975
0.655172	0.0689655	0.103448	0.137931	0.0344828
0.1875	0.125	0.4375	0.1875	0.0625
0.5	0.09375	0.09375	0.28125	0.03125
0.291391	0.182119	0.261589	0.241722	0.0231788
0.294118	0.176471	0.0588235	0.294118	0.176471
0.125	0.125	0.125	0.5	0.125
0.0454545	0.227273	0.5	0.181818	0.0454545
0.0833333	0.166667	0.0833333	0.583333	0.0833333
0.208333	0.125	0.0416667	0.583333	0.0416667
0.190476	0.047619	0.52381	0.047619	0.190476
0.5	0.0384615	0.230769	0.192308	0.0384615
0.547619	0.119048	0.214286	0.0952381	0.0238095
0.533333	0.0666667	0.0888889	0.288889	0.0222222
0.0136986	0.479452	0.0273973	0.452055	0.0273973
0.564103	0.0512821	0.153846	0.205128	0.025641
0.117647	0.0882353	0.441176	0.323529	0.0294118
0.127273	0.2	0.0545455	0.472727	0.145455
0.125	0.15625	0.15625	0.5	0.0625
0.136364	0.409091	0.136364	0.227273	0.0909091
0.04	0.06	0.02	0.7	0.18
0.125	0.25	0.0625	0.125	0.4375
0.545455	0.121212	0.0606061	0.121212	0.151515
0.00574713	0.066092	0.0545977	0.744253	0.12931
0.595745	0.12766	0.12766	0.106383	0.0425532
0.176471	0.441176	0.0294118	0.235294	0.117647
0.388889	0.111111	0.206349	0.285714	0.00793651
0.444444	0.111111	0.111111	0.222222	0.111111
0.340909	0.431818	0.0909091	0.113636	0.0227273
0.03125	0.09375	0.65625	0.1875	0.03125
0.25	0.4	0.2	0.05	0.1
0.533333	0.116667	0.0666667	0.266667	0.0166667
0.0833333	0.0277778	0.0555556	0.416667	0.416667
0.0461538	0.0615385	0.861538	0.0153846	0.0153846
0.0384615	0.153846	0.115385	0.615385	0.0769231
0.0740741	0.0740741	0.037037	0.703704	0.111111
0.0961538	0.288462	0.403846	0.134615	0.0769231
0.235294	0.0588235	0.0588235	0.529412	0.117647
0.111111	0.166667	0.111111	0.5	0.111111
0.384615	0.0153846	0.230769	0.353846	0.0153846
0.0628931	0.106918	0.0314465	0.0943396	0.704403
0.642857	0.0519481	0.038961	0.246753	0.0194805
0.0454545	0.590909	0.0454545	0.272727	0.0454545
0.0446043	0.256115	0.0661871	0.558273	0.0748201
0.0752688	0.204301	0.0107527	0.623656	0.0860215
0.435216	0.17608	0.00996678	0.368771	0.00996678
0.00508906	0.170483	0.0127226	0.417303	0.394402
0.0359106	0.820081	0.0923415	0.0245511	0.0271162
0.142857	0.0571429	0.0857143	0.542857	0.171429
0.142857	0.47619	0.0952381	0.190476	0.0952381
0.589744	0.128205	0.102564	0.153846	0.025641
0.102273	0.0795455	0.676136	0.119318	0.0227273
0.568627	0.0588235	0.0588235	0.27451	0.0392157
0.416667	0.104167	0.0625	0.395833	0.0208333
0.133333	0.0666667	0.266667	0.466667	0.0666667
0.444444	0.111111	0.111111	0.111111	0.222222
0.212121	0.151515	0.0606061	0.30303	0.272727
0.5	0.222222	0.0555556	0.166667	0.0555556
0.24	0.04	0.04	0.6	0.08
0.0416667	0.125	0.0208333	0.541667	0.270833
0.0666667	0.133333	0.0333333	0.7	0.0666667
0.460317	0.031746	0.111111	0.174603	0.222222
0.148649	0.405405	0.0135135	0.418919	0.0135135
0.027027	0.864865	0.0135135	0.0810811	0.0135135
0.186441	0.0677966	0.0169492	0.661017	0.0677966
0.0117925	0.110849	0.0448113	0.205189	0.627358
0.0952381	0.190476	0.047619	0.619048	0.047619
0.799076	0.0461894	0.00230947	0.113164	0.039261
0.421053	0.105263	0.263158	0.0526316	0.157895
0.1	0.1	0.2	0.3	0.3
0.703704	0.0740741	0.111111	0.0740741	0.037037
0.0606061	0.277778	0.020202	0.636364	0.00505051
0.153846	0.0512821	0.025641	0.74359	0.025641
0.1	0.2	0.1	0.3	0.3
0.492958	0.15493	0.197183	0.140845	0.0140845
0.681818	0.0454545	0.0454545	0.204545	0.0227273
0.64	0.0577778	0.168889	0.128889	0.00444444
0.354839	0.0322581	0.0967742	0.483871	0.0322581
0.28	0.306667	0.16	0.186667	0.0666667
0.0416667	0.0416667	0.166667	0.666667	0.0833333
0.64	0.12	0.04	0.16	0.04
0.037037	0.0740741	0.037037	0.518519	0.333333
0.413043	0.0217391	0.391304	0.152174	0.0217391
0.111111	0.0833333	0.0833333	0.611111	0.111111
0.254902	0.0784314	0.0784314	0.54902	0.0392157
0.176471	0.176471	0.117647	0.411765	0.117647
0.446154	0.0769231	0.0307692	0.430769	0.0153846
0.758621	0.137931	0.0344828	0.0344828	0.0344828
0.0645161	0.129032	0.16129	0.580645	0.0645161
0.142857	0.214286	0.214286	0.357143	0.0714286
0.015528	0.00310559	0.0217391	0.947205	0.0124224
0.0217391	0.391304	0.130435	0.369565	0.0869565
0.333333	0.222222	0.166667	0.111111	0.166667
0.0769231	0.169231	0.025641	0.6	0.128205
0.116667	0.35	0.0166667	0.433333	0.0833333
0.53012	0.216867	0.0240964	0.204819	0.0240964
0.578947	0.105263	0.0526316	0.157895	0.105263
0.339623	0.0566038	0.396226	0.150943	0.0566038
0.586957	0.217391	0.0217391	0.152174	0.0217391
0.125	0.125	0.375	0.25	0.125
0.0434783	0.130435	0.0434783	0.695652	0.0869565
0.0540541	0.324324	0.351351	0.243243	0.027027
0.681818	0.0909091	0.0454545	0.0909091	0.0909091
0.25	0.166667	0.416667	0.0833333	0.0833333
0.307692	0.0769231	0.0769231	0.461538	0.0769231
0.391304	0.289855	0.057971	0.217391	0.0434783
0.0746269	0.238806	0.0298507	0.223881	0.432836
0.423077	0.0769231	0.153846	0.153846	0.192308
0.470588	0.117647	0.0588235	0.294118	0.0588235
0.761905	0.047619	0.047619	0.0952381	0.047619
0.576271	0.0677966	0.254237	0.0677966	0.0338983
0.262673	0.24424	0.133641	0.354839	0.00460829
0.0540541	0.216216	0.189189	0.459459	0.0810811
0.75	0.05	0.05	0.1	0.05
0.380952	0.142857	0.380952	0.047619	0.047619
0.647059	0.0196078	0.0980392	0.215686	0.0196078
0.28125	0.15625	0.03125	0.4375	0.09375
0.0182927	0.0945122	0.0365854	0.679878	0.170732
0.380952	0.047619	0.380952	0.142857	0.047619
0.135417	0.260417	0.0520833	0.510417	0.0416667
0.551724	0.137931	0.137931	0.137931	0.0344828
0.762238	0.0839161	0.034965	0.0979021	0.020979
0.285714	0.0952381	0.047619	0.142857	0.428571
0.133333	0.533333	0.0666667	0.222222	0.0444444
0.0714286	0.0119048	0.678571	0.214286	0.0238095
0.173913	0.0434783	0.108696	0.630435	0.0434783
0.45098	0.137255	0.0784314	0.313725	0.0196078
0.0980392	0.117647	0.333333	0.431373	0.0196078
0.508929	0.0803571	0.0267857	0.330357	0.0535714
0.264151	0.301887	0.0377358	0.339623	0.0566038
0.117647	0.0588235	0.441176	0.323529	0.0588235
0.571429	0.0714286	0.214286	0.0714286	0.0714286
0.05	0.1	0.0166667	0.733333	0.1
0.0727273	0.145455	0.4	0.327273	0.0545455
0.555556	0.0740741	0.148148	0.185185	0.037037
0.144928	0.376812	0.0144928	0.449275	0.0144928
0.333333	0.166667	0.166667	0.166667	0.166667
0.0882353	0.0294118	0.0294118	0.705882	0.147059
0.388889	0.111111	0.166667	0.277778	0.0555556
0.142857	0.285714	0.142857	0.285714	0.142857
0.0512821	0.461538	0.128205	0.128205	0.230769
0.392857	0.214286	0.142857	0.214286	0.0357143
0.782609	0.0434783	0.0434783	0.0869565	0.0434783
0.542373	0.152542	0.220339	0.0677966	0.0169492
0.0222222	0.211111	0.0333333	0.544444	0.188889
0.015873	0.0634921	0.031746	0.793651	0.0952381
0.114754	0.47541	0.0327869	0.327869	0.0491803
0.289474	0.0789474	0.473684	0.131579	0.0263158
0.481481	0.185185	0.0740741	0.111111	0.148148
0.513761	0.119266	0.00917431	0.311927	0.0458716
0.0578947	0.221053	0.0473684	0.642105	0.0315789
0.666667	0.0493827	0.0493827	0.222222	0.0123457
0.0588235	0.0588235	0.0588235	0.705882	0.117647
0.366667	0.133333	0.366667	0.1	0.0333333
0.352941	0.0588235	0.117647	0.352941	0.117647
0.295455	0.0909091	0.113636	0.477273	0.0227273
0.125	0.125	0.125	0.4375	0.1875
0.285714	0.142857	0.0952381	0.428571	0.047619
0.375839	0.134228	0.0738255	0.409396	0.00671141
0.166667	0.166667	0.416667	0.0833333	0.166667
0.0483871	0.177419	0.016129	0.516129	0.241935
0.136364	0.0606061	0.575758	0.212121	0.0151515
0.122449	0.0204082	0.408163	0.408163	0.0408163
0.15	0.05	0.3	0.475	0.025
0.0525232	0.0669413	0.0226571	0.84552	0.0123584
0.181818	0.0909091	0.0909091	0.545455	0.0909091
0.0434783	0.0869565	0.0652174	0.543478	0.26087
0.421488	0.0826446	0.280992	0.140496	0.0743802
0.0178571	0.121429	0.0125	0.217857	0.630357
0.25	0.0833333	0.333333	0.25	0.0833333
0.114286	0.228571	0.257143	0.342857	0.0571429
0.17931	0.124138	0.468966	0.17931	0.0482759
0.111111	0.0555556	0.444444	0.333333	0.0555556
0.5	0.227273	0.0454545	0.181818	0.0454545
0.145161	0.564516	0.0806452	0.193548	0.016129
0.409091	0.181818	0.0909091	0.272727	0.0454545
0.181818	0.136364	0.5	0.136364	0.0454545
0.6125	0.125	0.09375	0.1625	0.00625
0.568807	0.16055	0.0366972	0.229358	0.00458716
0.0368098	0.0981595	0.0306748	0.214724	0.619632
0.486486	0.108108	0.216216	0.0540541	0.135135
0.551724	0.0689655	0.0344828	0.137931	0.206897
0.027933	0.301676	0.0726257	0.234637	0.363128
0.530612	0.0612245	0.0204082	0.346939	0.0408163
0.00884956	0.19469	0.0265487	0.681416	0.0884956
0.625	0.03125	0.1875	0.03125	0.125
0.037037	0.518519	0.037037	0.37037	0.037037
0.0485437	0.0776699	0.0582524	0.203883	0.61165
0.0266667	0.0533333	0.0133333	0.826667	0.08
0.428571	0.0714286	0.0714286	0.142857	0.285714
0.0857143	0.257143	0.0285714	0.542857	0.0857143
0.181818	0.272727	0.227273	0.227273	0.0909091
0.2	0.12	0.12	0.52	0.04
0.0714286	0.0714286	0.0714286	0.714286	0.0714286
0.557823	0.047619	0.0340136	0.326531	0.0340136
0.125	0.520833	0.145833	0.1875	0.0208333
0.138889	0.277778	0.277778	0.277778	0.0277778
0.04	0.28	0.04	0.36	0.28
0.5	0.291667	0.0416667	0.125	0.0416667
0.194444	0.305556	0.0555556	0.416667	0.0277778
0.714286	0.0714286	0.0714286	0.0714286	0.0714286
0.175439	0.0438596	0.684211	0.0877193	0.00877193
0.466667	0.0666667	0.133333	0.266667	0.0666667
0.259259	0.0555556	0.462963	0.12963	0.0925926
0.011976	0.491018	0.0479042	0.431138	0.0179641
0.0232558	0.139535	0.0310078	0.79845	0.00775194
0.382716	0.0987654	0.246914	0.246914	0.0246914
0.0166667	0.0666667	0.0333333	0.833333	0.05
0.139892	0.0416987	0.760569	0.0486164	0.00922367
0.183673	0.0816327	0.183673	0.530612	0.0204082
0.342857	0.228571	0.0857143	0.285714	0.0571429
0.018018	0.225225	0.045045	0.621622	0.0900901
0.0898876	0.376404	0.0505618	0.449438	0.0337079
0.114537	0.264317	0.39207	0.193833	0.0352423
0.671053	0.236842	0.0131579	0.0394737	0.0394737
0.533333	0.161905	0.0666667	0.190476	0.047619
0.0891089	0.277228	0.158416	0.425743	0.049505
0.0714286	0.214286	0.214286	0.428571	0.0714286
0.486486	0.0810811	0.0810811	0.324324	0.027027
0.2	0.2	0.2	0.2	0.2
0.948864	0.00852273	0.0170455	0.00284091	0.0227273
0.602564	0.0512821	0.0769231	0.230769	0.0384615
0.579399	0.00858369	0.291845	0.111588	0.00858369
0.478261	0.26087	0.0434783	0.173913	0.0434783
0.684211	0.0526316	0.192982	0.0526316	0.0175439
0.0925267	0.0533808	0.274021	0.565836	0.0142349
0.196429	0.303571	0.0892857	0.339286	0.0714286
0.045977	0.0574713	0.0574713	0.252874	0.586207
0.345679	0.160494	0.308642	0.123457	0.0617284
0.2	0.2	0.2	0.2	0.2
0.363636	0.212121	0.030303	0.363636	0.030303
0.135647	0.126183	0.555205	0.167192	0.0157729
0.160494	0.530864	0.0246914	0.271605	0.0123457
0.162162	0.324324	0.162162	0.27027	0.0810811
0.583333	0.0833333	0.194444	0.0277778	0.111111
0.5125	0.075	0.025	0.375	0.0125
0.714286	0.047619	0.0952381	0.047619	0.0952381
0.4	0.1	0.2	0.1	0.2
0.5	0.111111	0.277778	0.0555556	0.0555556
0.027027	0.324324	0.0540541	0.567568	0.027027
0.025641	0.615385	0.128205	0.205128	0.025641
0.123596	0.0842697	0.0224719	0.657303	0.11236
0.015528	0.10352	0.838509	0.0383023	0.00414079
0.734597	0.014218	0.0473934	0.189573	0.014218
0.666667	0.125	0.0833333	0.0833333	0.0416667
0.514019	0.11215	0.121495	0.17757	0.0747664
0.333333	0.133333	0.2	0.2	0.133333
0.310345	0.0344828	0.0344828	0.586207	0.0344828
0.285714	0.047619	0.238095	0.285714	0.142857
0.0416667	0.125	0.0416667	0.75	0.0416667
0.0493827	0.45679	0.111111	0.37037	0.0123457
0.0344828	0.172414	0.172414	0.241379	0.37931
0.181818	0.0909091	0.181818	0.454545	0.0909091
0.75	0.0277778	0.166667	0.0277778	0.0277778
0.514286	0.114286	0.0571429	0.257143	0.0571429
0.142857	0.0357143	0.0357143	0.25	0.535714
0.109091	0.145455	0.581818	0.127273	0.0363636
0.458333	0.125	0.0416667	0.333333	0.0416667
0.619048	0.0714286	0.00793651	0.277778	0.0238095
0.0512821	0.525641	0.333333	0.0769231	0.0128205
0.164835	0.010989	0.56044	0.21978	0.043956
0.162162	0.018018	0.54955	0.234234	0.036036
0.329268	0.207317	0.353659	0.0731707	0.0365854
0.0277778	0.0138889	0.0972222	0.375	0.486111
0.0634921	0.238095	0.349206	0.222222	0.126984
0.0394477	0.0769231	0.747535	0.122288	0.0138067
0.0555556	0.111111	0.0555556	0.166667	0.611111
0.0547945	0.109589	0.0410959	0.60274	0.191781
0.823529	0.0294118	0.0882353	0.0294118	0.0294118
0.202381	0.047619	0.511905	0.214286	0.0238095
0.538462	0.153846	0.0769231	0.153846	0.0769231
0.0483871	0.0967742	0.322581	0.516129	0.016129
0.272727	0.272727	0.0909091	0.272727	0.0909091
0.725	0.025	0.175	0.05	0.025
0.2	0.2	0.2	0.2	0.2
0.141176	0.541176	0.0235294	0.258824	0.0352941
0.166667	0.125	0.125	0.166667	0.416667
0.106383	0.212766	0.0638298	0.595745	0.0212766
0.678571	0.0357143	0.0357143	0.214286	0.0357143
0.0384615	0.0769231	0.134615	0.288462	0.461538
0.166667	0.166667	0.166667	0.333333	0.166667
0.0447761	0.492537	0.0447761	0.328358	0.0895522
0.322581	0.225806	0.129032	0.129032	0.193548
0.192308	0.115385	0.0192308	0.653846	0.0192308
0.163934	0.0819672	0.0163934	0.704918	0.0327869
0.44	0.04	0.24	0.16	0.12
0.113636	0.136364	0.0681818	0.590909	0.0909091
0.0338983	0.0169492	0.0338983	0.508475	0.40678
0.0769231	0.288462	0.0192308	0.307692	0.307692
0.3125	0.104167	0.0208333	0.541667	0.0208333
0.647059	0.0588235	0.117647	0.147059	0.0294118
0.666667	0.0666667	0.133333	0.111111	0.0222222
0.714286	0.0714286	0.0714286	0.0714286	0.0714286
0.0363636	0.163636	0.0181818	0.745455	0.0363636
0.119048	0.047619	0.119048	0.595238	0.119048
0.2	0.2	0.2	0.2	0.2
0.103448	0.155172	0.551724	0.137931	0.0517241
0.549296	0.028169	0.15493	0.253521	0.0140845
0.596491	0.122807	0.0350877	0.22807	0.0175439
0.0243902	0.0162602	0.00813008	0.544715	0.406504
0.0192308	0.0384615	0.115385	0.807692	0.0192308
0.352941	0.0588235	0.176471	0.294118	0.117647
0.610526	0.0421053	0.110526	0.210526	0.0263158
0.314286	0.0857143	0.0571429	0.485714	0.0571429
0.310345	0.0344828	0.0689655	0.551724	0.0344828
0.00568182	0.119318	0.0227273	0.715909	0.136364
0.41791	0.119403	0.313433	0.104478	0.0447761
0.2	0.133333	0.2	0.333333	0.133333
0.608696	0.0434783	0.130435	0.173913	0.0434783
0.0945455	0.04	0.0109091	0.385455	0.469091
0.00900901	0.27027	0.0630631	0.558559	0.0990991
0.0970874	0.0679612	0.441748	0.373786	0.0194175
0.727273	0.0909091	0.0454545	0.0454545	0.0909091
0.2	0.2	0.2	0.2	0.2
0.0862069	0.431034	0.189655	0.275862	0.0172414
0.0869565	0.478261	0.0217391	0.398551	0.0144928
0.631579	0.131579	0.0526316	0.131579	0.0526316
0.0481928	0.277108	0.108434	0.337349	0.228916
0.0289855	0.188406	0.0434783	0.710145	0.0289855
0.0882353	0.117647	0.117647	0.647059	0.0294118
0.264836	0.0851136	0.211936	0.418447	0.0196677
0.555556	0.0277778	0.0277778	0.361111	0.0277778
0.00578035	0.0982659	0.00578035	0.150289	0.739884
0.638889	0.0555556	0.0277778	0.194444	0.0833333
0.37037	0.296296	0.0740741	0.185185	0.0740741
0.241935	0.0483871	0.290323	0.403226	0.016129
0.145833	0.28125	0.28125	0.270833	0.0208333
0.411765	0.147059	0.264706	0.147059	0.0294118
0.025	0.05	0.025	0.85	0.05
0.3	0.05	0.1	0.5	0.05
0.233333	0.3	0.133333	0.3	0.0333333
0.0475276	0.06241	0.831493	0.0388862	0.0196831
0.219512	0.170732	0.317073	0.268293	0.0243902
0.0559211	0.0394737	0.0493421	0.815789	0.0394737
0.583333	0.166667	0.0833333	0.0833333	0.0833333
0.333333	0.166667	0.333333	0.138889	0.0277778
0.0666667	0.266667	0.266667	0.266667	0.133333
0.151515	0.245791	0.161616	0.377104	0.0639731
0.553846	0.276923	0.0307692	0.0923077	0.0461538
0.5	0.0833333	0.0833333	0.166667	0.166667
0.181818	0.272727	0.0909091	0.424242	0.030303
0.019084	0.0725191	0.00763359	0.374046	0.526718
0.0657895	0.539474	0.0131579	0.289474	0.0921053
0.177778	0.244444	0.0222222	0.533333	0.0222222
0.787879	0.020202	0.0606061	0.116162	0.0151515
0.444444	0.111111	0.111111	0.222222	0.111111
0.0322581	0.16129	0.016129	0.290323	0.5
0.333333	0.0666667	0.133333	0.4	0.0666667
0.482759	0.0689655	0.103448	0.310345	0.0344828
0.0246914	0.0617284	0.0123457	0.222222	0.679012
0.364706	0.105882	0.247059	0.270588	0.0117647
0.45	0.2	0.25	0.05	0.05
0.0939597	0.369128	0.14094	0.38255	0.0134228
0.0718232	0.138122	0.0110497	0.635359	0.143646
0.222222	0.111111	0.111111	0.444444	0.111111
0.432432	0.027027	0.432432	0.0810811	0.027027
0.0668524	0.0724234	0.781801	0.0631383	0.0157846
0.3125	0.25	0.125	0.1875	0.125
0.529412	0.0588235	0.0294118	0.352941	0.0294118
0.0434783	0.0434783	0.0434783	0.608696	0.26087
0.2	0.04	0.48	0.24	0.04
0.508333	0.0833333	0.1	0.266667	0.0416667
0.444444	0.166667	0.277778	0.0555556	0.0555556
0.125	0.125	0.0416667	0.458333	0.25
0.2	0.311111	0.133333	0.333333	0.0222222
0.285714	0.0714286	0.142857	0.428571	0.0714286
0.0276074	0.113497	0.800613	0.0337423	0.0245399
0.566667	0.1	0.0666667	0.166667	0.1
0.084507	0.028169	0.056338	0.732394	0.0985915
0.0833333	0.583333	0.0833333	0.166667	0.0833333
0.112676	0.126761	0.056338	0.43662	0.267606
0.651163	0.0930233	0.0697674	0.162791	0.0232558
0.0214477	0.0697051	0.0911528	0.790885	0.0268097
0.0185185	0.666667	0.0740741	0.222222	0.0185185
0.0666667	0.244444	0.333333	0.311111	0.0444444
0.0434783	0.26087	0.362319	0.304348	0.0289855
0.122807	0.0877193	0.350877	0.403509	0.0350877
0.183673	0.0612245	0.0816327	0.591837	0.0816327
0.1	0.4	0.1	0.1	0.3
0.258065	0.0322581	0.387097	0.193548	0.129032
0.0520833	0.604167	0.0416667	0.28125	0.0208333
0.470588	0.0588235	0.235294	0.176471	0.0588235
0.272727	0.0454545	0.181818	0.409091	0.0909091
0.212121	0.0909091	0.151515	0.530303	0.0151515
0.020202	0.717172	0.040404	0.151515	0.0707071
0.127273	0.127273	0.0181818	0.672727	0.0545455
0.0689655	0.758621	0.103448	0.0344828	0.0344828
0.0115607	0.647399	0.0867052	0.242775	0.0115607
0.0526316	0.105263	0.0526316	0.473684	0.315789
0.125	0.0833333	0.0833333	0.541667	0.166667
0.25641	0.25641	0.025641	0.410256	0.0512821
0.0769231	0.115385	0.0769231	0.461538	0.269231
0.266667	0.333333	0.2	0.0666667	0.133333
0.185185	0.185185	0.222222	0.333333	0.0740741
0.578947	0.105263	0.0526316	0.210526	0.0526316
0.017094	0.037037	0.002849	0.336182	0.606838
0.533333	0.216667	0.0166667	0.216667	0.0166667
0.142857	0.142857	0.142857	0.428571	0.142857
0.0909091	0.0454545	0.0909091	0.272727	0.5
0.52	0.096	0.008	0.336	0.04
0.416667	0.333333	0.0833333	0.0555556	0.111111
0.214953	0.53271	0.11215	0.130841	0.00934579
0.105263	0.210526	0.0526316	0.473684	0.157895
0.753425	0.0547945	0.0958904	0.0684932	0.0273973
0.867925	0.0377358	0.0188679	0.0188679	0.0566038
0.0617284	0.345679	0.0123457	0.555556	0.0246914
0.285714	0.142857	0.142857	0.142857	0.285714
0.562249	0.0843373	0.0240964	0.301205	0.0281124
0.00877193	0.0438596	0.0263158	0.666667	0.254386
0.0833333	0.135417	0.0833333	0.5625	0.135417
0.0714286	0.0714286	0.357143	0.428571	0.0714286
0.0290368	0.586402	0.0311615	0.347025	0.00637394
0.567568	0.027027	0.324324	0.027027	0.0540541
0.516129	0.0645161	0.0322581	0.322581	0.0645161
0.133758	0.152866	0.503185	0.178344	0.0318471
0.105263	0.0175439	0.0175439	0.807018	0.0526316
0.636364	0.0454545	0.136364	0.136364	0.0454545
0.16129	0.0645161	0.548387	0.193548	0.0322581
0.365079	0.0952381	0.047619	0.412698	0.0793651
0.363636	0.0454545	0.0454545	0.454545	0.0909091
0.342105	0.105263	0.0526316	0.473684	0.0263158
0.361702	0.248227	0.0567376	0.297872	0.035461
0.72973	0.0540541	0.0540541	0.135135	0.027027
0.148148	0.111111	0.518519	0.185185	0.037037
0.395349	0.116279	0.0232558	0.418605	0.0465116
0.242328	0.0126984	0.698413	0.0412698	0.00529101
0.05	0.5	0.2	0.2	0.05
0.142857	0.642857	0.0357143	0.142857	0.0357143
0.464286	0.0357143	0.285714	0.178571	0.0357143
0.444444	0.111111	0.111111	0.111111	0.222222
0.125	0.0625	0.125	0.1875	0.5
0.117647	0.161765	0.0147059	0.691176	0.0147059
0.592593	0.0555556	0.0185185	0.296296	0.037037
0.237762	0.174825	0.104895	0.391608	0.0909091
0.212121	0.257576	0.0909091	0.401515	0.0378788
0.0375	0.125	0.55	0.1	0.1875
0.0363636	0.105455	0.0290909	0.701818	0.127273
0.217391	0.101449	0.0434783	0.478261	0.15942
0.461538	0.0512821	0.410256	0.0512821	0.025641
0.702703	0.027027	0.216216	0.0405405	0.0135135
0.133333	0.377778	0.0222222	0.422222	0.0444444
0.0030581	0.107034	0.030581	0.602446	0.256881
0.317647	0.447059	0.188235	0.0352941	0.0117647
0.0632184	0.37931	0.448276	0.0804598	0.0287356
0.0434783	0.246377	0.0724638	0.608696	0.0289855
0.5	0.142857	0.0535714	0.25	0.0535714
0.0142857	0.428571	0.0142857	0.342857	0.2
0.0740741	0.037037	0.185185	0.481481	0.222222
0.513761	0.0458716	0.0275229	0.40367	0.00917431
0.0120482	0.421687	0.00401606	0.558233	0.00401606
0.222222	0.296296	0.148148	0.259259	0.0740741
0.142857	0.285714	0.107143	0.357143	0.107143
0.390244	0.121951	0.0243902	0.439024	0.0243902
0.266667	0.233333	0.1	0.366667	0.0333333
0.2	0.314286	0.114286	0.314286	0.0571429
0.0272727	0.795455	0.05	0.0818182	0.0454545
0.655738	0.0491803	0.180328	0.0491803	0.0655738
0.0217391	0.0217391	0.0652174	0.869565	0.0217391
0.382353	0.127451	0.147059	0.333333	0.00980392
0.0434783	0.0869565	0.0434783	0.521739	0.304348
0.102564	0.615385	0.0769231	0.179487	0.025641
0.12	0.14	0.54	0.18	0.02
0.363636	0.0909091	0.181818	0.272727	0.0909091
0.1	0.518182	0.172727	0.2	0.00909091
0.258065	0.322581	0.290323	0.0645161	0.0645161
0.109091	0.472727	0.0181818	0.345455	0.0545455
0.178571	0.142857	0.0357143	0.535714	0.107143
0.623377	0.0649351	0.038961	0.25974	0.012987
0.111111	0.017094	0.017094	0.598291	0.25641
0.506024	0.0843373	0.204819	0.192771	0.0120482
0.030303	0.30303	0.0848485	0.424242	0.157576
0.0983607	0.278689	0.0327869	0.229508	0.360656
0.472222	0.138889	0.0555556	0.25	0.0833333
0.4	0.05	0.15	0.25	0.15
0.611111	0.0555556	0.166667	0.111111	0.0555556
0.0146341	0.117073	0.819512	0.0439024	0.00487805
0.222222	0.0444444	0.488889	0.222222	0.0222222
0.509934	0.0529801	0.00662252	0.417219	0.013245
0.0428571	0.171429	0.614286	0.114286	0.0571429
0.377358	0.0830189	0.271698	0.264151	0.00377358
0.478261	0.144928	0.0724638	0.26087	0.0434783
0.571429	0.142857	0.0952381	0.142857	0.047619
0.272727	0.181818	0.272727	0.181818	0.0909091
0.307692	0.346154	0.0769231	0.0769231	0.192308
0.589286	0.0535714	0.125	0.196429	0.0357143
0.814815	0.0555556	0.0925926	0.0185185	0.0185185
0.0649351	0.506494	0.0714286	0.344156	0.012987
0.152174	0.130435	0.586957	0.0652174	0.0652174
0.545455	0.0909091	0.136364	0.181818	0.0454545
0.438776	0.326531	0.0918367	0.112245	0.0306122
0.0923077	0.323077	0.0615385	0.507692	0.0153846
0.134146	0.0609756	0.0121951	0.768293	0.0243902
0.285714	0.0857143	0.0571429	0.542857	0.0285714
0.0255319	0.26383	0.0638298	0.634043	0.012766
0.451613	0.225806	0.0645161	0.225806	0.0322581
0.232877	0.205479	0.123288	0.383562	0.0547945
0.0714286	0.785714	0.0357143	0.0714286	0.0357143
0.171053	0.0657895	0.171053	0.552632	0.0394737
0.566038	0.0188679	0.0943396	0.245283	0.0754717
0.2	0.2	0.2	0.2	0.2
0.608696	0.0217391	0.0434783	0.282609	0.0434783
0.0869565	0.0434783	0.0434783	0.73913	0.0869565
0.368421	0.0526316	0.0526316	0.263158	0.263158
0.380952	0.333333	0.0238095	0.166667	0.0952381
0.0121951	0.569106	0.0406504	0.337398	0.0406504
0.270833	0.354167	0.0416667	0.25	0.0833333
0.217391	0.304348	0.130435	0.217391	0.130435
0.428571	0.238095	0.0952381	0.142857	0.0952381
0.0137931	0.0965517	0.0206897	0.434483	0.434483
0.154639	0.257732	0.340206	0.226804	0.0206186
0.6	0.1	0.1	0.166667	0.0333333
0.166667	0.0833333	0.166667	0.5625	0.0208333
0.495146	0.135922	0.0582524	0.291262	0.0194175
0.189189	0.0540541	0.418919	0.310811	0.027027
0.037037	0.518519	0.37037	0.037037	0.037037
0.0851064	0.191489	0.425532	0.276596	0.0212766
0.0322581	0.0645161	0.806452	0.0645161	0.0322581
0.1	0.1	0.1	0.4	0.3
0.5	0.0714286	0.178571	0.214286	0.0357143
0.0810811	0.162162	0.0540541	0.567568	0.135135
0.666667	0.125	0.0833333	0.104167	0.0208333
0.342105	0.236842	0.0789474	0.289474	0.0526316
0.0454545	0.0454545	0.0909091	0.681818	0.136364
0.357143	0.214286	0.0714286	0.214286	0.142857
0.0581395	0.337209	0.0116279	0.517442	0.0755814
0.111111	0.148148	0.222222	0.444444	0.0740741
0.153846	0.384615	0.0769231	0.307692	0.0769231
0.545455	0.0606061	0.0909091	0.272727	0.030303
0.64	0.064	0.12	0.152	0.024
0.0123457	0.277778	0.450617	0.253086	0.00617284
0.491525	0.0847458	0.101695	0.305085	0.0169492
0.393939	0.166667	0.0757576	0.30303	0.0606061
0.5	0.194444	0.0555556	0.222222	0.0277778
0.151515	0.151515	0.363636	0.272727	0.0606061
0.235294	0.0294118	0.0588235	0.235294	0.441176
0.0763359	0.396947	0.0381679	0.465649	0.0229008
0.0862069	0.551724	0.241379	0.0862069	0.0344828
0.0909091	0.0909091	0.181818	0.545455	0.0909091
0.75	0.0681818	0.113636	0.0227273	0.0454545
0.0909091	0.272727	0.0606061	0.454545	0.121212
0.44898	0.0408163	0.0612245	0.428571	0.0204082
0.598291	0.0940171	0.136752	0.153846	0.017094
0.125	0.125	0.125	0.375	0.25
0.2	0.2	0.2	0.3	0.1
0.00534759	0.139037	0.0641711	0.336898	0.454545
0.00961538	0.663462	0.0384615	0.269231	0.0192308
0.285714	0.0952381	0.047619	0.52381	0.047619
0.047619	0.0714286	0.0238095	0.380952	0.47619
0.28	0.1	0.02	0.46	0.14
0.0909091	0.181818	0.272727	0.0909091	0.363636
0.59375	0.03125	0.09375	0.1875	0.09375
0.0357143	0.0357143	0.0357143	0.821429	0.0714286
0.382353	0.0294118	0.529412	0.0294118	0.0294118
0.15625	0.03125	0.0625	0.625	0.125
0.333333	0.047619	0.047619	0.47619	0.0952381
0.0555556	0.5	0.222222	0.166667	0.0555556
0.448276	0.0344828	0.206897	0.224138	0.0862069
0.0313076	0.06814	0.0497238	0.607735	0.243094
0.00623053	0.143302	0.0155763	0.205607	0.629283
0.48	0.08	0.12	0.16	0.16
0.0294118	0.264706	0.0882353	0.588235	0.0294118
0.0503979	0.140584	0.557029	0.196286	0.0557029
0.012987	0.805195	0.0519481	0.103896	0.025974
0.0285714	0.047619	0.0904762	0.780952	0.052381
0.452381	0.047619	0.047619	0.380952	0.0714286
0.0236407	0.0969267	0.0165485	0.295508	0.567376
0.453846	0.0846154	0.0153846	0.384615	0.0615385
0.230769	0.153846	0.307692	0.153846	0.153846
0.0952381	0.142857	0.0952381	0.619048	0.047619
0.6	0.08	0.12	0.08	0.12
0.11828	0.225806	0.0322581	0.537634	0.0860215
0.0645161	0.193548	0.16129	0.548387	0.0322581
0.537037	0.148148	0.0925926	0.037037	0.185185
0.0862069	0.0689655	0.0172414	0.724138	0.103448
0.733333	0.0666667	0.0333333	0.133333	0.0333333
0.0588235	0.352941	0.235294	0.235294	0.117647
0.0555556	0.111111	0.0277778	0.777778	0.0277778
0.714286	0.0571429	0.0285714	0.171429	0.0285714
0.428571	0.0535714	0.0892857	0.107143	0.321429
0.03125	0.425	0.05625	0.475	0.0125
0.0530303	0.121212	0.0454545	0.212121	0.568182
0.125	0.125	0.25	0.25	0.25
0.145833	0.270833	0.25	0.3125	0.0208333
0.075	0.1	0.05	0.475	0.3
0.136	0.424	0.024	0.368	0.048
0.192308	0.365385	0.0576923	0.365385	0.0192308
0.315789	0.0526316	0.0526316	0.473684	0.105263
0.0833333	0.0416667	0.125	0.541667	0.208333
0.79798	0.010101	0.10101	0.0808081	0.010101
0.0909091	0.0909091	0.0909091	0.636364	0.0909091
0.162162	0.108108	0.0810811	0.540541	0.108108
0.0689655	0.241379	0.103448	0.517241	0.0689655
0.12	0.36	0.16	0.26	0.1
0.068323	0.0559006	0.00621118	0.36646	0.503106
0.355932	0.338983	0.101695	0.135593	0.0677966
0.0615385	0.153846	0.307692	0.384615	0.0923077
0.317757	0.140187	0.317757	0.205607	0.0186916
0.176471	0.176471	0.0588235	0.470588	0.117647
0.08	0.08	0.04	0.16	0.64
0.010101	0.0707071	0.010101	0.171717	0.737374
0.125	0.0625	0.208333	0.208333	0.395833
0.529412	0.137255	0.117647	0.137255	0.0784314
0.2	0.12	0.04	0.6	0.04
0.231293	0.0748299	0.00680272	0.673469	0.0136054
0.266667	0.0333333	0.633333	0.0333333	0.0333333
0.0762712	0.20339	0.00847458	0.559322	0.152542
0.0612245	0.204082	0.0612245	0.428571	0.244898
0.2	0.2	0.2	0.2	0.2
0.243243	0.108108	0.135135	0.459459	0.0540541
0.02	0.18	0.34	0.4	0.06
0.0652174	0.152174	0.0652174	0.652174	0.0652174
0.192308	0.384615	0.192308	0.192308	0.0384615
0.0456621	0.100457	0.0273973	0.771689	0.0547945
0.0121951	0.158537	0.0121951	0.47561	0.341463
0.554839	0.0903226	0.0322581	0.290323	0.0322581
0.0555556	0.351852	0.037037	0.277778	0.277778
0.1	0.0777778	0.0444444	0.288889	0.488889
0.333333	0.133333	0.133333	0.2	0.2
0.0344828	0.172414	0.0344828	0.344828	0.413793
0.0666667	0.2	0.0666667	0.133333	0.533333
0.0178571	0.125	0.0714286	0.455357	0.330357
0.05	0.15	0.1	0.6	0.1
0.0571429	0.0285714	0.114286	0.371429	0.428571
0.044843	0.0403587	0.0269058	0.717489	0.170404
0.2	0.2	0.2	0.2	0.2
0.0181818	0.0545455	0.0363636	0.836364	0.0545455
0.0178571	0.0178571	0.047619	0.904762	0.0119048
0.194444	0.0277778	0.0833333	0.5	0.194444
0.333333	0.205128	0.0769231	0.25641	0.128205
0.0507042	0.101408	0.0112676	0.814085	0.0225352
0.0595745	0.0297872	0.00851064	0.880851	0.0212766
0.0147493	0.0412979	0.00884956	0.917404	0.0176991
0.0078125	0.140625	0.078125	0.765625	0.0078125
0.25	0.0625	0.1875	0.4375	0.0625
0.0131148	0.0852459	0.0196721	0.82623	0.0557377
0.0454545	0.0909091	0.181818	0.5	0.181818
0.0551724	0.0896552	0.0172414	0.834483	0.00344828
0.0869565	0.173913	0.0434783	0.608696	0.0869565
0.0298507	0.0895522	0.0447761	0.701493	0.134328
0.032	0.136	0.04	0.212	0.58
0.272727	0.0909091	0.0909091	0.363636	0.181818
0.2	0.1	0.1	0.4	0.2
0.0769231	0.0769231	0.0769231	0.615385	0.153846
0.142857	0.047619	0.047619	0.714286	0.047619
0.125	0.0416667	0.125	0.625	0.0833333
0.2125	0.1125	0.0125	0.625	0.0375
0.00862069	0.310345	0.0258621	0.413793	0.241379
0.0769231	0.571429	0.043956	0.263736	0.043956
0.0434783	0.0434783	0.0869565	0.652174	0.173913
0.00462963	0.226852	0.0277778	0.717593	0.0231481
0.222222	0.111111	0.111111	0.444444	0.111111
0.0285714	0.2	0.0571429	0.657143	0.0571429
0.024602	0.131693	0.0535456	0.698987	0.0911722
0.142857	0.171429	0.0571429	0.6	0.0285714
0.0588235	0.176471	0.0588235	0.588235	0.117647
0.027027	0.202703	0.0945946	0.662162	0.0135135
0.0666667	0.133333	0.0333333	0.733333	0.0333333
0.227273	0.409091	0.181818	0.136364	0.0454545
0.04	0.08	0.04	0.68	0.16
0.0625	0.0625	0.0625	0.6875	0.125
0.0277778	0.0694444	0.0555556	0.833333	0.0138889
0.14	0.04	0.04	0.64	0.14
0.1875	0.25	0.0625	0.375	0.125
0.0461538	0.0461538	0.0153846	0.846154	0.0461538
0.2	0.2	0.2	0.2	0.2
0.238095	0.047619	0.047619	0.571429	0.0952381
0.0224719	0.0505618	0.00561798	0.851124	0.0702247
0.0434783	0.0714286	0.0310559	0.838509	0.015528
0.26087	0.130435	0.173913	0.391304	0.0434783
0.166667	0.166667	0.333333	0.166667	0.166667
0.166667	0.583333	0.0416667	0.166667	0.0416667
0.0357143	0.0178571	0.0357143	0.553571	0.357143
0.0289855	0.0724638	0.0144928	0.782609	0.101449
0.0105263	0.0210526	0.0526316	0.873684	0.0421053
