0.317073	0.317073	0.317073	0.0487805
0.166667	0.208333	0.458333	0.166667
0.240143	0.401434	0.146953	0.21147
0.130435	0.0434783	0.782609	0.0434783
0.333333	0.00813008	0.0813008	0.577236
0.411765	0.0588235	0.0588235	0.470588
0.208333	0.0833333	0.666667	0.0416667
0.25	0.25	0.25	0.25
0.240741	0.0185185	0.574074	0.166667
0.516667	0.0833333	0.116667	0.283333
0.395833	0.0416667	0.541667	0.0208333
0.290323	0.387097	0.225806	0.0967742
0.52809	0.0449438	0.404494	0.0224719
0.360656	0.0655738	0.0983607	0.47541
0.422383	0.0902527	0.166065	0.3213
0.25	0.0928571	0.65	0.00714286
0.263158	0.0526316	0.631579	0.0526316
0.255319	0.0425532	0.638298	0.0638298
0.285714	0.571429	0.0238095	0.119048
0.202899	0.188406	0.434783	0.173913
0.293103	0.0517241	0.0172414	0.637931
0.288889	0.0666667	0.488889	0.155556
0.276596	0.106383	0.0212766	0.595745
0.2	0.2	0.4	0.2
0.840909	0.0227273	0.0227273	0.113636
0.272727	0.0909091	0.0454545	0.590909
0.761905	0.0952381	0.0952381	0.047619
0.4	0.4	0.1	0.1
0.428571	0.0714286	0.0714286	0.428571
0.0424658	0.0205479	0.0205479	0.916438
0.428571	0.0357143	0.357143	0.178571
0.230769	0.269231	0.0384615	0.461538
0.172414	0.413793	0.258621	0.155172
0.5	0.133333	0.116667	0.25
0.546296	0.203704	0.166667	0.0833333
0.20904	0.00564972	0.00564972	0.779661
0.266667	0.0666667	0.6	0.0666667
0.4	0.04	0.52	0.04
0.387097	0.33871	0.129032	0.145161
0.0814607	0.0786517	0.797753	0.0421348
0.625	0.0113636	0.0340909	0.329545
0.449438	0.0224719	0.101124	0.426966
0.117647	0.294118	0.235294	0.352941
0.338462	0.307692	0.2	0.153846
0.270471	0.0148883	0.0794045	0.635236
0.0104167	0.901042	0.0260417	0.0625
0.3125	0.1875	0.15625	0.34375
0.213836	0.0754717	0.666667	0.0440252
0.666667	0.0606061	0.030303	0.242424
0.959016	0.0163934	0.0163934	0.00819672
0.770833	0.0416667	0.104167	0.0833333
0.344828	0.0344828	0.586207	0.0344828
0.688525	0.0327869	0.25	0.0286885
0.191011	0.0561798	0.730337	0.0224719
0.434783	0.26087	0.0869565	0.217391
0.307692	0.025641	0.25641	0.410256
0.472222	0.0138889	0.0555556	0.458333
0.19403	0.0298507	0.0597015	0.716418
0.333333	0.208333	0.25	0.208333
0.487805	0.317073	0.0731707	0.121951
0.72	0.16	0.04	0.08
0.574468	0.0212766	0.0425532	0.361702
0.268293	0.195122	0.390244	0.146341
0.408163	0.510204	0.0408163	0.0408163
0.365854	0.121951	0.365854	0.146341
0.46875	0.46875	0.03125	0.03125
0.272727	0.0454545	0.636364	0.0454545
0.212121	0.181818	0.515152	0.0909091
0.408451	0.140845	0.028169	0.422535
0.666667	0.133333	0.0666667	0.133333
0.32	0.04	0.6	0.04
0.384615	0.0769231	0.230769	0.307692
0.722222	0.0555556	0.166667	0.0555556
0.636364	0.136364	0.136364	0.0909091
0.208861	0.0316456	0.0443038	0.71519
0.923077	0.0384615	0.0192308	0.0192308
0.839286	0.0178571	0.107143	0.0357143
0.3	0.05	0.6	0.05
0.370968	0.0806452	0.0322581	0.516129
0.526316	0.105263	0.210526	0.157895
0.538462	0.307692	0.0769231	0.0769231
0.511628	0.0930233	0.232558	0.162791
0.396825	0.0952381	0.285714	0.222222
0.30303	0.333333	0.30303	0.0606061
0.375	0.125	0.125	0.375
0.25	0.25	0.25	0.25
0.615385	0.153846	0.153846	0.0769231
0.25	0.25	0.25	0.25
0.425	0.025	0.525	0.025
0.512195	0.097561	0.292683	0.097561
0.583333	0.0833333	0.208333	0.125
0.290043	0.021645	0.021645	0.666667
0.95	0.0166667	0.0166667	0.0166667
0.692308	0.128205	0.025641	0.153846
0.295455	0.0681818	0.613636	0.0227273
0.147368	0.0105263	0.0105263	0.831579
0.666667	0.0555556	0.111111	0.166667
0.212598	0.023622	0.015748	0.748031
0.181818	0.363636	0.272727	0.181818
0.6875	0.0625	0.125	0.125
0.416667	0.25	0.0833333	0.25
0.939189	0.0101351	0.0236486	0.027027
0.218585	0.0369588	0.715945	0.0285111
0.333333	0.0833333	0.416667	0.166667
0.555556	0.034188	0.034188	0.376068
0.74	0.06	0.02	0.18
0.187638	0.0198675	0.699779	0.0927152
0.428571	0.285714	0.0714286	0.214286
0.657604	0.0253456	0.00829493	0.308756
0.62963	0.148148	0.111111	0.111111
0.3	0.0333333	0.433333	0.233333
0.521739	0.217391	0.0434783	0.217391
0.361446	0.0240964	0.0421687	0.572289
0.581818	0.0181818	0.381818	0.0181818
0.225806	0.0645161	0.645161	0.0645161
0.047619	0.047619	0.809524	0.0952381
0.0857143	0.428571	0.457143	0.0285714
0.636364	0.136364	0.136364	0.0909091
0.0769231	0.027972	0.0699301	0.825175
0.571429	0.114286	0.142857	0.171429
0.619048	0.0238095	0.0952381	0.261905
0.772973	0.0324324	0.178378	0.0162162
0.416667	0.0666667	0.5	0.0166667
0.757143	0.0857143	0.0714286	0.0857143
0.6	0.28	0.04	0.08
0.164223	0.290323	0.343109	0.202346
0.304688	0.0234375	0.65625	0.015625
0.594843	0.053407	0.0239411	0.327808
0.25	0.125	0.5625	0.0625
0.840708	0.0176991	0.106195	0.0353982
0.553191	0.12766	0.297872	0.0212766
0.409091	0.0227273	0.522727	0.0454545
0.40367	0.0550459	0.0275229	0.513761
0.776042	0.03125	0.161458	0.03125
0.617647	0.117647	0.0294118	0.235294
0.745455	0.0545455	0.163636	0.0363636
0.153846	0.230769	0.115385	0.5
0.0149254	0.333333	0.532338	0.119403
0.266667	0.0666667	0.0444444	0.622222
0.625	0.125	0.125	0.125
0.695035	0.0567376	0.0638298	0.184397
0.30303	0.030303	0.636364	0.030303
0.25	0.25	0.25	0.25
0.111111	0.0555556	0.666667	0.166667
0.5	0.125	0.125	0.25
0.166667	0.166667	0.333333	0.333333
0.416667	0.0833333	0.416667	0.0833333
0.277778	0.111111	0.5	0.111111
0.789474	0.0263158	0.131579	0.0526316
0.454545	0.38961	0.0519481	0.103896
0.588235	0.0252101	0.327731	0.0588235
0.235119	0.00297619	0.0178571	0.744048
0.151515	0.0606061	0.757576	0.030303
0.849558	0.0442478	0.0353982	0.0707965
0.692308	0.0769231	0.0769231	0.153846
0.111111	0.111111	0.611111	0.166667
0.736842	0.105263	0.105263	0.0526316
0.383333	0.0166667	0.433333	0.166667
0.25	0.125	0.125	0.5
0.40625	0.0833333	0.0208333	0.489583
0.428571	0.142857	0.142857	0.285714
0.1875	0.375	0.0625	0.375
0.65	0.05	0.25	0.05
0.461538	0.153846	0.307692	0.0769231
0.744186	0.0232558	0.116279	0.116279
0.155844	0.142857	0.519481	0.181818
0.25	0.25	0.25	0.25
0.529412	0.0352941	0.411765	0.0235294
0.463768	0.481884	0.0253623	0.0289855
0.4375	0.03125	0.5	0.03125
0.386792	0.0377358	0.0660377	0.509434
0.380952	0.428571	0.142857	0.047619
0.36	0.4	0.08	0.16
0.27027	0.0405405	0.0135135	0.675676
0.222222	0.222222	0.444444	0.111111
0.545455	0.0454545	0.0113636	0.397727
0.542857	0.171429	0.0285714	0.257143
0.2	0.0666667	0.156667	0.576667
0.351351	0.0540541	0.324324	0.27027
0.269978	0.0107991	0.0302376	0.688985
0.533333	0.0333333	0.377778	0.0555556
0.320442	0.508287	0.0331492	0.138122
0.208333	0.0357143	0.0238095	0.732143
0.722222	0.0555556	0.0555556	0.166667
0.125	0.125	0.125	0.625
0.147727	0.0113636	0.511364	0.329545
0.617143	0.114286	0.182857	0.0857143
0.123451	0.0734513	0.761947	0.0411504
0.44086	0.419355	0.0537634	0.0860215
0.361111	0.444444	0.0277778	0.166667
0.585714	0.0285714	0.285714	0.1
0.285714	0.428571	0.142857	0.142857
0.689655	0.206897	0.0344828	0.0689655
0.333333	0.0909091	0.424242	0.151515
0.224138	0.603448	0.0172414	0.155172
0.288235	0.0235294	0.0176471	0.670588
0.111111	0.111111	0.666667	0.111111
0.231214	0.179191	0.49711	0.0924855
0.55	0.2	0.05	0.2
0.565789	0.0131579	0.0394737	0.381579
0.352941	0.294118	0.117647	0.235294
0.490566	0.0188679	0.471698	0.0188679
0.563636	0.0181818	0.0363636	0.381818
0.380282	0.140845	0.450704	0.028169
0.222222	0.0123457	0.037037	0.728395
0.478261	0.0434783	0.413043	0.0652174
0.285714	0.0952381	0.47619	0.142857
0.270833	0.333333	0.25	0.145833
0.761905	0.047619	0.166667	0.0238095
0.377778	0.577778	0.0222222	0.0222222
0.242424	0.151515	0.545455	0.0606061
0.882353	0.0588235	0.0196078	0.0392157
0.162765	0.0278707	0.0200669	0.789298
0.512195	0.349593	0.097561	0.0406504
0.27381	0.0714286	0.380952	0.27381
0.418605	0.0465116	0.465116	0.0697674
0.692308	0.0769231	0.153846	0.0769231
0.7	0.1	0.1	0.1
0.403175	0.0380952	0.501587	0.0571429
0.56383	0.0132979	0.0345745	0.388298
0.3125	0.025	0.075	0.5875
0.583333	0.0833333	0.125	0.208333
0.25	0.0555556	0.0555556	0.638889
0.269231	0.0307692	0.115385	0.584615
0.0652174	0.26087	0.5	0.173913
0.214286	0.0714286	0.690476	0.0238095
0.607843	0.176471	0.156863	0.0588235
0.463415	0.0243902	0.487805	0.0243902
0.242424	0.272727	0.454545	0.030303
0.275	0.1	0.55	0.075
0.612903	0.0322581	0.0967742	0.258065
0.733333	0.133333	0.0666667	0.0666667
0.526316	0.335526	0.134868	0.00328947
0.487805	0.268293	0.146341	0.097561
0.590909	0.0681818	0.0909091	0.25
0.2	0.1	0.2	0.5
0.390244	0.0243902	0.0487805	0.536585
0.0769231	0.153846	0.538462	0.230769
0.5	0.133333	0.333333	0.0333333
0.506757	0.0405405	0.0844595	0.368243
0.5	0.133333	0.3	0.0666667
0.75	0.15	0.075	0.025
0.0909091	0.0545455	0.836364	0.0181818
0.408333	0.0666667	0.516667	0.00833333
0.64	0.04	0.28	0.04
0.135417	0.177083	0.65625	0.03125
0.576923	0.326923	0.0384615	0.0576923
0.150943	0.207547	0.584906	0.0566038
0.666667	0.125	0.0833333	0.125
0.185185	0.259259	0.518519	0.037037
0.281046	0.176471	0.470588	0.0718954
0.181818	0.0909091	0.636364	0.0909091
0.273973	0.0547945	0.657534	0.0136986
0.313043	0.00869565	0.6	0.0782609
0.5	0.15	0.15	0.2
0.78125	0.0625	0.0625	0.09375
0.681818	0.0909091	0.136364	0.0909091
0.269231	0.0384615	0.384615	0.307692
0.868687	0.0808081	0.010101	0.040404
0.34	0.42	0.1	0.14
0.025641	0.025641	0.923077	0.025641
0.520833	0.1875	0.104167	0.1875
0.366667	0.583333	0.0166667	0.0333333
0.641509	0.201258	0.0628931	0.0943396
0.208333	0.0416667	0.666667	0.0833333
0.148148	0.037037	0.703704	0.111111
0.52381	0.142857	0.190476	0.142857
0.111111	0.037037	0.814815	0.037037
0.266055	0.626911	0.0611621	0.0458716
0.637681	0.130435	0.188406	0.0434783
0.346154	0.576923	0.0384615	0.0384615
0.105263	0.105263	0.105263	0.684211
0.336207	0.413793	0.146552	0.103448
0.347826	0.173913	0.0869565	0.391304
0.25	0.25	0.25	0.25
0.0576923	0.0192308	0.884615	0.0384615
0.692308	0.025641	0.230769	0.0512821
0.315789	0.0526316	0.368421	0.263158
0.25	0.25	0.25	0.25
0.174312	0.0183486	0.651376	0.155963
0.619048	0.190476	0.0952381	0.0952381
0.637931	0.0689655	0.12069	0.172414
0.825	0.025	0.075	0.075
0.15942	0.15942	0.637681	0.0434783
0.5	0.0714286	0.214286	0.214286
0.0606061	0.272727	0.636364	0.030303
0.142857	0.0952381	0.714286	0.047619
0.407609	0.0434783	0.532609	0.0163043
0.4	0.05	0.1	0.45
0.404762	0.119048	0.166667	0.309524
0.328125	0.046875	0.484375	0.140625
0.386364	0.0909091	0.363636	0.159091
0.285714	0.142857	0.142857	0.428571
0.37037	0.037037	0.111111	0.481481
0.181818	0.181818	0.545455	0.0909091
0.661538	0.0461538	0.261538	0.0307692
0.291667	0.291667	0.208333	0.208333
0.761905	0.0952381	0.0952381	0.047619
0.444444	0.111111	0.0555556	0.388889
0.243902	0.195122	0.317073	0.243902
0.344828	0.0344828	0.0689655	0.551724
0.272727	0.272727	0.272727	0.181818
0.285714	0.047619	0.619048	0.047619
0.33871	0.016129	0.596774	0.0483871
0.59375	0.015625	0.359375	0.03125
0.690909	0.0454545	0.0454545	0.218182
0.511111	0.244444	0.2	0.0444444
0.25	0.133333	0.05	0.566667
0.622807	0.0614035	0.201754	0.114035
0.137741	0.0275482	0.0247934	0.809917
0.0625	0.0625	0.75	0.125
0.176471	0.588235	0.0588235	0.176471
0.545455	0.0909091	0.0909091	0.272727
0.179487	0.102564	0.692308	0.025641
0.35	0.05	0.45	0.15
0.212121	0.030303	0.545455	0.212121
0.342105	0.105263	0.236842	0.315789
0.392857	0.0357143	0.107143	0.464286
0.430556	0.00694444	0.0486111	0.513889
0.483146	0.0337079	0.0449438	0.438202
0.444444	0.222222	0.111111	0.222222
0.538462	0.025641	0.230769	0.205128
0.30303	0.212121	0.424242	0.0606061
0.54386	0.175439	0.0701754	0.210526
0.333333	0.145833	0.447917	0.0729167
0.181818	0.0909091	0.606061	0.121212
0.449827	0.363322	0.0726644	0.114187
0.210526	0.00877193	0.754386	0.0263158
0.310345	0.0689655	0.517241	0.103448
0.222222	0.0277778	0.152778	0.597222
0.173077	0.0192308	0.596154	0.211538
0.16129	0.0322581	0.709677	0.0967742
0.153846	0.0769231	0.730769	0.0384615
0.32	0.14	0.46	0.08
0.0212766	0.0638298	0.851064	0.0638298
0.277778	0.0555556	0.611111	0.0555556
0.324324	0.0540541	0.594595	0.027027
0.521739	0.0217391	0.293478	0.163043
0.803922	0.0392157	0.0392157	0.117647
0.157895	0.210526	0.561404	0.0701754
0.322581	0.0322581	0.354839	0.290323
0.25	0.25	0.25	0.25
0.965517	0.0114943	0.0114943	0.0114943
0.473684	0.157895	0.210526	0.157895
0.291667	0.1875	0.5	0.0208333
0.4	0.025	0.075	0.5
0.268657	0.0298507	0.686567	0.0149254
0.604317	0.0143885	0.0791367	0.302158
0.153846	0.0588235	0.0542986	0.733032
0.300578	0.0346821	0.468208	0.196532
0.147059	0.191176	0.617647	0.0441176
0.136364	0.0909091	0.727273	0.0454545
0.5	0.125	0.125	0.25
0.184211	0.184211	0.605263	0.0263158
0.384615	0.0384615	0.557692	0.0192308
0.529412	0.132353	0.191176	0.147059
0.314286	0.0285714	0.628571	0.0285714
0.346154	0.0384615	0.538462	0.0769231
0.0833333	0.0277778	0.805556	0.0833333
0.225806	0.129032	0.0967742	0.548387
0.148148	0.148148	0.444444	0.259259
0.111111	0.037037	0.796296	0.0555556
0.535714	0.0357143	0.285714	0.142857
0.347826	0.130435	0.478261	0.0434783
0.465116	0.0465116	0.44186	0.0465116
0.131737	0.592814	0.203593	0.0718563
0.571429	0.0634921	0.031746	0.333333
0.0689655	0.137931	0.206897	0.586207
0.230769	0.192308	0.557692	0.0192308
0.807692	0.0769231	0.0769231	0.0384615
0.266667	0.0666667	0.2	0.466667
0.777778	0.0740741	0.0246914	0.123457
0.346614	0.0199203	0.0398406	0.593625
0.538462	0.0769231	0.0769231	0.307692
0.20438	0.40146	0.0364964	0.357664
0.575758	0.0606061	0.333333	0.030303
0.626506	0.0240964	0.192771	0.156627
0.357143	0.0714286	0.5	0.0714286
0.238095	0.047619	0.190476	0.52381
0.546875	0.0625	0.078125	0.3125
0.813559	0.0847458	0.0338983	0.0677966
0.25	0.25	0.25	0.25
0.435897	0.025641	0.435897	0.102564
0.368421	0.0350877	0.0175439	0.578947
0.472222	0.0277778	0.0277778	0.472222
0.611111	0.277778	0.0555556	0.0555556
0.523684	0.00263158	0.0657895	0.407895
0.7	0.1	0.1	0.1
0.12963	0.037037	0.648148	0.185185
0.75	0.03125	0.09375	0.125
0.571429	0.0714286	0.285714	0.0714286
0.531915	0.276596	0.0638298	0.12766
0.435897	0.102564	0.410256	0.0512821
0.478261	0.304348	0.108696	0.108696
0.520833	0.0625	0.104167	0.3125
0.736292	0.0809399	0.159269	0.0234987
0.794118	0.147059	0.0294118	0.0294118
0.142259	0.129707	0.0251046	0.702929
0.347826	0.217391	0.391304	0.0434783
0.141618	0.0231214	0.693642	0.141618
0.0952381	0.047619	0.761905	0.0952381
0.155052	0.675052	0.0663918	0.103505
0.149254	0.701493	0.0298507	0.119403
0.8	0.0235294	0.164706	0.0117647
0.380952	0.238095	0.190476	0.190476
0.8	0.05	0.0333333	0.116667
0.317431	0.0422018	0.0385321	0.601835
0.0714286	0.0357143	0.857143	0.0357143
0.285714	0.0714286	0.107143	0.535714
0.205128	0.0769231	0.128205	0.589744
0.166667	0.047619	0.714286	0.0714286
0.883117	0.012987	0.038961	0.0649351
0.807692	0.115385	0.0192308	0.0576923
0.191781	0.0739726	0.0520548	0.682192
0.842105	0.0526316	0.0526316	0.0526316
0.111111	0.222222	0.333333	0.333333
0.257576	0.00757576	0.00757576	0.727273
0.16	0.04	0.04	0.76
0.285714	0.285714	0.285714	0.142857
0.850467	0.0373832	0.102804	0.00934579
0.363636	0.030303	0.121212	0.484848
0.205882	0.176471	0.529412	0.0882353
0.589744	0.025641	0.333333	0.0512821
0.878049	0.0487805	0.0243902	0.0487805
0.333333	0.222222	0.333333	0.111111
0.2	0.0666667	0.666667	0.0666667
0.44	0.04	0.28	0.24
0.520408	0.0510204	0.214286	0.214286
0.340426	0.361702	0.212766	0.0851064
0.243243	0.0135135	0.581081	0.162162
0.0695364	0.145695	0.612583	0.172185
0.166667	0.0952381	0.714286	0.0238095
0.302326	0.0697674	0.0465116	0.581395
0.777778	0.0555556	0.0833333	0.0833333
0.412698	0.015873	0.452381	0.119048
0.405941	0.019802	0.019802	0.554455
0.777778	0.0555556	0.0555556	0.111111
0.434783	0.108696	0.0652174	0.391304
0.237288	0.0169492	0.694915	0.0508475
0.213592	0.00970874	0.737864	0.038835
0.847826	0.0869565	0.0434783	0.0217391
0.276596	0.0425532	0.659574	0.0212766
0.285714	0.0190476	0.609524	0.0857143
0.142857	0.0178571	0.821429	0.0178571
0.368421	0.236842	0.0263158	0.368421
0.702128	0.0638298	0.106383	0.12766
0.923077	0.0512821	0.0128205	0.0128205
0.583333	0.166667	0.166667	0.0833333
0.153846	0.230769	0.538462	0.0769231
0.25	0.125	0.375	0.25
0.16129	0.16129	0.0967742	0.580645
0.136364	0.272727	0.0454545	0.545455
0.705882	0.117647	0.0588235	0.117647
0.378788	0.363636	0.19697	0.0606061
0.405405	0.0540541	0.135135	0.405405
0.349206	0.015873	0.507937	0.126984
0.08	0.12	0.44	0.36
0.173913	0.26087	0.304348	0.26087
0.24	0.04	0.64	0.08
0.459016	0.0655738	0.114754	0.360656
0.366197	0.084507	0.535211	0.0140845
0.110329	0.164319	0.694836	0.0305164
0.342105	0.131579	0.473684	0.0526316
0.563636	0.254545	0.0181818	0.163636
0.494118	0.0705882	0.329412	0.105882
0.324324	0.0540541	0.0540541	0.567568
0.342105	0.0263158	0.565789	0.0657895
0.330935	0.0863309	0.453237	0.129496
0.24	0.12	0.04	0.6
0.872611	0.0318471	0.0191083	0.0764331
0.529412	0.235294	0.0294118	0.205882
0.486486	0.0810811	0.405405	0.027027
0.0758621	0.00689655	0.903448	0.0137931
0.777778	0.0555556	0.0555556	0.111111
0.291667	0.333333	0.125	0.25
0.125	0.125	0.625	0.125
0.474576	0.0508475	0.338983	0.135593
0.64	0.02	0.22	0.12
0.5	0.0555556	0.333333	0.111111
0.333333	0.454545	0.0909091	0.121212
0.727273	0.0909091	0.0909091	0.0909091
0.666667	0.0833333	0.125	0.125
0.409091	0.318182	0.0454545	0.227273
0.65	0.05	0.25	0.05
0.736842	0.118421	0.0131579	0.131579
0.388889	0.0833333	0.111111	0.416667
0.387755	0.0408163	0.530612	0.0408163
0.548673	0.0707965	0.265487	0.115044
0.273504	0.521368	0.111111	0.0940171
0.454545	0.0909091	0.363636	0.0909091
0.75	0.015625	0.140625	0.09375
0.23913	0.23913	0.130435	0.391304
0.612903	0.0322581	0.225806	0.129032
0.347826	0.231884	0.188406	0.231884
0.384615	0.423077	0.0769231	0.115385
0.5	0.397436	0.0897436	0.0128205
0.868421	0.0921053	0.0263158	0.0131579
0.057971	0.323671	0.521739	0.0966184
0.917526	0.0103093	0.0103093	0.0618557
0.294118	0.0588235	0.588235	0.0588235
0.2	0.05	0.7	0.05
0.294118	0.0588235	0.588235	0.0588235
0.176471	0.0588235	0.0588235	0.705882
0.590909	0.181818	0.0454545	0.181818
0.32	0.08	0.48	0.12
0.575758	0.0909091	0.242424	0.0909091
0.169014	0.112676	0.0985915	0.619718
0.481818	0.00909091	0.5	0.00909091
0.795455	0.0454545	0.113636	0.0454545
0.339623	0.0188679	0.188679	0.45283
0.2	0.2	0.4	0.2
0.363636	0.436364	0.163636	0.0363636
0.745098	0.0392157	0.0980392	0.117647
0.5	0.0333333	0.3	0.166667
0.272727	0.0909091	0.545455	0.0909091
0.0714286	0.0238095	0.880952	0.0238095
0.421053	0.263158	0.157895	0.157895
0.388747	0.0204604	0.0460358	0.544757
0.6	0.133333	0.2	0.0666667
0.6	0.1	0.2	0.1
0.59375	0.03125	0.34375	0.03125
0.352941	0.235294	0.117647	0.294118
0.413265	0.0408163	0.00510204	0.540816
0.371069	0.0754717	0.396226	0.157233
0.71875	0.0625	0.15625	0.0625
0.503597	0.0503597	0.158273	0.28777
0.0285714	0.0142857	0.0428571	0.914286
0.166667	0.333333	0.333333	0.166667
0.139785	0.0107527	0.0107527	0.83871
0.441624	0.00507614	0.502538	0.0507614
0.264706	0.176471	0.411765	0.147059
0.848101	0.0253165	0.0632911	0.0632911
0.25	0.25	0.25	0.25
0.541667	0.25	0.0416667	0.166667
0.957746	0.0140845	0.0140845	0.0140845
0.525547	0.182482	0.0218978	0.270073
0.666667	0.142857	0.047619	0.142857
0.555556	0.166667	0.222222	0.0555556
0.294118	0.0882353	0.220588	0.397059
0.588235	0.294118	0.0588235	0.0588235
0.72	0.04	0.2	0.04
0.217391	0.0869565	0.0869565	0.608696
0.363636	0.181818	0.25974	0.194805
0.659091	0.113636	0.0227273	0.204545
0.37037	0.111111	0.037037	0.481481
0.482143	0.107143	0.357143	0.0535714
0.32	0.02	0.26	0.4
0.515152	0.030303	0.363636	0.0909091
0.266667	0.0666667	0.6	0.0666667
0.4375	0.125	0.0625	0.375
0.16	0.04	0.08	0.72
0.647059	0.176471	0.117647	0.0588235
0.25	0.25	0.25	0.25
0.34375	0.0625	0.5625	0.03125
0.5	0.308824	0.0441176	0.147059
0.163265	0.142857	0.612245	0.0816327
0.348837	0.0465116	0.0930233	0.511628
0.640625	0.015625	0.3125	0.03125
0.490196	0.0588235	0.0196078	0.431373
0.395349	0.0697674	0.0232558	0.511628
0.0909091	0.136364	0.636364	0.136364
0.648649	0.027027	0.135135	0.189189
0.565217	0.304348	0.0434783	0.0869565
0.116883	0.0519481	0.779221	0.0519481
0.5	0.0555556	0.166667	0.277778
0.287671	0.0547945	0.60274	0.0547945
0.350365	0.0291971	0.0218978	0.59854
0.563218	0.252874	0.045977	0.137931
0.342105	0.0263158	0.0394737	0.592105
0.387097	0.0322581	0.322581	0.258065
0.460227	0.0511364	0.0113636	0.477273
0.362319	0.0724638	0.057971	0.507246
0.2	0.4	0.2	0.2
0.285714	0.142857	0.5	0.0714286
0.25	0.25	0.25	0.25
0.513274	0.00884956	0.00884956	0.469027
0.820225	0.011236	0.0449438	0.123596
0.709677	0.0645161	0.0967742	0.129032
0.648855	0.175573	0.0992366	0.0763359
0.77381	0.0119048	0.0238095	0.190476
0.205128	0.102564	0.666667	0.025641
0.351351	0.486486	0.0540541	0.108108
0.113208	0.132075	0.698113	0.0566038
0.595238	0.0714286	0.0714286	0.261905
0.142857	0.31746	0.206349	0.333333
0.625	0.025	0.05	0.3
0.05	0.05	0.25	0.65
0.105263	0.657895	0.0526316	0.184211
0.267361	0.0277778	0.0486111	0.65625
0.37037	0.0740741	0.407407	0.148148
0.4	0.0666667	0.155556	0.377778
0.238095	0.047619	0.666667	0.047619
0.411765	0.117647	0.411765	0.0588235
0.117647	0.0588235	0.794118	0.0294118
0.0909091	0.0454545	0.818182	0.0454545
0.49481	0.0622837	0.0380623	0.404844
0.454545	0.0909091	0.272727	0.181818
0.417582	0.0659341	0.0879121	0.428571
0.666667	0.0833333	0.166667	0.0833333
0.62069	0.172414	0.0344828	0.172414
0.230769	0.0769231	0.307692	0.384615
0.4	0.0666667	0.4	0.133333
0.557377	0.0327869	0.393443	0.0163934
0.28	0.253333	0.426667	0.04
0.378378	0.324324	0.243243	0.0540541
0.426295	0.0119522	0.0159363	0.545817
0.116071	0.0357143	0.839286	0.00892857
0.692308	0.0769231	0.153846	0.0769231
0.637427	0.0409357	0.0584795	0.263158
0.391304	0.0434783	0.478261	0.0869565
0.5	0.0977011	0.00574713	0.396552
0.419355	0.0967742	0.387097	0.0967742
0.336538	0.0288462	0.625	0.00961538
0.239521	0.0898204	0.664671	0.00598802
0.8	0.0333333	0.0333333	0.133333
0.25	0.25	0.25	0.25
0.533333	0.0666667	0.266667	0.133333
0.6875	0.0625	0.0625	0.1875
0.958991	0.0189274	0.0189274	0.00315457
0.153846	0.0769231	0.692308	0.0769231
0.103448	0.62069	0.0689655	0.206897
0.40678	0.0338983	0.440678	0.118644
0.513761	0.0917431	0.284404	0.110092
0.679245	0.0471698	0.264151	0.00943396
0.272727	0.0181818	0.0727273	0.636364
0.487179	0.0512821	0.102564	0.358974
0.428571	0.0228571	0.537143	0.0114286
0.291667	0.166667	0.5	0.0416667
0.597826	0.076087	0.0217391	0.304348
0.117647	0.117647	0.705882	0.0588235
0.845161	0.0516129	0.0129032	0.0903226
0.5	0.125	0.34375	0.03125
0.532258	0.16129	0.177419	0.129032
0.203008	0.0075188	0.0150376	0.774436
0.652174	0.0869565	0.130435	0.130435
0.25	0.25	0.25	0.25
0.571429	0.0238095	0.214286	0.190476
0.285714	0.142857	0.142857	0.428571
0.325581	0.162791	0.0930233	0.418605
0.450704	0.422535	0.0140845	0.112676
0.597222	0.0972222	0.0555556	0.25
0.1	0.1	0.05	0.75
0.416667	0.0833333	0.458333	0.0416667
0.867647	0.0441176	0.0735294	0.0147059
0.0666667	0.133333	0.733333	0.0666667
0.000287026	0.975603	0.0226751	0.00143513
0.106061	0.030303	0.0208333	0.842803
0.223022	0.0503597	0.697842	0.028777
0.482759	0.0344828	0.0344828	0.448276
0.5	0.0714286	0.214286	0.214286
0.315789	0.578947	0.0526316	0.0526316
0.5625	0.03125	0.375	0.03125
0.157895	0.0526316	0.710526	0.0789474
0.407407	0.185185	0.222222	0.185185
0.297872	0.0319149	0.0638298	0.606383
0.642857	0.0714286	0.0714286	0.214286
0.637795	0.181102	0.11811	0.0629921
0.565657	0.313131	0.0505051	0.0707071
0.0584416	0.00649351	0.925325	0.00974026
0.0666667	0.133333	0.766667	0.0333333
0.454545	0.363636	0.0909091	0.0909091
0.25	0.25	0.125	0.375
0.0877193	0.00877193	0.894737	0.00877193
0.142857	0.0204082	0.244898	0.591837
0.470588	0.176471	0.0588235	0.294118
0.2	0.00952381	0.0857143	0.704762
0.788732	0.0140845	0.183099	0.0140845
0.0540541	0.522523	0.189189	0.234234
0.309524	0.0238095	0.5	0.166667
0.767164	0.0298507	0.0208955	0.18209
0.5	0.166667	0.0555556	0.277778
0.1	0.1	0.75	0.05
0.318584	0.0530973	0.584071	0.0442478
0.272727	0.0909091	0.0909091	0.545455
0.103352	0.075419	0.796089	0.0251397
0.0717822	0.00742574	0.897277	0.0235149
0.230769	0.230769	0.230769	0.307692
0.545455	0.227273	0.136364	0.0909091
0.588235	0.117647	0.0588235	0.235294
0.642857	0.214286	0.0590062	0.0838509
0.479339	0.00826446	0.454545	0.0578512
0.846154	0.0923077	0.0307692	0.0307692
0.74	0.02	0.22	0.02
0.544554	0.0693069	0.118812	0.267327
0.277778	0.194444	0.5	0.0277778
0.297297	0.0540541	0.486486	0.162162
0.304348	0.0434783	0.478261	0.173913
0.0909091	0.484848	0.181818	0.242424
0.25	0.25	0.25	0.25
0.407407	0.296296	0.209877	0.0864198
0.833333	0.047619	0.0952381	0.0238095
0.326923	0.576923	0.0384615	0.0576923
0.00383877	0.0115163	0.0287908	0.955854
0.361111	0.0277778	0.527778	0.0833333
0.807692	0.0384615	0.0384615	0.115385
0.239437	0.084507	0.647887	0.028169
0.103448	0.0689655	0.793103	0.0344828
0.5075	0.0725	0.08	0.34
0.047619	0.047619	0.857143	0.047619
0.519481	0.038961	0.103896	0.337662
0.694444	0.222222	0.0648148	0.0185185
0.505155	0.371134	0.0206186	0.103093
0.591837	0.102041	0.265306	0.0408163
0.513514	0.432432	0.027027	0.027027
0.605263	0.0789474	0.223684	0.0921053
0.25	0.25	0.25	0.25
0.117647	0.117647	0.705882	0.0588235
0.378378	0.27027	0.0540541	0.297297
0.207447	0.037234	0.0159574	0.739362
0.210526	0.631579	0.0789474	0.0789474
0.25	0.25	0.25	0.25
0.761905	0.047619	0.047619	0.142857
0.402439	0.146341	0.414634	0.0365854
0.478261	0.0144928	0.0434783	0.463768
0.566667	0.0333333	0.366667	0.0333333
0.538462	0.025641	0.282051	0.153846
0.5	0.3	0.1	0.1
0.222222	0.0555556	0.666667	0.0555556
0.545455	0.0909091	0.181818	0.181818
0.0625	0.0625	0.791667	0.0833333
0.555556	0.277778	0.0555556	0.111111
0.404762	0.0238095	0.0238095	0.547619
0.5	0.075	0.375	0.05
0.392308	0.269231	0.223077	0.115385
0.322581	0.0322581	0.451613	0.193548
0.527027	0.0135135	0.445946	0.0135135
0.115385	0.230769	0.615385	0.0384615
0.452381	0.130952	0.22619	0.190476
0.428571	0.0952381	0.333333	0.142857
0.538462	0.0769231	0.230769	0.153846
0.208333	0.645833	0.104167	0.0416667
0.526316	0.105263	0.315789	0.0526316
0.428571	0.047619	0.428571	0.0952381
0.855422	0.0722892	0.0481928	0.0240964
0.518519	0.111111	0.0555556	0.314815
0.0645161	0.290323	0.548387	0.0967742
0.394366	0.147887	0.28169	0.176056
0.3	0.166667	0.516667	0.0166667
0.166667	0.0333333	0.6	0.2
0.2	0.25	0.5	0.05
0.297297	0.0540541	0.513514	0.135135
0.25	0.25	0.25	0.25
0.230769	0.0153846	0.723077	0.0307692
0.880952	0.047619	0.047619	0.0238095
0.375	0.0340909	0.556818	0.0340909
0.387097	0.387097	0.16129	0.0645161
0.36	0.04	0.52	0.08
0.752475	0.0792079	0.029703	0.138614
0.280488	0.121951	0.54878	0.0487805
0.64	0.04	0.28	0.04
0.212121	0.181818	0.454545	0.151515
0.416667	0.444444	0.0555556	0.0833333
0.5	0.1875	0.125	0.1875
0.125	0.0625	0.75	0.0625
0.5	0.125	0.3125	0.0625
0.769231	0.0769231	0.0769231	0.0769231
0.0769231	0.0576923	0.846154	0.0192308
0.465116	0.0542636	0.472868	0.00775194
0.25	0.25	0.25	0.25
0.774194	0.129032	0.0322581	0.0645161
0.464789	0.056338	0.422535	0.056338
0.456835	0.0323741	0.0215827	0.489209
0.32	0.08	0.04	0.56
0.357143	0.142857	0.0714286	0.428571
0.304348	0.217391	0.391304	0.0869565
0.253165	0.0126582	0.0632911	0.670886
0.228571	0.0571429	0.685714	0.0285714
0.344828	0.0689655	0.103448	0.482759
0.407407	0.37037	0.0740741	0.148148
0.390144	0.158111	0.10883	0.342916
0.25	0.05	0.05	0.65
0.7	0.1	0.1	0.1
0.397351	0.0198675	0.576159	0.00662252
0.227642	0.105691	0.609756	0.0569106
0.133792	0.0427939	0.0354156	0.787998
0.878049	0.0243902	0.0487805	0.0487805
0.357143	0.0357143	0.571429	0.0357143
0.140468	0.0100334	0.725753	0.123746
0.266667	0.0666667	0.616667	0.05
0.391304	0.130435	0.347826	0.130435
0.8125	0.015625	0.015625	0.15625
0.716981	0.0943396	0.150943	0.0377358
0.378238	0.00518135	0.0569948	0.559585
0.782609	0.0434783	0.0869565	0.0869565
0.192308	0.307692	0.346154	0.153846
0.167582	0.0384615	0.032967	0.760989
0.25	0.611111	0.0277778	0.111111
0.209302	0.0465116	0.0232558	0.72093
0.305556	0.305556	0.361111	0.0277778
0.182482	0.0729927	0.0729927	0.671533
0.625	0.03125	0.03125	0.3125
0.705882	0.0588235	0.176471	0.0588235
0.651163	0.209302	0.0852713	0.0542636
0.344828	0.0344828	0.586207	0.0344828
0.26087	0.130435	0.478261	0.130435
0.389831	0.220339	0.0508475	0.338983
0.204082	0.397959	0.306122	0.0918367
0.344828	0.0172414	0.568966	0.0689655
0.184615	0.0615385	0.723077	0.0307692
0.333333	0.0740741	0.518519	0.0740741
0.24	0.1	0.62	0.04
0.395349	0.534884	0.0465116	0.0232558
0.125	0.25	0.25	0.375
0.5	0.323529	0.147059	0.0294118
0.2375	0.0208333	0.0375	0.704167
0.242881	0.0167504	0.0469012	0.693467
0.538462	0.0769231	0.230769	0.153846
0.355263	0.0131579	0.0526316	0.578947
0.615385	0.153846	0.0769231	0.153846
0.209677	0.016129	0.758065	0.016129
0.696203	0.0337553	0.177215	0.092827
0.311111	0.0666667	0.244444	0.377778
0.5	0.0892857	0.339286	0.0714286
0.214286	0.142857	0.428571	0.214286
0.885714	0.0285714	0.0285714	0.0571429
0.163735	0.037438	0.728011	0.0708164
0.4	0.2	0.2	0.2
0.358209	0.0696517	0.0547264	0.517413
0.3	0.2	0.2	0.3
0.0848708	0.0332103	0.305043	0.576876
0.743644	0.0116525	0.00635593	0.238347
0.148148	0.703704	0.037037	0.111111
0.263158	0.0131579	0.0263158	0.697368
0.235867	0.147173	0.522417	0.0945419
0.914286	0.0285714	0.0285714	0.0285714
0.588235	0.0588235	0.117647	0.235294
0.703704	0.0740741	0.037037	0.185185
0.357143	0.214286	0.214286	0.214286
0.633333	0.0111111	0.3	0.0555556
0.354839	0.0322581	0.483871	0.129032
0.536585	0.0243902	0.317073	0.121951
0.415094	0.0566038	0.0188679	0.509434
0.333333	0.0666667	0.1	0.5
0.569231	0.369231	0.0307692	0.0307692
0.578947	0.0526316	0.157895	0.210526
0.562963	0.0444444	0.0666667	0.325926
0.5	0.05	0.4	0.05
0.151515	0.151515	0.666667	0.030303
0.285714	0.0357143	0.428571	0.25
0.444444	0.0555556	0.388889	0.111111
0.818182	0.0454545	0.0454545	0.0909091
0.833333	0.0555556	0.0555556	0.0555556
0.0833333	0.0833333	0.75	0.0833333
0.176471	0.0588235	0.666667	0.0980392
0.25	0.25	0.25	0.25
0.621212	0.0151515	0.348485	0.0151515
0.288462	0.0384615	0.442308	0.230769
0.533333	0.0666667	0.333333	0.0666667
0.0540541	0.0540541	0.783784	0.108108
0.25	0.02	0.06	0.67
0.465909	0.0227273	0.5	0.0113636
0.1875	0.0625	0.6875	0.0625
0.237288	0.20339	0.474576	0.0847458
0.875	0.03125	0.03125	0.0625
0.511111	0.111111	0.0222222	0.355556
0.204082	0.632653	0.0408163	0.122449
0.716981	0.0188679	0.0566038	0.207547
0.5	0.0769231	0.346154	0.0769231
0.25	0.25	0.25	0.25
0.298077	0.0144231	0.620192	0.0673077
0.377778	0.0444444	0.177778	0.4
0.611111	0.222222	0.111111	0.0555556
0.822222	0.0222222	0.0888889	0.0666667
0.526316	0.157895	0.210526	0.105263
0.69697	0.030303	0.0909091	0.181818
0.533333	0.316667	0.0666667	0.0833333
0.5	0.0555556	0.222222	0.222222
0.4	0.133333	0.333333	0.133333
0.265625	0.1875	0.484375	0.0625
0.684211	0.0526316	0.105263	0.157895
0.255319	0.0425532	0.0260047	0.676123
0.511905	0.0119048	0.0833333	0.392857
0.742857	0.0857143	0.142857	0.0285714
0.888889	0.037037	0.037037	0.037037
0.104167	0.145833	0.729167	0.0208333
0.372093	0.0232558	0.55814	0.0465116
0.5	0.277778	0.166667	0.0555556
0.409091	0.0454545	0.5	0.0454545
0.461538	0.115385	0.230769	0.192308
0.321429	0.0714286	0.535714	0.0714286
0.346154	0.153846	0.384615	0.115385
0.491525	0.372881	0.0338983	0.101695
0.178571	0.678571	0.0714286	0.0714286
0.285714	0.142857	0.285714	0.285714
0.207792	0.0649351	0.012987	0.714286
0.353659	0.182927	0.402439	0.0609756
0.5625	0.0208333	0.291667	0.125
0.444444	0.111111	0.111111	0.333333
0.2	0.0272727	0.763636	0.00909091
0.875	0.0208333	0.0208333	0.0833333
0.473684	0.0526316	0.0526316	0.421053
0.848485	0.030303	0.0909091	0.030303
0.636364	0.0181818	0.290909	0.0545455
0.0730337	0.101124	0.724719	0.101124
0.03125	0.28125	0.59375	0.09375
0.414286	0.0428571	0.0142857	0.528571
0.551724	0.0344828	0.241379	0.172414
0.586207	0.0804598	0.0114943	0.321839
0.777778	0.0439276	0.157623	0.0206718
0.0740741	0.037037	0.740741	0.148148
0.222222	0.333333	0.333333	0.111111
0.423077	0.230769	0.0961538	0.25
0.238095	0.0952381	0.619048	0.047619
0.566667	0.2	0.1	0.133333
0.6	0.1	0.2	0.1
0.83908	0.045977	0.0689655	0.045977
0.123288	0.0890411	0.0599315	0.72774
0.431818	0.159091	0.363636	0.0454545
0.444444	0.111111	0.111111	0.333333
0.820513	0.025641	0.025641	0.128205
0.681818	0.0909091	0.136364	0.0909091
0.314286	0.0285714	0.628571	0.0285714
0.357143	0.214286	0.357143	0.0714286
0.1	0.1	0.7	0.1
0.342857	0.142857	0.285714	0.228571
0.333333	0.047619	0.595238	0.0238095
0.375	0.3125	0.125	0.1875
0.869565	0.0434783	0.0434783	0.0434783
0.411215	0.046729	0.495327	0.046729
0.199041	0.0239808	0.00479616	0.772182
0.6	0.133333	0.0666667	0.2
0.304348	0.0434783	0.521739	0.130435
0.121212	0.010101	0.848485	0.020202
0.914286	0.0285714	0.0285714	0.0285714
0.590909	0.0227273	0.272727	0.113636
0.0277778	0.00925926	0.0740741	0.888889
0.391304	0.217391	0.0652174	0.326087
0.262295	0.639344	0.0163934	0.0819672
0.522523	0.126126	0.297297	0.0540541
0.5	0.1	0.35	0.05
0.307087	0.0866142	0.0433071	0.562992
0.243902	0.070122	0.0487805	0.637195
0.432432	0.5	0.0135135	0.0540541
0.25	0.25	0.375	0.125
0.337176	0.475504	0.037464	0.149856
0.0481928	0.108434	0.831325	0.0120482
0.228916	0.0481928	0.0240964	0.698795
0.213159	0.451332	0.256117	0.079391
0.804598	0.0344828	0.0862069	0.0747126
0.243243	0.108108	0.621622	0.027027
0.431818	0.340909	0.0227273	0.204545
0.333333	0.111111	0.444444	0.111111
0.38	0.48	0.06	0.08
0.25	0.25	0.25	0.25
0.273973	0.0136986	0.0136986	0.69863
0.285714	0.142857	0.52381	0.047619
0.5625	0.125	0.0625	0.25
0.295918	0.0204082	0.673469	0.0102041
0.849162	0.0335196	0.0893855	0.027933
0.362069	0.0862069	0.534483	0.0172414
0.545455	0.0909091	0.272727	0.0909091
0.333333	0.166667	0.166667	0.333333
0.790698	0.0232558	0.0930233	0.0930233
0.4	0.1	0.05	0.45
0.2	0.15	0.6	0.05
0.25	0.25	0.25	0.25
0.571429	0.142857	0.142857	0.142857
0.135135	0.27027	0.108108	0.486486
0.942308	0.0192308	0.0192308	0.0192308
0.6875	0.0625	0.125	0.125
0.25	0.25	0.25	0.25
0.642857	0.214286	0.0714286	0.0714286
0.142857	0.285714	0.285714	0.285714
0.239437	0.0704225	0.239437	0.450704
0.125	0.208333	0.0416667	0.625
0.333333	0.166667	0.25	0.25
0.905797	0.00724638	0.057971	0.0289855
0.1875	0.0833333	0.0208333	0.708333
0.296875	0.015625	0.640625	0.046875
0.9	0.0333333	0.0166667	0.05
0.2	0.0666667	0.266667	0.466667
0.25	0.25	0.25	0.25
0.830769	0.0461538	0.0153846	0.107692
0.529412	0.0588235	0.147059	0.264706
0.512195	0.097561	0.097561	0.292683
0.3125	0.15	0.2	0.3375
0.242857	0.2	0.428571	0.128571
0.47619	0.047619	0.285714	0.190476
0.571429	0.190476	0.190476	0.047619
0.433333	0.516667	0.0166667	0.0333333
0.0985915	0.0422535	0.746479	0.112676
0.225806	0.258065	0.483871	0.0322581
0.931034	0.0344828	0.0229885	0.0114943
0.492754	0.405797	0.0144928	0.0869565
0.466667	0.0666667	0.433333	0.0333333
0.5	0.0555556	0.0555556	0.388889
0.5	0.1	0.2	0.2
0.622222	0.0888889	0.111111	0.177778
0.151515	0.0606061	0.727273	0.0606061
0.333333	0.466667	0.133333	0.0666667
0.111111	0.111111	0.444444	0.333333
0.690476	0.0238095	0.238095	0.047619
0.375	0.166667	0.125	0.333333
0.461538	0.230769	0.0769231	0.230769
0.75	0.107143	0.0714286	0.0714286
0.379032	0.0645161	0.524194	0.0322581
0.266667	0.4	0.2	0.133333
0.454545	0.463636	0.0181818	0.0636364
0.375	0.458333	0.0416667	0.125
0.171429	0.142857	0.6	0.0857143
0.693431	0.0218978	0.182482	0.10219
0.4	0.3	0.1	0.2
0.316667	0.1	0.35	0.233333
0.403846	0.115385	0.384615	0.0961538
0.3	0.2	0.1	0.4
0.435185	0.111111	0.407407	0.0462963
0.352941	0.117647	0.411765	0.117647
0.142857	0.142857	0.428571	0.285714
0.333333	0.166667	0.333333	0.166667
0.222222	0.111111	0.222222	0.444444
0.770833	0.0208333	0.0625	0.145833
0.25	0.25	0.15	0.35
0.166667	0.277778	0.222222	0.333333
0.170213	0.0638298	0.617021	0.148936
0.25	0.1	0.6	0.05
0.263158	0.210526	0.263158	0.263158
0.905405	0.0135135	0.0135135	0.0675676
0.37037	0.0740741	0.518519	0.037037
0.77907	0.0697674	0.0813953	0.0697674
0.465116	0.0930233	0.116279	0.325581
0.327869	0.00546448	0.00546448	0.661202
0.759494	0.0886076	0.0632911	0.0886076
0.351351	0.027027	0.135135	0.486486
0.146341	0.0487805	0.756098	0.0487805
0.149533	0.0700935	0.0350467	0.745327
0.388889	0.166667	0.277778	0.166667
0.307692	0.0769231	0.596154	0.0192308
0.531915	0.234043	0.170213	0.0638298
0.832627	0.00847458	0.059322	0.0995763
0.416667	0.291667	0.0416667	0.25
0.391304	0.0869565	0.478261	0.0434783
0.133333	0.133333	0.6	0.133333
0.611111	0.0277778	0.222222	0.138889
0.117647	0.117647	0.705882	0.0588235
0.285714	0.190476	0.47619	0.047619
0.383562	0.0958904	0.465753	0.0547945
0.320755	0.0566038	0.603774	0.0188679
0.344828	0.091954	0.091954	0.471264
0.477064	0.0458716	0.33945	0.137615
0.32	0.04	0.62	0.02
0.190217	0.00543478	0.00543478	0.798913
0.84	0.0533333	0.08	0.0266667
0.25	0.25	0.25	0.25
0.4	0.264286	0.0285714	0.307143
0.36	0.04	0.0533333	0.546667
0.545455	0.0909091	0.0909091	0.272727
0.368421	0.0350877	0.0350877	0.561404
0.461538	0.0153846	0.0153846	0.507692
0.43662	0.309859	0.028169	0.225352
0.265625	0.046875	0.015625	0.671875
0.652893	0.0413223	0.0661157	0.239669
0.5	0.25	0.1	0.15
0.375	0.0625	0.4375	0.125
0.36	0.293333	0.0533333	0.293333
0.324324	0.027027	0.594595	0.0540541
0.291667	0.0416667	0.0833333	0.583333
0.847909	0.0494297	0.0418251	0.0608365
0.258065	0.645161	0.0645161	0.0322581
0.277778	0.0555556	0.652778	0.0138889
0.5	0.15625	0.03125	0.3125
0.580645	0.129032	0.258065	0.0322581
0.16	0.12	0.68	0.04
0.34375	0.0625	0.40625	0.1875
0.467742	0.0645161	0.016129	0.451613
0.333333	0.0833333	0.416667	0.166667
0.272727	0.568182	0.113636	0.0454545
0.739726	0.232877	0.0136986	0.0136986
0.2	0.1	0.6	0.1
0.380952	0.0952381	0.47619	0.047619
0.111111	0.333333	0.222222	0.333333
0.761905	0.190476	0.0238095	0.0238095
0.625	0.1875	0.125	0.0625
0.529412	0.0441176	0.0882353	0.338235
0.0497512	0.0176893	0.908237	0.0243228
0.722222	0.111111	0.138889	0.0277778
0.212766	0.702128	0.0212766	0.0638298
0.3125	0.0625	0.1875	0.4375
0.142857	0.0178571	0.75	0.0892857
0.55814	0.27907	0.116279	0.0465116
0.1	0.1	0.7	0.1
0.594595	0.0810811	0.283784	0.0405405
0.176471	0.0294118	0.647059	0.147059
0.259259	0.0175439	0.0467836	0.676413
0.5	0.125	0.1875	0.1875
0.631579	0.0789474	0.263158	0.0263158
0.25	0.25	0.25	0.25
0.25	0.25	0.25	0.25
0.53022	0.101648	0.10989	0.258242
0.136842	0.463158	0.389474	0.0105263
0.75	0.0625	0.125	0.0625
0.00683761	0.97265	0.0119658	0.00854701
0.1	0.166667	0.466667	0.266667
0.27027	0.0135135	0.675676	0.0405405
0.384615	0.0192308	0.538462	0.0576923
0.642857	0.0714286	0.214286	0.0714286
0.183333	0.0166667	0.766667	0.0333333
0.142857	0.142857	0.428571	0.285714
0.175	0.15	0.425	0.25
0.416667	0.222222	0.333333	0.0277778
0.409091	0.181818	0.0454545	0.363636
0.470588	0.0588235	0.411765	0.0588235
0.222222	0.037037	0.62963	0.111111
0.725	0.128571	0.121429	0.025
0.423077	0.0769231	0.442308	0.0576923
0.851064	0.0638298	0.0212766	0.0638298
0.777778	0.0555556	0.0555556	0.111111
0.25	0.25	0.25	0.25
0.40625	0.09375	0.0625	0.4375
0.666667	0.142857	0.047619	0.142857
0.3125	0.25	0.3125	0.125
0.5	0.125	0.125	0.25
0.689655	0.137931	0.0344828	0.137931
0.314286	0.0714286	0.0714286	0.542857
0.555556	0.0555556	0.333333	0.0555556
0.638298	0.0212766	0.319149	0.0212766
0.4375	0.328125	0.03125	0.203125
0.145431	0.037323	0.03861	0.778636
0.277778	0.0277778	0.509259	0.185185
0.5	0.0142857	0.471429	0.0142857
0.315789	0.0526316	0.578947	0.0526316
0.175	0.05	0.7625	0.0125
0.295082	0.0655738	0.606557	0.0327869
0.490683	0.0310559	0.397516	0.0807453
0.452381	0.047619	0.428571	0.0714286
0.261682	0.0280374	0.0373832	0.672897
0.113636	0.0681818	0.772727	0.0454545
0.2	0.2	0.2	0.4
0.652174	0.217391	0.0869565	0.0434783
0.666667	0.111111	0.166667	0.0555556
0.261146	0.0828025	0.509554	0.146497
0.25	0.25	0.25	0.25
0.25	0.25	0.25	0.25
0.333333	0.047619	0.571429	0.047619
0.5	0.06	0.38	0.06
0.13239	0.0932556	0.0233139	0.751041
0.5	0.1	0.2	0.2
0.0555556	0.222222	0.666667	0.0555556
0.344828	0.241379	0.310345	0.103448
0.136364	0.0909091	0.727273	0.0454545
0.398058	0.126214	0.184466	0.291262
0.25	0.25	0.25	0.25
0.285714	0.2	0.428571	0.0857143
0.816794	0.0381679	0.0305344	0.114504
0.353846	0.0307692	0.0769231	0.538462
0.34	0.02	0.6	0.04
0.526316	0.0526316	0.105263	0.315789
0.208333	0.708333	0.0416667	0.0416667
0.59322	0.355932	0.0169492	0.0338983
0.595238	0.047619	0.309524	0.047619
0.571429	0.142857	0.142857	0.142857
0.235294	0.0588235	0.647059	0.0588235
0.470588	0.235294	0.176471	0.117647
0.357143	0.309524	0.309524	0.0238095
0.419558	0.0126183	0.022082	0.545741
0.470588	0.176471	0.176471	0.176471
0.333333	0.166667	0.333333	0.166667
0.148148	0.0740741	0.481481	0.296296
0.25	0.0416667	0.666667	0.0416667
0.122222	0.0666667	0.0592593	0.751852
0.857143	0.0178571	0.0357143	0.0892857
0.5	0.0454545	0.0454545	0.409091
0.377358	0.0188679	0.566038	0.0377358
0.647059	0.117647	0.117647	0.117647
0.270833	0.541667	0.0625	0.125
0.935065	0.012987	0.012987	0.038961
0.457143	0.171429	0.314286	0.0571429
0.25	0.25	0.25	0.25
0.25	0.25	0.25	0.25
0.633333	0.0666667	0.166667	0.133333
0.615385	0.0769231	0.0769231	0.230769
0.241379	0.172414	0.517241	0.0689655
0.0675182	0.0857664	0.0583942	0.788321
0.6875	0.125	0.0625	0.125
0.539773	0.306818	0.102273	0.0511364
0.268293	0.170732	0.487805	0.0731707
0.237705	0.00819672	0.721311	0.0327869
0.472727	0.0181818	0.454545	0.0545455
0.638889	0.0277778	0.194444	0.138889
0.67	0.06	0.13	0.14
0.3125	0.0625	0.3125	0.3125
0.232687	0.174515	0.33241	0.260388
0.689655	0.0344828	0.0689655	0.206897
0.588235	0.0588235	0.235294	0.117647
0.243902	0.195122	0.414634	0.146341
0.185185	0.703704	0.0740741	0.037037
0.352113	0.084507	0.535211	0.028169
0.25	0.25	0.25	0.25
0.25	0.25	0.25	0.25
0.513514	0.0135135	0.378378	0.0945946
0.778689	0.0409836	0.057377	0.122951
0.2	0.2	0.4	0.2
0.210526	0.105263	0.263158	0.421053
0.846154	0.010989	0.0989011	0.043956
0.376812	0.101449	0.057971	0.463768
0.194175	0.0485437	0.708738	0.0485437
0.422619	0.0178571	0.39881	0.160714
0.560976	0.0243902	0.341463	0.0731707
0.333333	0.0833333	0.5	0.0833333
0.12963	0.0185185	0.833333	0.0185185
0.333333	0.166667	0.166667	0.333333
0.615385	0.115385	0.0769231	0.192308
0.413793	0.0689655	0.448276	0.0689655
0.583333	0.0333333	0.366667	0.0166667
0.0980392	0.0980392	0.137255	0.666667
0.585366	0.0487805	0.121951	0.243902
0.25	0.166667	0.333333	0.25
0.40625	0.015625	0.484375	0.09375
0.2	0.133333	0.533333	0.133333
0.386364	0.0113636	0.238636	0.363636
0.375	0.125	0.25	0.25
0.130435	0.0434783	0.0869565	0.73913
0.2	0.4	0.2	0.2
0.0166667	0.25	0.716667	0.0166667
0.13172	0.370968	0.373656	0.123656
0.642857	0.142857	0.142857	0.0714286
0.25	0.25	0.25	0.25
0.263158	0.0263158	0.657895	0.0526316
0.227273	0.272727	0.318182	0.181818
0.52459	0.0491803	0.409836	0.0163934
0.206522	0.0217391	0.0434783	0.728261
0.477966	0.0813559	0.386441	0.0542373
0.454545	0.136364	0.136364	0.272727
0.24	0.08	0.54	0.14
0.214286	0.142857	0.571429	0.0714286
0.314815	0.148148	0.037037	0.5
0.701754	0.263158	0.0233918	0.0116959
0.434783	0.0434783	0.434783	0.0869565
0.75	0.170455	0.0568182	0.0227273
0.158451	0.0246479	0.799296	0.0176056
0.75	0.0555556	0.0833333	0.111111
0.444444	0.0185185	0.5	0.037037
0.307692	0.0769231	0.115385	0.5
0.125	0.375	0.25	0.25
0.139683	0.047619	0.0285714	0.784127
0.105882	0.0345588	0.809559	0.05
0.0952381	0.142857	0.047619	0.714286
0.617647	0.0882353	0.0294118	0.264706
0.560748	0.345794	0.0654206	0.0280374
0.4	0.05	0.35	0.2
0.5	0.0384615	0.423077	0.0384615
0.25	0.5	0.2	0.05
0.580645	0.0322581	0.290323	0.0967742
0.2	0.04	0.64	0.12
0.25	0.25	0.25	0.25
0.32	0.04	0.04	0.6
0.7	0.1	0.1	0.1
0.150538	0.0107527	0.0215054	0.817204
0.274725	0.186813	0.527473	0.010989
0.313725	0.137255	0.372549	0.176471
0.746032	0.015873	0.222222	0.015873
0.24	0.04	0.02	0.7
0.416667	0.25	0.166667	0.166667
0.257143	0.0857143	0.628571	0.0285714
0.355	0.155	0.01	0.48
0.0714286	0.0714286	0.785714	0.0714286
0.666667	0.0606061	0.212121	0.0606061
0.6	0.1	0.05	0.25
0.186047	0.162791	0.0697674	0.581395
0.638889	0.0277778	0.0277778	0.305556
0.444444	0.222222	0.222222	0.111111
0.789474	0.0263158	0.0526316	0.131579
0.434783	0.26087	0.130435	0.173913
0.5625	0.125	0.125	0.1875
0.529412	0.176471	0.176471	0.117647
0.316667	0.0166667	0.1	0.566667
0.265306	0.0408163	0.122449	0.571429
0.827586	0.0689655	0.0344828	0.0689655
0.461538	0.153846	0.0769231	0.307692
0.15	0.05	0.15	0.65
0.375	0.125	0.25	0.25
0.740741	0.037037	0.037037	0.185185
0.416667	0.0333333	0.0666667	0.483333
0.428571	0.142857	0.285714	0.142857
0.2	0.2	0.2	0.4
0.232143	0.0357143	0.678571	0.0535714
0.333333	0.140351	0.315789	0.210526
0.863636	0.0454545	0.0454545	0.0454545
0.0909091	0.0909091	0.636364	0.181818
0.791667	0.166667	0.0208333	0.0208333
0.411429	0.0228571	0.554286	0.0114286
0.740741	0.0123457	0.0864198	0.160494
0.826087	0.0434783	0.0434783	0.0869565
0.5	0.0416667	0.291667	0.166667
0.25	0.0833333	0.166667	0.5
0.142857	0.571429	0.142857	0.142857
0.317073	0.0243902	0.609756	0.0487805
0.408759	0.0656934	0.0218978	0.50365
0.634146	0.292683	0.0243902	0.0487805
0.461538	0.0769231	0.384615	0.0769231
0.444444	0.222222	0.222222	0.111111
0.160714	0.0178571	0.767857	0.0535714
0.669118	0.110294	0.132353	0.0882353
0.157895	0.0526316	0.0526316	0.736842
0.146341	0.390244	0.243902	0.219512
0.266667	0.0666667	0.133333	0.533333
0.192308	0.0384615	0.0769231	0.692308
0.307692	0.0769231	0.384615	0.230769
0.701613	0.104839	0.169355	0.0241935
0.322581	0.0967742	0.258065	0.322581
0.105263	0.105263	0.578947	0.210526
0.304348	0.478261	0.0434783	0.173913
0.12	0.04	0.68	0.16
0.435294	0.0235294	0.529412	0.0117647
0.666667	0.111111	0.0555556	0.166667
0.444444	0.333333	0.111111	0.111111
0.404255	0.0212766	0.553191	0.0212766
0.5	0.363636	0.0909091	0.0454545
0.238095	0.190476	0.52381	0.047619
0.15	0.1	0.55	0.2
0.75	0.0833333	0.0833333	0.0833333
0.439024	0.0731707	0.097561	0.390244
0.25	0.25	0.25	0.25
0.424242	0.030303	0.454545	0.0909091
0.358025	0.222222	0.123457	0.296296
0.470588	0.0588235	0.352941	0.117647
0.333333	0.606061	0.030303	0.030303
0.222222	0.222222	0.333333	0.222222
0.166667	0.111111	0.611111	0.111111
0.583893	0.033557	0.00671141	0.375839
0.470588	0.0294118	0.147059	0.352941
0.636364	0.121212	0.0606061	0.181818
0.328125	0.078125	0.125	0.46875
0.354839	0.0645161	0.516129	0.0645161
0.3	0.2	0.1	0.4
0.277778	0.0555556	0.611111	0.0555556
0.902439	0.0243902	0.0146341	0.0585366
0.00840336	0.911765	0.00420168	0.0756303
0.642857	0.0714286	0.25	0.0357143
0.0666667	0.333333	0.333333	0.266667
0.483871	0.0645161	0.419355	0.0322581
0.378738	0.0299003	0.521595	0.0697674
0.6875	0.0625	0.0625	0.1875
0.571429	0.142857	0.142857	0.142857
0.380952	0.142857	0.428571	0.047619
0.454545	0.0909091	0.0909091	0.363636
0.73913	0.0869565	0.0869565	0.0869565
0.05	0.2	0.7	0.05
0.28	0.04	0.64	0.04
0.121951	0.0487805	0.756098	0.0731707
0.181818	0.113636	0.590909	0.113636
0.486111	0.305556	0.0277778	0.180556
0.447368	0.0526316	0.473684	0.0263158
0.30303	0.0606061	0.515152	0.121212
0.703704	0.0555556	0.111111	0.12963
0.290323	0.16129	0.16129	0.387097
0.380952	0.142857	0.238095	0.238095
0.326531	0.0408163	0.0204082	0.612245
0.2	0.0666667	0.0666667	0.666667
0.65625	0.15625	0.09375	0.09375
0.380403	0.0317003	0.0230548	0.564841
0.369565	0.0652174	0.5	0.0652174
0.393939	0.30303	0.212121	0.0909091
0.456	0.016	0.496	0.032
0.5	0.125	0.25	0.125
0.418605	0.348837	0.209302	0.0232558
0.258065	0.129032	0.580645	0.0322581
0.526316	0.263158	0.105263	0.105263
0.847458	0.0847458	0.0338983	0.0338983
0.485714	0.0285714	0.0571429	0.428571
0.03125	0.03125	0.875	0.0625
0.24	0.04	0.04	0.68
0.730769	0.0384615	0.0384615	0.192308
0.313725	0.0784314	0.372549	0.235294
0.5625	0.125	0.125	0.1875
0.352941	0.0588235	0.117647	0.470588
0.390625	0.015625	0.484375	0.109375
0.0949367	0.0316456	0.056962	0.816456
0.836601	0.0261438	0.117647	0.0196078
0.380952	0.428571	0.0952381	0.0952381
0.273775	0.0936599	0.0619597	0.570605
0.315217	0.119565	0.0217391	0.543478
0.91	0.04	0.01	0.04
0.326531	0.00765306	0.0102041	0.655612
0.0821114	0.739736	0.115469	0.0626833
0.588235	0.0588235	0.0882353	0.264706
0.3	0.35	0.1	0.25
0.684211	0.0263158	0.210526	0.0789474
0.19943	0.0541311	0.700855	0.045584
0.28	0.06	0.54	0.12
0.446809	0.0212766	0.489362	0.0425532
0.428571	0.285714	0.142857	0.142857
0.375	0.375	0.125	0.125
0.59375	0.125	0.09375	0.1875
0.685714	0.114286	0.142857	0.0571429
0.541667	0.0416667	0.291667	0.125
0.340426	0.0212766	0.0425532	0.595745
0.413793	0.0689655	0.0344828	0.482759
0.66129	0.0806452	0.0645161	0.193548
0.547945	0.328767	0.0547945	0.0684932
0.260274	0.643836	0.0273973	0.0684932
0.672414	0.0344828	0.0517241	0.241379
0.108747	0.00236407	0.0520095	0.836879
0.75	0.05	0.05	0.15
0.881944	0.0532407	0.00925926	0.0555556
0.0810811	0.189189	0.594595	0.135135
0.222222	0.333333	0.333333	0.111111
0.5	0.0769231	0.346154	0.0769231
0.634518	0.147208	0.0558376	0.162437
0.263158	0.0526316	0.0789474	0.605263
0.333333	0.111111	0.222222	0.333333
0.485714	0.0285714	0.471429	0.0142857
0.186047	0.0465116	0.744186	0.0232558
0.316964	0.0446429	0.607143	0.03125
0.733333	0.0666667	0.133333	0.0666667
0.527027	0.148649	0.216216	0.108108
0.26087	0.0434783	0.130435	0.565217
0.708333	0.0833333	0.166667	0.0416667
0.384615	0.115385	0.0384615	0.461538
0.222222	0.111111	0.644444	0.0222222
0.828571	0.0571429	0.0571429	0.0571429
0.54	0.04	0.2	0.22
0.4375	0.125	0.25	0.1875
0.875	0.03125	0.015625	0.078125
0.0357143	0.0714286	0.857143	0.0357143
0.366667	0.1	0.366667	0.166667
0.461538	0.0769231	0.230769	0.230769
0.361371	0.00623053	0.00934579	0.623053
0.333333	0.311111	0.177778	0.177778
0.294118	0.176471	0.352941	0.176471
0.541237	0.056701	0.0257732	0.376289
0.491525	0.0847458	0.0847458	0.338983
0.731707	0.0731707	0.182927	0.0121951
0.611111	0.166667	0.111111	0.111111
0.25	0.0769231	0.538462	0.134615
0.153846	0.0659341	0.571429	0.208791
0.142857	0.285714	0.285714	0.285714
0.545455	0.136364	0.0454545	0.272727
0.472222	0.194444	0.25	0.0833333
0.333333	0.047619	0.380952	0.238095
0.363636	0.0909091	0.454545	0.0909091
0.666667	0.0833333	0.0833333	0.166667
0.485294	0.0294118	0.441176	0.0441176
0.257576	0.030303	0.030303	0.681818
0.4	0.12	0.44	0.04
0.8125	0.0625	0.0625	0.0625
0.3	0.05	0.6	0.05
0.189655	0.0517241	0.706897	0.0517241
0.560185	0.0185185	0.365741	0.0555556
0.666667	0.0277778	0.166667	0.138889
0.315789	0.0526316	0.578947	0.0526316
0.25	0.15	0.55	0.05
0.24	0.02	0.68	0.06
0.709677	0.129032	0.0322581	0.129032
0.333333	0.0458716	0.0214067	0.599388
0.25	0.05	0.65	0.05
0.631579	0.0315789	0.0947368	0.242105
0.178571	0.0714286	0.678571	0.0714286
0.112676	0.028169	0.809859	0.0492958
0.4	0.05	0.15	0.4
0.568182	0.25	0.136364	0.0454545
0.216867	0.0120482	0.686747	0.0843373
0.688889	0.0888889	0.133333	0.0888889
0.74	0.12	0.06	0.08
0.32	0.1	0.38	0.2
0.720721	0.0990991	0.0720721	0.108108
0.673077	0.0384615	0.0961538	0.192308
0.272727	0.0909091	0.363636	0.272727
0.307692	0.0769231	0.538462	0.0769231
0.508475	0.0169492	0.0169492	0.457627
0.333333	0.0185185	0.462963	0.185185
0.192308	0.0384615	0.692308	0.0769231
0.323529	0.176471	0.0441176	0.455882
0.2	0.2	0.4	0.2
0.30303	0.121212	0.030303	0.545455
0.529412	0.0588235	0.352941	0.0588235
0.333333	0.166667	0.333333	0.166667
0.157895	0.210526	0.157895	0.473684
0.666667	0.111111	0.148148	0.0740741
0.227273	0.0454545	0.590909	0.136364
0.206897	0.0689655	0.586207	0.137931
0.52809	0.0337079	0.0224719	0.41573
0.258065	0.016129	0.0645161	0.66129
0.55	0.35	0.05	0.05
0.432432	0.135135	0.405405	0.027027
0.461538	0.307692	0.192308	0.0384615
0.814815	0.0185185	0.12037	0.0462963
0.746032	0.0529101	0.0529101	0.148148
0.35	0.0125	0.5625	0.075
0.3125	0.0625	0.0625	0.5625
0.310345	0.137931	0.482759	0.0689655
0.25	0.0625	0.625	0.0625
0.511628	0.0232558	0.325581	0.139535
0.533333	0.133333	0.0666667	0.266667
0.6	0.1	0.1	0.2
0.783784	0.0675676	0.0743243	0.0743243
0.181818	0.181818	0.545455	0.0909091
0.377049	0.0327869	0.0163934	0.57377
0.307692	0.0461538	0.6	0.0461538
0.458333	0.0208333	0.395833	0.125
0.410256	0.0769231	0.307692	0.205128
0.353426	0.00669758	0.0278207	0.612056
0.4	0.1	0.1	0.4
0.533333	0.0222222	0.0222222	0.422222
0.2	0.00833333	0.566667	0.225
0.137746	0.0268336	0.0161002	0.81932
0.181818	0.181818	0.363636	0.272727
0.647059	0.0882353	0.117647	0.147059
0.284722	0.0763889	0.534722	0.104167
0.176471	0.0588235	0.529412	0.235294
0.380952	0.238095	0.238095	0.142857
0.284553	0.349593	0.219512	0.146341
0.619048	0.0952381	0.238095	0.047619
0.139535	0.0697674	0.581395	0.209302
0.45283	0.0566038	0.427673	0.0628931
0.852535	0.101382	0.0322581	0.0138249
0.17284	0.0246914	0.0185185	0.783951
0.333333	0.0277778	0.527778	0.111111
0.785714	0.0357143	0.0357143	0.142857
0.117978	0.0449438	0.0955056	0.741573
0.875	0.0416667	0.0208333	0.0625
0.196429	0.0357143	0.0178571	0.75
0.225806	0.0322581	0.709677	0.0322581
0.396226	0.433962	0.0566038	0.113208
0.156863	0.0196078	0.0882353	0.735294
0.121622	0.027027	0.0540541	0.797297
0.615385	0.153846	0.0769231	0.153846
0.558824	0.0588235	0.0294118	0.352941
0.380952	0.333333	0.238095	0.047619
0.625	0.0833333	0.125	0.166667
0.461538	0.0769231	0.0769231	0.384615
0.554795	0.0205479	0.383562	0.0410959
0.361702	0.361702	0.234043	0.0425532
0.428571	0.171429	0.228571	0.171429
0.166667	0.125	0.0833333	0.625
0.826087	0.0434783	0.0869565	0.0434783
0.428571	0.142857	0.2	0.228571
0.307692	0.0769231	0.538462	0.0769231
0.123894	0.0884956	0.778761	0.00884956
0.142857	0.142857	0.642857	0.0714286
0.169811	0.0754717	0.641509	0.113208
0.331325	0.427711	0.0421687	0.198795
0.421875	0.015625	0.03125	0.53125
0.65	0.0125	0.3	0.0375
0.576271	0.0508475	0.0169492	0.355932
0.0997501	0.0265232	0.848933	0.0247934
0.729167	0.0208333	0.166667	0.0833333
0.411765	0.176471	0.235294	0.176471
0.527273	0.0636364	0.0727273	0.336364
0.480226	0.276836	0.0847458	0.158192
0.318584	0.0929204	0.455752	0.132743
0.813333	0.0933333	0.04	0.0533333
0.423077	0.125	0.384615	0.0673077
0.49	0.16	0.17	0.18
0.384615	0.0769231	0.384615	0.153846
0.5	0.138889	0.222222	0.138889
0.25	0.25	0.25	0.25
0.931624	0.00854701	0.039886	0.019943
0.779221	0.0519481	0.142857	0.025974
0.163793	0.00862069	0.793103	0.0344828
0.67033	0.120879	0.164835	0.043956
0.0178571	0.0714286	0.875	0.0357143
0.503571	0.00357143	0.328571	0.164286
0.490909	0.218182	0.0909091	0.2
0.209302	0.0232558	0.104651	0.662791
0.3125	0.125	0.425	0.1375
0.25	0.25	0.25	0.25
0.75	0.125	0.09375	0.03125
0.335443	0.00949367	0.572785	0.0822785
0.55	0.375	0.05	0.025
0.416667	0.472222	0.0277778	0.0833333
0.114286	0.114286	0.742857	0.0285714
0.898734	0.0126582	0.0253165	0.0632911
0.1	0.15	0.7	0.05
0.444444	0.222222	0.111111	0.222222
0.352941	0.117647	0.470588	0.0588235
0.527778	0.138889	0.111111	0.222222
0.236842	0.526316	0.0526316	0.184211
0.559322	0.0225989	0.039548	0.378531
0.0725389	0.0632124	0.830052	0.0341969
0.852381	0.0714286	0.047619	0.0285714
0.304348	0.0434783	0.608696	0.0434783
0.245283	0.0660377	0.59434	0.0943396
0.428571	0.285714	0.214286	0.0714286
0.857143	0.0357143	0.0714286	0.0357143
0.5	0.05	0.4	0.05
0.608696	0.0869565	0.0869565	0.217391
0.4625	0.175	0.15	0.2125
0.214286	0.0357143	0.0714286	0.678571
0.7	0.1	0.1	0.1
0.394366	0.084507	0.492958	0.028169
0.794118	0.0294118	0.0294118	0.147059
0.0740741	0.148148	0.185185	0.592593
0.203704	0.0185185	0.740741	0.037037
0.826087	0.0869565	0.0434783	0.0434783
0.888	0.04	0.056	0.016
0.025974	0.545455	0.285714	0.142857
0.233333	0.0222222	0.666667	0.0777778
0.290909	0.00909091	0.672727	0.0272727
0.222222	0.0617284	0.679012	0.037037
0.183099	0.0422535	0.084507	0.690141
0.370968	0.177419	0.419355	0.0322581
0.108696	0.474308	0.337945	0.0790514
0.0588235	0.117647	0.0588235	0.764706
0.444444	0.166667	0.0277778	0.361111
0.0606061	0.030303	0.878788	0.030303
0.168675	0.0481928	0.626506	0.156627
0.0833333	0.0833333	0.666667	0.166667
0.57377	0.0163934	0.393443	0.0163934
0.2	0.2	0.2	0.4
0.282051	0.025641	0.666667	0.025641
0.25	0.25	0.25	0.25
0.392857	0.452381	0.0714286	0.0833333
0.130435	0.391304	0.347826	0.130435
0.5	0.130435	0.0217391	0.347826
0.703704	0.037037	0.148148	0.111111
0.156863	0.0196078	0.0980392	0.72549
0.4	0.2	0.2	0.2
0.469697	0.424242	0.030303	0.0757576
0.166667	0.0666667	0.4	0.366667
0.72549	0.0588235	0.0392157	0.176471
0.816667	0.05	0.0166667	0.116667
0.208333	0.125	0.625	0.0416667
0.488372	0.0232558	0.0930233	0.395349
0.258621	0.0172414	0.0689655	0.655172
0.215686	0.0392157	0.117647	0.627451
0.574468	0.0212766	0.191489	0.212766
0.242424	0.0606061	0.666667	0.030303
0.272727	0.0681818	0.636364	0.0227273
0.230769	0.0769231	0.538462	0.153846
0.666667	0.037037	0.037037	0.259259
0.560976	0.0731707	0.170732	0.195122
0.25	0.25	0.25	0.25
0.245614	0.0526316	0.614035	0.0877193
0.385714	0.0142857	0.528571	0.0714286
0.803571	0.0357143	0.0178571	0.142857
0.295082	0.00819672	0.00819672	0.688525
0.588235	0.0588235	0.0392157	0.313725
0.625	0.125	0.1875	0.0625
0.195767	0.031746	0.666667	0.10582
0.823529	0.0588235	0.0294118	0.0882353
0.678571	0.0357143	0.214286	0.0714286
0.342857	0.0171429	0.0571429	0.582857
0.181818	0.212121	0.560606	0.0454545
0.5	0.0714286	0.357143	0.0714286
0.681818	0.0454545	0.227273	0.0454545
0.284672	0.00364964	0.0474453	0.664234
0.427273	0.0727273	0.109091	0.390909
0.419512	0.121951	0.385366	0.0731707
0.190476	0.142857	0.619048	0.047619
0.25	0.25	0.25	0.25
0.45614	0.192982	0.105263	0.245614
0.386861	0.364964	0.0364964	0.211679
0.351351	0.027027	0.567568	0.0540541
0.47561	0.121951	0.0853659	0.317073
0.426471	0.0294118	0.0441176	0.5
0.69697	0.0909091	0.121212	0.0909091
0.663161	0.0515604	0.199118	0.0861601
0.485714	0.0285714	0.428571	0.0571429
0.0406977	0.0174419	0.0348837	0.906977
0.828571	0.0285714	0.0285714	0.114286
0.615385	0.230769	0.115385	0.0384615
0.491803	0.0491803	0.327869	0.131148
0.557895	0.0210526	0.347368	0.0736842
0.454545	0.030303	0.484848	0.030303
0.25641	0.025641	0.025641	0.692308
0.842105	0.0526316	0.0526316	0.0526316
0.482759	0.0344828	0.344828	0.137931
0.0706052	0.0917387	0.820365	0.0172911
0.506173	0.123457	0.358025	0.0123457
0.567657	0.00990099	0.0264026	0.39604
0.0909091	0.0909091	0.636364	0.181818
0.342857	0.142857	0.485714	0.0285714
0.428571	0.0714286	0.428571	0.0714286
0.368243	0.00337838	0.216216	0.412162
0.328125	0.1875	0.390625	0.09375
0.363636	0.0909091	0.454545	0.0909091
0.65625	0.0625	0.1875	0.09375
0.279693	0.00766284	0.0153257	0.697318
0.373333	0.453333	0.04	0.133333
0.840909	0.0909091	0.0454545	0.0227273
0.253807	0.0203046	0.685279	0.0406091
0.25	0.125	0.375	0.25
0.163934	0.0327869	0.0163934	0.786885
0.428571	0.0714286	0.357143	0.142857
0.5	0.0714286	0.357143	0.0714286
0.1375	0.0125	0.0125	0.8375
0.333333	0.047619	0.559524	0.0595238
0.105263	0.105263	0.736842	0.0526316
0.378378	0.358108	0.0878378	0.175676
0.211111	0.0611111	0.0444444	0.683333
0.5	0.25	0.125	0.125
0.277778	0.0277778	0.638889	0.0555556
0.123606	0.0557621	0.783457	0.0371747
0.2	0.133333	0.4	0.266667
0.575758	0.030303	0.363636	0.030303
0.181818	0.0454545	0.0454545	0.727273
0.5	0.0416667	0.375	0.0833333
0.571429	0.193277	0.176471	0.0588235
0.235294	0.117647	0.470588	0.176471
0.478261	0.0434783	0.130435	0.347826
0.568182	0.0227273	0.318182	0.0909091
0.538462	0.153846	0.153846	0.153846
0.0307692	0.350769	0.513846	0.104615
0.62069	0.0344828	0.241379	0.103448
0.485714	0.0571429	0.0714286	0.385714
0.363636	0.363636	0.181818	0.0909091
0.485714	0.0142857	0.0285714	0.471429
0.333333	0.0952381	0.547619	0.0238095
0.260753	0.0215054	0.0295699	0.688172
0.264151	0.641509	0.0188679	0.0754717
0.659091	0.136364	0.181818	0.0227273
0.411765	0.117647	0.397059	0.0735294
0.285714	0.0357143	0.625	0.0535714
0.4375	0.0833333	0.125	0.354167
0.111111	0.222222	0.111111	0.555556
0.433333	0.133333	0.1	0.333333
0.347368	0.568421	0.0736842	0.0105263
0.25	0.0625	0.625	0.0625
0.619048	0.047619	0.047619	0.285714
0.8	0.0461538	0.123077	0.0307692
0.326531	0.622449	0.0306122	0.0204082
0.796296	0.0740741	0.037037	0.0925926
0.285714	0.607143	0.0714286	0.0357143
0.232558	0.476744	0.116279	0.174419
0.5	0.111111	0.111111	0.277778
0.565217	0.0434783	0.217391	0.173913
0.447368	0.0789474	0.131579	0.342105
0.52	0.04	0.12	0.32
0.357143	0.214286	0.214286	0.214286
0.423077	0.0769231	0.384615	0.115385
0.0555556	0.0555556	0.666667	0.222222
0.26	0.00571429	0.00571429	0.728571
0.576271	0.0338983	0.355932	0.0338983
0.333333	0.166667	0.166667	0.333333
0.142857	0.190476	0.142857	0.52381
0.927419	0.00806452	0.0322581	0.0322581
0.371429	0.114286	0.171429	0.342857
0.301887	0.386792	0.207547	0.103774
0.388889	0.0555556	0.0555556	0.5
0.319444	0.0277778	0.625	0.0277778
0.269231	0.153846	0.538462	0.0384615
0.7875	0.125	0.05	0.0375
0.166667	0.166667	0.5	0.166667
0.798387	0.0322581	0.0766129	0.0927419
0.380531	0.0442478	0.0176991	0.557522
0.315789	0.0947368	0.115789	0.473684
0.414634	0.0487805	0.487805	0.0487805
0.428774	0.411765	0.0566974	0.102764
0.25	0.0833333	0.611111	0.0555556
0.8	0.0333333	0.1	0.0666667
0.185897	0.0705128	0.570513	0.173077
0.678571	0.0357143	0.0178571	0.267857
0.142857	0.047619	0.666667	0.142857
0.245902	0.196721	0.52459	0.0327869
0.66129	0.0806452	0.145161	0.112903
0.761905	0.142857	0.047619	0.047619
0.72973	0.0540541	0.162162	0.0540541
0.55	0.1	0.221429	0.128571
0.277778	0.0277778	0.638889	0.0555556
0.192308	0.0384615	0.730769	0.0384615
0.642857	0.0952381	0.047619	0.214286
0.127119	0.0148305	0.855932	0.00211864
0.473684	0.263158	0.210526	0.0526316
0.518519	0.222222	0.0740741	0.185185
0.296296	0.037037	0.62963	0.037037
0.125	0.25	0.5	0.125
0.133333	0.0666667	0.2	0.6
0.865672	0.0149254	0.0746269	0.0447761
0.830189	0.0377358	0.0188679	0.113208
0.5	0.140845	0.119718	0.239437
0.694656	0.0687023	0.160305	0.0763359
0.139241	0.0632911	0.607595	0.189873
0.554745	0.00729927	0.0328467	0.405109
0.661765	0.0441176	0.0882353	0.205882
0.0789474	0.0789474	0.815789	0.0263158
0.0273973	0.0136986	0.931507	0.0273973
0.545455	0.159091	0.0909091	0.204545
0.331288	0.0337423	0.0398773	0.595092
0.142857	0.428571	0.392857	0.0357143
0.262248	0.0951009	0.602305	0.0403458
0.75	0.0147059	0.0735294	0.161765
0.454545	0.0181818	0.454545	0.0727273
0.594203	0.0289855	0.0434783	0.333333
0.153846	0.0769231	0.153846	0.615385
0.925926	0.00925926	0.0277778	0.037037
0.604839	0.237903	0.00806452	0.149194
0.538462	0.0769231	0.346154	0.0384615
0.518519	0.296296	0.111111	0.0740741
0.75	0.075	0.05	0.125
0.482759	0.275862	0.137931	0.103448
0.5	0.205882	0.235294	0.0588235
0.296804	0.575342	0.0456621	0.0821918
0.15	0.0333333	0.783333	0.0333333
0.577778	0.0444444	0.177778	0.2
0.524752	0.168317	0.257426	0.049505
0.363636	0.0454545	0.0454545	0.545455
0.0789474	0.631579	0.210526	0.0789474
0.183673	0.102041	0.632653	0.0816327
0.6	0.1	0.2	0.1
0.302752	0.46789	0.192661	0.0366972
0.166667	0.0666667	0.566667	0.2
0.518519	0.37037	0.0740741	0.037037
0.481481	0.0740741	0.037037	0.407407
0.407895	0.0263158	0.539474	0.0263158
0.301724	0.00862069	0.0431034	0.646552
0.5	0.0487805	0.426829	0.0243902
0.304878	0.219512	0.0914634	0.384146
0.3	0.0666667	0.0333333	0.6
0.4	0.428571	0.114286	0.0571429
0.526316	0.0526316	0.157895	0.263158
0.294118	0.117647	0.470588	0.117647
0.0490196	0.377451	0.495098	0.0784314
0.227273	0.0227273	0.590909	0.159091
0.906667	0.0333333	0.00666667	0.0533333
0.173913	0.0289855	0.652174	0.144928
0.465909	0.00378788	0.526515	0.00378788
0.441176	0.0588235	0.397059	0.102941
0.7	0.05	0.1	0.15
0.40625	0.25	0.3125	0.03125
0.68	0.08	0.12	0.12
0.563636	0.0181818	0.381818	0.0363636
0.0943396	0.113208	0.754717	0.0377358
0.398693	0.30719	0.143791	0.150327
0.177778	0.0222222	0.755556	0.0444444
0.142857	0.0952381	0.714286	0.047619
0.515464	0.103093	0.340206	0.0412371
0.65625	0.078125	0.0625	0.203125
0.765432	0.0493827	0.0617284	0.123457
0.529412	0.0294118	0.411765	0.0294118
0.57265	0.111111	0.025641	0.290598
0.766667	0.0666667	0.133333	0.0333333
0.652778	0.0416667	0.222222	0.0833333
0.185185	0.666667	0.0740741	0.0740741
0.613333	0.0133333	0.173333	0.2
0.519231	0.0192308	0.423077	0.0384615
0.25	0.25	0.25	0.25
0.222222	0.0222222	0.666667	0.0888889
0.409091	0.0454545	0.0454545	0.5
0.333333	0.166667	0.277778	0.222222
0.682927	0.121951	0.146341	0.0487805
0.342857	0.477551	0.0530612	0.126531
0.893617	0.0212766	0.0638298	0.0212766
0.409091	0.318182	0.227273	0.0454545
0.3	0.2	0.4	0.1
0.236111	0.0138889	0.0347222	0.715278
0.489583	0.0833333	0.364583	0.0625
0.827586	0.0344828	0.0689655	0.0689655
0.468085	0.106383	0.319149	0.106383
0.764706	0.0392157	0.107843	0.0882353
0.438356	0.0136986	0.479452	0.0684932
0.115385	0.423077	0.423077	0.0384615
0.369565	0.217391	0.304348	0.108696
0.0666667	0.0333333	0.833333	0.0666667
0.222222	0.111111	0.444444	0.222222
0.703704	0.148148	0.111111	0.037037
0.611111	0.138889	0.138889	0.111111
0.255319	0.0425532	0.659574	0.0425532
0.621622	0.0540541	0.0810811	0.243243
0.190476	0.0952381	0.047619	0.666667
0.153846	0.384615	0.230769	0.230769
0.467836	0.111111	0.0233918	0.397661
0.307692	0.307692	0.0769231	0.307692
0.583333	0.0833333	0.166667	0.166667
0.1875	0.03125	0.6875	0.09375
0.483871	0.0322581	0.443548	0.0403226
0.335404	0.00621118	0.571429	0.0869565
0.810345	0.0689655	0.0689655	0.0517241
0.676923	0.184615	0.0307692	0.107692
0.771429	0.0571429	0.0857143	0.0857143
0.375	0.09375	0.34375	0.1875
0.212121	0.0606061	0.151515	0.575758
0.684615	0.169231	0.0307692	0.115385
0.333333	0.438596	0.122807	0.105263
0.5	0.1	0.3	0.1
0.0930233	0.0232558	0.813953	0.0697674
0.46875	0.1875	0.03125	0.3125
0.479167	0.0208333	0.4375	0.0625
0.353448	0.0172414	0.603448	0.0258621
0.428571	0.285714	0.142857	0.142857
0.222222	0.111111	0.444444	0.222222
0.16129	0.0645161	0.0698925	0.704301
0.223301	0.572816	0.0194175	0.184466
0.75	0.05	0.05	0.15
0.341463	0.0243902	0.0243902	0.609756
0.653061	0.102041	0.0204082	0.22449
0.1	0.4	0.4	0.1
0.774194	0.0322581	0.16129	0.0322581
0.407407	0.0740741	0.0740741	0.444444
0.151515	0.0606061	0.757576	0.030303
0.870968	0.0322581	0.0645161	0.0322581
0.65	0.15	0.05	0.15
0.117647	0.176471	0.235294	0.470588
0.54386	0.0526316	0.280702	0.122807
0.439114	0.0110701	0.0590406	0.490775
0.134375	0.034375	0.003125	0.828125
0.583333	0.166667	0.0833333	0.166667
0.454545	0.151515	0.0606061	0.333333
0.210106	0.0452128	0.630319	0.114362
0.118421	0.763158	0.0131579	0.105263
0.349282	0.0143541	0.0861244	0.550239
0.853659	0.0243902	0.0731707	0.0487805
0.149289	0.042654	0.035545	0.772512
0.837209	0.0465116	0.00775194	0.108527
0.25	0.0833333	0.166667	0.5
0.3	0.05	0.05	0.6
0.0833333	0.166667	0.583333	0.166667
0.478261	0.195652	0.0326087	0.293478
0.6	0.0666667	0.266667	0.0666667
0.773585	0.0188679	0.169811	0.0377358
0.45614	0.0526316	0.0350877	0.45614
0.344828	0.0689655	0.517241	0.0689655
0.3125	0.3125	0.25	0.125
0.342857	0.0857143	0.0285714	0.542857
0.235294	0.0294118	0.705882	0.0294118
0.472727	0.0545455	0.4	0.0727273
0.484277	0.289308	0.100629	0.125786
0.267176	0.0381679	0.0305344	0.664122
0.285714	0.142857	0.285714	0.285714
0.617021	0.148936	0.170213	0.0638298
0.25641	0.0512821	0.128205	0.564103
0.637097	0.120968	0.0725806	0.169355
0.607843	0.235294	0.0784314	0.0784314
0.777778	0.0555556	0.111111	0.0555556
0.26087	0.0434783	0.0434783	0.652174
0.765306	0.0204082	0.163265	0.0510204
0.5	0.2	0.1	0.2
0.361111	0.0277778	0.166667	0.444444
0.571429	0.107143	0.107143	0.214286
0.489796	0.0612245	0.122449	0.326531
0.3875	0.00625	0.0125	0.59375
0.293103	0.224138	0.362069	0.12069
0.421875	0.09375	0.015625	0.46875
0.443396	0.0377358	0.5	0.0188679
0.625	0.1875	0.125	0.0625
0.208333	0.0416667	0.0833333	0.666667
0.163265	0.0102041	0.0306122	0.795918
0.382979	0.0212766	0.234043	0.361702
0.22	0.2	0.48	0.1
0.708333	0.0833333	0.0416667	0.166667
0.869863	0.0342466	0.0616438	0.0342466
0.0689655	0.0689655	0.758621	0.103448
0.42735	0.0598291	0.025641	0.487179
0.340206	0.0103093	0.0515464	0.597938
0.25	0.25	0.25	0.25
0.555556	0.0833333	0.277778	0.0833333
0.367347	0.0612245	0.346939	0.22449
0.466667	0.0222222	0.0222222	0.488889
0.52	0.08	0.32	0.08
0.380734	0.00917431	0.0366972	0.573394
0.234568	0.0246914	0.0246914	0.716049
0.753247	0.0324675	0.168831	0.0454545
0.320755	0.113208	0.0754717	0.490566
0.179775	0.179775	0.0561798	0.58427
0.5	0.214286	0.0714286	0.214286
0.142857	0.25	0.0714286	0.535714
0.0714286	0.142857	0.0714286	0.714286
0.27027	0.027027	0.027027	0.675676
0.210526	0.0526316	0.105263	0.631579
0.294118	0.117647	0.0882353	0.5
0.567568	0.0045045	0.027027	0.400901
0.25	0.25	0.25	0.25
0.518519	0.0185185	0.037037	0.425926
0.251497	0.011976	0.0538922	0.682635
0.142857	0.0285714	0.228571	0.6
0.210526	0.289474	0.184211	0.315789
0.60452	0.0282486	0.0141243	0.353107
0.444444	0.00854701	0.0213675	0.525641
0.242604	0.00295858	0.0147929	0.739645
0.346457	0.023622	0.110236	0.519685
0.333333	0.133333	0.133333	0.4
0.476974	0.0427632	0.0197368	0.460526
0.571429	0.047619	0.0952381	0.285714
0.477509	0.0588235	0.00692042	0.456747
0.181818	0.0909091	0.0909091	0.636364
0.363636	0.0606061	0.0151515	0.560606
0.140562	0.156627	0.0120482	0.690763
0.2	0.1	0.3	0.4
0.111111	0.111111	0.222222	0.555556
0.5	0.0833333	0.166667	0.25
0.4	0.05	0.15	0.4
0.521739	0.173913	0.0434783	0.26087
0.670886	0.0632911	0.0379747	0.227848
0.478261	0.0521739	0.0347826	0.434783
0.533333	0.133333	0.0555556	0.277778
0.181818	0.0909091	0.0454545	0.681818
0.246512	0.195349	0.00465116	0.553488
0.25	0.25	0.125	0.375
0.441176	0.176471	0.0588235	0.323529
0.35942	0.0376812	0.0434783	0.55942
0.705882	0.0294118	0.205882	0.0588235
0.375	0.1875	0.0625	0.375
0.808219	0.0684932	0.0273973	0.0958904
0.413793	0.0689655	0.0344828	0.482759
0.238095	0.333333	0.285714	0.142857
0.0833333	0.0833333	0.0416667	0.791667
0.0666667	0.133333	0.133333	0.666667
0.647887	0.056338	0.0422535	0.253521
0.489796	0.0612245	0.0408163	0.408163
0.4	0.133333	0.133333	0.333333
0.4375	0.03125	0.03125	0.5
0.25	0.25	0.25	0.25
0.5	0.05	0.05	0.4
0.349296	0.0422535	0.0197183	0.588732
0.302181	0.0155763	0.046729	0.635514
0.363636	0.0454545	0.227273	0.363636
0.2	0.2	0.2	0.4
0.304348	0.347826	0.217391	0.130435
0.163636	0.0181818	0.0363636	0.781818
0.338235	0.0147059	0.0441176	0.602941
0.446809	0.0106383	0.0319149	0.510638
