0.309524	0.309524	0.190476	0.119048	0.0714286
0.32	0.12	0.28	0.24	0.04
0.303571	0.0392857	0.189286	0.0321429	0.435714
0.0833333	0.0833333	0.708333	0.0833333	0.0416667
0.370968	0.0322581	0.0241935	0.00806452	0.564516
0.333333	0.166667	0.0555556	0.166667	0.277778
0.04	0.04	0.04	0.84	0.04
0.2	0.2	0.2	0.2	0.2
0.309091	0.0545455	0.181818	0.418182	0.0363636
0.262295	0.163934	0.0983607	0.114754	0.360656
0.285714	0.0612245	0.387755	0.244898	0.0204082
0.15625	0.40625	0.3125	0.03125	0.09375
0.422222	0.0555556	0.222222	0.288889	0.0111111
0.66129	0.0483871	0.0645161	0.145161	0.0806452
0.406475	0.115108	0.18705	0.0827338	0.208633
0.0638298	0.0283688	0.191489	0.695035	0.0212766
0.15	0.1	0.25	0.45	0.05
0.3125	0.0208333	0.0208333	0.625	0.0208333
0.232558	0.627907	0.0232558	0.0930233	0.0232558
0.242857	0.114286	0.171429	0.4	0.0714286
0.457627	0.0677966	0.0169492	0.0338983	0.423729
0.217391	0.0652174	0.521739	0.0217391	0.173913
0.583333	0.0416667	0.0208333	0.0208333	0.333333
0.166667	0.333333	0.166667	0.166667	0.166667
0.555556	0.0222222	0.0222222	0.111111	0.288889
0.434783	0.0434783	0.0434783	0.0869565	0.391304
0.409091	0.181818	0.0454545	0.227273	0.136364
0.363636	0.181818	0.0909091	0.272727	0.0909091
0.133333	0.2	0.0666667	0.133333	0.466667
0.0259918	0.0191518	0.0314637	0.00136799	0.922025
0.517241	0.0344828	0.137931	0.206897	0.103448
0.703704	0.037037	0.185185	0.037037	0.037037
0.0847458	0.40678	0.322034	0.0338983	0.152542
0.540984	0.0819672	0.213115	0.0819672	0.0819672
0.53211	0.174312	0.183486	0.0183486	0.0917431
0.264045	0.00561798	0.0168539	0.011236	0.702247
0.125	0.0625	0.125	0.625	0.0625
0.269231	0.0384615	0.0384615	0.538462	0.115385
0.365079	0.269841	0.126984	0.174603	0.0634921
0.0672269	0.0980392	0.795518	0.0112045	0.0280112
0.516854	0.0786517	0.123596	0.011236	0.269663
0.511111	0.0555556	0.0111111	0.0777778	0.344444
0.277778	0.111111	0.166667	0.0555556	0.388889
0.212121	0.454545	0.166667	0.0151515	0.151515
0.65099	0.0891089	0.0915842	0.019802	0.148515
0.00518135	0.0673575	0.0259067	0.0259067	0.875648
0.0909091	0.424242	0.0909091	0.030303	0.363636
0.2125	0.025	0.7125	0.01875	0.03125
0.735294	0.0294118	0.0294118	0.0294118	0.176471
0.738776	0.220408	0.00408163	0.0163265	0.0204082
0.693878	0.122449	0.102041	0.0204082	0.0612245
0.133333	0.0666667	0.0333333	0.7	0.0666667
0.326531	0.0204082	0.0938776	0.530612	0.0285714
0.1	0.0222222	0.1	0.766667	0.0111111
0.458333	0.125	0.0416667	0.0833333	0.291667
0.475	0.15	0.1	0.05	0.225
0.575342	0.0136986	0.0410959	0.0273973	0.342466
0.308824	0.0294118	0.0882353	0.0147059	0.558824
0.48	0.04	0.16	0.16	0.16
0.404762	0.5	0.047619	0.0238095	0.0238095
0.576923	0.0769231	0.0384615	0.230769	0.0769231
0.5625	0.0208333	0.0625	0.0208333	0.333333
0.190476	0.166667	0.52381	0.047619	0.0714286
0.171717	0.686869	0.0808081	0.010101	0.0505051
0.357143	0.119048	0.214286	0.285714	0.0238095
0.30303	0.363636	0.0606061	0.181818	0.0909091
0.2	0.0444444	0.222222	0.488889	0.0444444
0.117647	0.0882353	0.205882	0.470588	0.117647
0.333333	0.0833333	0.0416667	0.0972222	0.444444
0.413043	0.173913	0.304348	0.0434783	0.0652174
0.0769231	0.0384615	0.230769	0.5	0.153846
0.5	0.0714286	0.214286	0.0714286	0.142857
0.526316	0.157895	0.105263	0.157895	0.0526316
0.478261	0.130435	0.0434783	0.26087	0.0869565
0.433962	0.0188679	0.0377358	0.0125786	0.496855
0.698113	0.207547	0.0377358	0.0188679	0.0377358
0.315789	0.0350877	0.140351	0.473684	0.0350877
0.285714	0.0952381	0.142857	0.428571	0.047619
0.460317	0.126984	0.015873	0.047619	0.349206
0.2	0.15	0.2	0.15	0.3
0.285714	0.285714	0.0714286	0.214286	0.142857
0.272727	0.0681818	0.0227273	0.568182	0.0681818
0.390625	0.28125	0.1875	0.109375	0.03125
0.264706	0.0882353	0.235294	0.294118	0.117647
0.111111	0.222222	0.111111	0.111111	0.444444
0.2	0.2	0.2	0.2	0.2
0.0714286	0.0714286	0.142857	0.642857	0.0714286
0.2	0.2	0.2	0.2	0.2
0.390244	0.0243902	0.463415	0.097561	0.0243902
0.0952381	0.119048	0.309524	0.404762	0.0714286
0.32	0.08	0.16	0.36	0.08
0.642241	0.0344828	0.00862069	0.0258621	0.288793
0.786885	0.0163934	0.0163934	0.0491803	0.131148
0.475	0.375	0.025	0.05	0.075
0.155556	0.0222222	0.155556	0.644444	0.0222222
0.0520833	0.0104167	0.0208333	0.03125	0.885417
0.578947	0.157895	0.157895	0.0526316	0.0526316
0.304688	0.0625	0.015625	0.015625	0.601562
0.0833333	0.166667	0.166667	0.333333	0.25
0.411765	0.117647	0.0588235	0.352941	0.0588235
0.461538	0.0769231	0.153846	0.230769	0.0769231
0.902357	0.0505051	0.016835	0.026936	0.003367
0.15409	0.0638522	0.261214	0.50343	0.0174142
0.0769231	0.0769231	0.230769	0.538462	0.0769231
0.771186	0.0762712	0.00847458	0.0423729	0.101695
0.411765	0.137255	0.0588235	0.313725	0.0784314
0.257709	0.030837	0.601322	0.0991189	0.0110132
0.4	0.133333	0.0666667	0.2	0.2
0.394379	0.0502188	0.00921447	0.00806266	0.538125
0.321429	0.25	0.0357143	0.285714	0.107143
0.419355	0.0645161	0.225806	0.0645161	0.225806
0.625	0.0833333	0.166667	0.0833333	0.0416667
0.449102	0.0658683	0.0419162	0.0179641	0.42515
0.357143	0.0714286	0.25	0.303571	0.0178571
0.09375	0.0625	0.0625	0.65625	0.125
0.0454545	0.0909091	0.0454545	0.772727	0.0454545
0.111111	0.0555556	0.583333	0.194444	0.0555556
0.434783	0.130435	0.0869565	0.173913	0.173913
0.284722	0.0694444	0.0555556	0.00694444	0.583333
0.583333	0.0277778	0.111111	0.111111	0.166667
0.581395	0.0232558	0.0697674	0.0465116	0.27907
0.172043	0.387097	0.306452	0.123656	0.0107527
0.295082	0.114754	0.0491803	0.491803	0.0491803
0.732394	0.056338	0.056338	0.056338	0.0985915
0.5	0.346154	0.0769231	0.0384615	0.0384615
0.152047	0.0964912	0.573099	0.0497076	0.128655
0.232558	0.0155039	0.271318	0.457364	0.0232558
0.431985	0.0569853	0.0294118	0.0165441	0.465074
0.176471	0.0588235	0.0588235	0.647059	0.0588235
0.438596	0.0350877	0.00877193	0.5	0.0175439
0.375	0.104167	0.208333	0.229167	0.0833333
0.333333	0.111111	0.0444444	0.466667	0.0444444
0.554545	0.0545455	0.0363636	0.0727273	0.281818
0.26943	0.0466321	0.11399	0.564767	0.00518135
0.657143	0.0857143	0.0285714	0.0285714	0.2
0.303571	0.160714	0.0535714	0.464286	0.0178571
0.185185	0.259259	0.148148	0.037037	0.37037
0.0247525	0.0247525	0.856436	0.0247525	0.0693069
0.434783	0.0652174	0.0434783	0.0217391	0.434783
0.333333	0.222222	0.111111	0.222222	0.111111
0.605634	0.169014	0.028169	0.0492958	0.147887
0.323529	0.0588235	0.176471	0.411765	0.0294118
0.2	0.2	0.2	0.2	0.2
0.0526316	0.0526316	0.315789	0.368421	0.210526
0.333333	0.111111	0.333333	0.111111	0.111111
0.142857	0.285714	0.142857	0.142857	0.285714
0.48	0.04	0.36	0.08	0.04
0.105263	0.157895	0.210526	0.473684	0.0526316
0.641026	0.025641	0.205128	0.102564	0.025641
0.5	0.346154	0.0769231	0.0128205	0.0641026
0.483333	0.0666667	0.316667	0.0916667	0.0416667
0.379822	0.0148368	0.0326409	0.0118694	0.560831
0.176471	0.0588235	0.147059	0.558824	0.0588235
0.570175	0.0877193	0.0350877	0.27193	0.0350877
0.571429	0.0714286	0.0714286	0.0714286	0.214286
0.105263	0.0526316	0.105263	0.684211	0.0526316
0.5	0.1	0.15	0.2	0.05
0.245902	0.0163934	0.245902	0.42623	0.0655738
0.235294	0.176471	0.235294	0.117647	0.235294
0.309278	0.113402	0.0206186	0.0412371	0.515464
0.25	0.125	0.125	0.25	0.25
0.411765	0.176471	0.0588235	0.0588235	0.294118
0.380952	0.0952381	0.285714	0.0952381	0.142857
0.285714	0.0714286	0.142857	0.428571	0.0714286
0.636364	0.113636	0.0681818	0.0681818	0.113636
0.205128	0.0128205	0.602564	0.0512821	0.128205
0.2	0.2	0.2	0.2	0.2
0.395349	0.0348837	0.127907	0.406977	0.0348837
0.357401	0.548736	0.0505415	0.0180505	0.0252708
0.030303	0.0606061	0.242424	0.606061	0.0606061
0.775701	0.046729	0.0373832	0.0186916	0.121495
0.181818	0.454545	0.136364	0.0909091	0.136364
0.307692	0.384615	0.0384615	0.192308	0.0769231
0.333333	0.0666667	0.0666667	0.0133333	0.52
0.1	0.1	0.5	0.2	0.1
0.820225	0.134831	0.0224719	0.011236	0.011236
0.25	0.416667	0.0277778	0.0555556	0.25
0.332226	0.0598007	0.172757	0.0166113	0.418605
0.421053	0.0263158	0.421053	0.0263158	0.105263
0.318966	0.0215517	0.0301724	0.0323276	0.596983
0.307692	0.032967	0.10989	0.516484	0.032967
0.362637	0.483516	0.043956	0.0824176	0.0274725
0.236686	0.0591716	0.0236686	0.00591716	0.674556
0.526316	0.105263	0.0526316	0.105263	0.210526
0.444444	0.111111	0.111111	0.111111	0.222222
0.224719	0.0561798	0.269663	0.314607	0.134831
0.517045	0.232955	0.0454545	0.119318	0.0852273
0.0928793	0.0499779	0.781513	0.0468819	0.0287483
0.297872	0.542553	0.0531915	0.0425532	0.0638298
0.369863	0.479452	0.0821918	0.0136986	0.0547945
0.567376	0.035461	0.212766	0.134752	0.0496454
0.25	0.375	0.125	0.125	0.125
0.766667	0.1	0.0333333	0.0666667	0.0333333
0.117647	0.323529	0.235294	0.176471	0.147059
0.20339	0.627119	0.0169492	0.0169492	0.135593
0.450292	0.0116959	0.0467836	0.0116959	0.479532
0.210526	0.0526316	0.105263	0.578947	0.0526316
0.16092	0.0977011	0.241379	0.408046	0.091954
0.428571	0.238095	0.0952381	0.0952381	0.142857
0.480519	0.12987	0.0909091	0.0519481	0.246753
0.388889	0.222222	0.111111	0.0555556	0.222222
0.351852	0.037037	0.185185	0.407407	0.0185185
0.392857	0.0357143	0.0178571	0.0892857	0.464286
0.277778	0.111111	0.541667	0.0555556	0.0138889
0.646341	0.0121951	0.0487805	0.0121951	0.280488
0.489362	0.0212766	0.170213	0.297872	0.0212766
0.272727	0.0454545	0.0909091	0.545455	0.0454545
0.183673	0.183673	0.122449	0.469388	0.0408163
0.627907	0.139535	0.0697674	0.139535	0.0232558
0.108696	0.717391	0.0217391	0.0652174	0.0869565
0.235294	0.117647	0.558824	0.0294118	0.0588235
0.653846	0.0384615	0.0192308	0.269231	0.0192308
0.131403	0.0612472	0.0267261	0.00556793	0.775056
0.354839	0.516129	0.0241935	0.0241935	0.0806452
0.129412	0.164706	0.352941	0.141176	0.211765
0.363636	0.0454545	0.0227273	0.545455	0.0227273
0.428571	0.0714286	0.0714286	0.285714	0.142857
0.0909091	0.272727	0.0909091	0.181818	0.363636
0.382911	0.0221519	0.515823	0.0316456	0.0474684
0.530504	0.066313	0.0397878	0.0557029	0.307692
0.382716	0.0246914	0.0617284	0.037037	0.493827
0.32	0.12	0.08	0.4	0.08
0.189189	0.027027	0.027027	0.108108	0.648649
0.435115	0.00763359	0.122137	0.0152672	0.419847
0.170213	0.0425532	0.468085	0.234043	0.0851064
0.116279	0.0465116	0.44186	0.325581	0.0697674
0.442308	0.230769	0.134615	0.0576923	0.134615
0.428571	0.142857	0.142857	0.261905	0.0238095
0.235294	0.205882	0.352941	0.147059	0.0588235
0.268293	0.0243902	0.487805	0.170732	0.0487805
0.46875	0.1875	0.09375	0.15625	0.09375
0.741935	0.0645161	0.0645161	0.0967742	0.0322581
0.331148	0.495082	0.0819672	0.0491803	0.042623
0.380952	0.0238095	0.166667	0.404762	0.0238095
0.644444	0.0888889	0.0888889	0.111111	0.0666667
0.272727	0.0909091	0.0909091	0.181818	0.363636
0.285714	0.047619	0.047619	0.119048	0.5
0.0714286	0.214286	0.5	0.0714286	0.142857
0.451613	0.0645161	0.129032	0.225806	0.129032
0.387205	0.111111	0.0639731	0.0707071	0.367003
0.360656	0.180328	0.0819672	0.360656	0.0163934
0.463415	0.268293	0.0487805	0.097561	0.121951
0.0178571	0.0357143	0.0892857	0.839286	0.0178571
0.239669	0.107438	0.31405	0.322314	0.0165289
0.423077	0.153846	0.0384615	0.346154	0.0384615
0.0927835	0.0103093	0.762887	0.103093	0.0309278
0.45283	0.415094	0.0188679	0.0754717	0.0377358
0.111111	0.0185185	0.666667	0.111111	0.0925926
0.56	0.16	0.04	0.2	0.04
0.0714286	0.0714286	0.0357143	0.785714	0.0357143
0.311688	0.0779221	0.545455	0.0194805	0.0454545
0.0833333	0.25	0.416667	0.166667	0.0833333
0.135135	0.0135135	0.0810811	0.716216	0.0540541
0.344828	0.0172414	0.103448	0.456897	0.0775862
0.571429	0.238095	0.0952381	0.047619	0.047619
0.666667	0.212121	0.0606061	0.030303	0.030303
0.328358	0.0298507	0.104478	0.402985	0.134328
0.296296	0.259259	0.296296	0.111111	0.037037
0.76	0.15	0.01	0.05	0.03
0.254902	0.627451	0.0588235	0.0392157	0.0196078
0.025	0.025	0.075	0.85	0.025
0.326531	0.408163	0.0612245	0.102041	0.102041
0.344262	0.606557	0.0163934	0.0163934	0.0163934
0.76875	0.03125	0.1625	0.01875	0.01875
0.08	0.08	0.16	0.56	0.12
0.107143	0.0714286	0.142857	0.571429	0.107143
0.590909	0.0909091	0.0909091	0.136364	0.0909091
0.178571	0.0357143	0.642857	0.107143	0.0357143
0.125	0.753049	0.0640244	0.0304878	0.027439
0.6	0.157143	0.0857143	0.1	0.0571429
0.259259	0.62963	0.037037	0.037037	0.037037
0.3	0.2	0.1	0.1	0.3
0.307692	0.547009	0.0683761	0.0598291	0.017094
0.416667	0.0416667	0.0833333	0.125	0.333333
0.2	0.2	0.2	0.2	0.2
0.0188679	0.0188679	0.0943396	0.849057	0.0188679
0.35	0.2	0.275	0.05	0.125
0.5	0.1	0.25	0.05	0.1
0.2	0.2	0.2	0.2	0.2
0.218182	0.00909091	0.190909	0.0181818	0.563636
0.636364	0.0454545	0.0454545	0.181818	0.0909091
0.355932	0.288136	0.152542	0.0677966	0.135593
0.243902	0.317073	0.0243902	0.390244	0.0243902
0.0428571	0.0714286	0.185714	0.642857	0.0571429
0.482759	0.241379	0.103448	0.0689655	0.103448
0.0294118	0.176471	0.0588235	0.676471	0.0588235
0.0454545	0.0454545	0.0909091	0.772727	0.0454545
0.243243	0.0702703	0.151351	0.513514	0.0216216
0.619048	0.047619	0.047619	0.047619	0.238095
0.674419	0.0232558	0.0697674	0.139535	0.0930233
0.369231	0.0307692	0.415385	0.123077	0.0615385
0.377778	0.111111	0.222222	0.0444444	0.244444
0.5	0.125	0.125	0.125	0.125
0.571429	0.0714286	0.0357143	0.107143	0.214286
0.0294118	0.294118	0.411765	0.117647	0.147059
0.575758	0.0757576	0.272727	0.0151515	0.0606061
0.44	0.16	0.08	0.04	0.28
0.590909	0.181818	0.0909091	0.0454545	0.0909091
0.473684	0.105263	0.105263	0.0526316	0.263158
0.238095	0.214286	0.380952	0.0952381	0.0714286
0.633333	0.0666667	0.133333	0.0666667	0.1
0.25	0.166667	0.0833333	0.416667	0.0833333
0.227273	0.0454545	0.0909091	0.590909	0.0454545
0.380952	0.047619	0.0634921	0.47619	0.031746
0.430769	0.0461538	0.0307692	0.476923	0.0153846
0.630631	0.027027	0.0900901	0.18018	0.0720721
0.26087	0.282609	0.173913	0.23913	0.0434783
0.229508	0.245902	0.0327869	0.0491803	0.442623
0.513043	0.0956522	0.226087	0.130435	0.0347826
0.228022	0.0384615	0.0164835	0.0164835	0.700549
0.0588235	0.0588235	0.176471	0.588235	0.117647
0.111111	0.333333	0.222222	0.0555556	0.277778
0.666667	0.0833333	0.0833333	0.0833333	0.0833333
0.15	0.025	0.65	0.15	0.025
0.333333	0.0952381	0.0952381	0.428571	0.047619
0.176471	0.0882353	0.0294118	0.5	0.205882
0.333333	0.128205	0.025641	0.25641	0.25641
0.62069	0.137931	0.0689655	0.0344828	0.137931
0.82069	0.0344828	0.0896552	0.00689655	0.0482759
0.777778	0.0888889	0.0444444	0.0111111	0.0777778
0.6	0.1	0.1	0.1	0.1
0.45	0.075	0.15	0.15	0.175
0.352941	0.0882353	0.205882	0.323529	0.0294118
0.758621	0.0344828	0.0172414	0.0172414	0.172414
0.268041	0.0721649	0.0618557	0.536082	0.0618557
0.264706	0.0294118	0.117647	0.5	0.0882353
0.431034	0.441379	0.0724138	0.0103448	0.0448276
0.0521739	0.0347826	0.252174	0.617391	0.0434783
0.0666667	0.0666667	0.0333333	0.566667	0.266667
0.287671	0.0136986	0.136986	0.0273973	0.534247
0.132075	0.0566038	0.0188679	0.698113	0.0943396
0.15625	0.03125	0.46875	0.3125	0.03125
0.0740741	0.037037	0.592593	0.222222	0.0740741
0.235294	0.156863	0.470588	0.0588235	0.0784314
0.0416667	0.0208333	0.0416667	0.833333	0.0625
0.421053	0.0526316	0.0526316	0.421053	0.0526316
0.263158	0.0263158	0.131579	0.552632	0.0263158
0.129032	0.0967742	0.365591	0.225806	0.182796
0.615385	0.0576923	0.0384615	0.0961538	0.192308
0.172414	0.12069	0.293103	0.396552	0.0172414
0.5	0.0625	0.03125	0.375	0.03125
0.2	0.2	0.2	0.2	0.2
0.772727	0.113636	0.0681818	0.0113636	0.0340909
0.2	0.1	0.05	0.55	0.1
0.0204082	0.0816327	0.102041	0.734694	0.0612245
0.512195	0.0243902	0.0731707	0.0243902	0.365854
0.191176	0.0441176	0.0882353	0.617647	0.0588235
0.492857	0.05	0.121429	0.0285714	0.307143
0.198198	0.0945946	0.112613	0.00900901	0.585586
0.632184	0.0344828	0.281609	0.0229885	0.0287356
0.101449	0.0869565	0.492754	0.231884	0.0869565
0.0434783	0.217391	0.0869565	0.608696	0.0434783
0.222222	0.222222	0.222222	0.111111	0.222222
0.153846	0.025641	0.615385	0.179487	0.025641
0.132075	0.377358	0.320755	0.132075	0.0377358
0.521739	0.0434783	0.15942	0.188406	0.0869565
0.277778	0.0833333	0.388889	0.194444	0.0555556
0.185185	0.148148	0.0740741	0.444444	0.148148
0.135135	0.027027	0.297297	0.513514	0.027027
0.25	0.09375	0.15625	0.03125	0.46875
0.218182	0.0181818	0.363636	0.309091	0.0909091
0.109091	0.0363636	0.454545	0.381818	0.0181818
0.413793	0.241379	0.172414	0.137931	0.0344828
0.166667	0.0416667	0.0416667	0.708333	0.0416667
0.409091	0.113636	0.0454545	0.409091	0.0227273
0.14881	0.416667	0.232143	0.14881	0.0535714
0.578125	0.109375	0.015625	0.0625	0.234375
0.533333	0.133333	0.2	0.0666667	0.0666667
0.188679	0.113208	0.150943	0.528302	0.0188679
0.444444	0.0740741	0.111111	0.296296	0.0740741
0.6875	0.0625	0.0625	0.125	0.0625
0.426829	0.0121951	0.0121951	0.390244	0.158537
0.813492	0.0238095	0.0555556	0.0198413	0.0873016
0.642857	0.142857	0.0714286	0.0714286	0.0714286
0.152174	0.0434783	0.0289855	0.00724638	0.768116
0.176471	0.0588235	0.0294118	0.705882	0.0294118
0.535714	0.0595238	0.0357143	0.297619	0.0714286
0.2	0.133333	0.2	0.4	0.0666667
0.318182	0.0454545	0.136364	0.136364	0.363636
0.676923	0.0923077	0.0615385	0.0153846	0.153846
0.483333	0.1	0.166667	0.0833333	0.166667
0.2	0.2	0.2	0.2	0.2
0.4	0.025	0.1	0.4	0.075
0.241379	0.172414	0.0344828	0.0344828	0.517241
0.756757	0.027027	0.027027	0.027027	0.162162
0.315789	0.157895	0.0526316	0.315789	0.157895
0.766404	0.0104987	0.0524934	0.023622	0.146982
0.571429	0.047619	0.190476	0.047619	0.142857
0.309091	0.0545455	0.145455	0.472727	0.0181818
0.69697	0.030303	0.030303	0.0606061	0.181818
0.266667	0.0666667	0.2	0.4	0.0666667
0.3125	0.270833	0.145833	0.145833	0.125
0.25	0.075	0.55	0.05	0.075
0.340426	0.0425532	0.148936	0.0638298	0.404255
0.244898	0.22449	0.102041	0.0612245	0.367347
0.231771	0.09375	0.130208	0.520833	0.0234375
0.742857	0.142857	0.0285714	0.0571429	0.0285714
0.05	0.158333	0.0708333	0.0125	0.708333
0.125	0.0833333	0.125	0.625	0.0416667
0.123919	0.0317003	0.121037	0.608069	0.115274
0.0454545	0.0454545	0.0454545	0.818182	0.0454545
0.111707	0.694559	0.125309	0.00329761	0.0651278
0.132353	0.720588	0.0294118	0.0294118	0.0882353
0.72093	0.0116279	0.162791	0.0697674	0.0348837
0.409091	0.227273	0.136364	0.0454545	0.181818
0.868852	0.0491803	0.0163934	0.0163934	0.0491803
0.760073	0.040293	0.0347985	0.00732601	0.157509
0.0344828	0.0344828	0.517241	0.37931	0.0344828
0.517241	0.0689655	0.0689655	0.0689655	0.275862
0.375	0.125	0.025	0.1	0.375
0.139535	0.139535	0.0697674	0.627907	0.0232558
0.410256	0.0128205	0.025641	0.397436	0.153846
0.641509	0.169811	0.0754717	0.0566038	0.0566038
0.13388	0.0928962	0.079235	0.0218579	0.672131
0.75	0.1	0.05	0.05	0.05
0.4	0.3	0.1	0.1	0.1
0.894737	0.0075188	0.0150376	0.0150376	0.0676692
0.423077	0.346154	0.0384615	0.0384615	0.153846
0.375	0.125	0.125	0.125	0.25
0.703704	0.0462963	0.0185185	0.12963	0.101852
0.382353	0.0294118	0.117647	0.0882353	0.382353
0.285714	0.0571429	0.542857	0.0857143	0.0285714
0.275	0.1	0.2	0.4	0.025
0.404762	0.0238095	0.0238095	0.52381	0.0238095
0.4	0.2	0.1	0.2	0.1
0.125	0.0625	0.6875	0.0625	0.0625
0.346154	0.0769231	0.192308	0.230769	0.153846
0.333333	0.292929	0.121212	0.111111	0.141414
0.4375	0.4375	0.0625	0.0208333	0.0416667
0.24	0.0266667	0.413333	0.226667	0.0933333
0.0759076	0.0330033	0.749175	0.00330033	0.138614
0.0465116	0.0232558	0.302326	0.55814	0.0697674
0.701149	0.045977	0.0344828	0.0574713	0.16092
0.675676	0.216216	0.027027	0.027027	0.0540541
0.307087	0.0708661	0.425197	0.0629921	0.133858
0.921569	0.0294118	0.0294118	0.00980392	0.00980392
0.473684	0.0526316	0.0526316	0.0526316	0.368421
0.425532	0.0212766	0.0425532	0.0851064	0.425532
0.216667	0.0833333	0.116667	0.55	0.0333333
0.163462	0.00961538	0.144231	0.653846	0.0288462
0.553191	0.191489	0.0425532	0.0638298	0.148936
0.291667	0.0208333	0.208333	0.458333	0.0208333
0.265403	0.028436	0.146919	0.526066	0.0331754
0.105263	0.0526316	0.0175439	0.789474	0.0350877
0.461538	0.25641	0.0512821	0.0769231	0.153846
0.645833	0.104167	0.125	0.0416667	0.0833333
0.898734	0.0379747	0.0379747	0.0126582	0.0126582
0.230769	0.307692	0.0769231	0.230769	0.153846
0.142857	0.0714286	0.5	0.0714286	0.214286
0.333333	0.111111	0.111111	0.333333	0.111111
0.125	0.09375	0.0625	0.0625	0.65625
0.391304	0.130435	0.0434783	0.0869565	0.347826
0.666667	0.166667	0.0555556	0.0555556	0.0555556
0.358209	0.462687	0.149254	0.0149254	0.0149254
0.236842	0.0526316	0.105263	0.0526316	0.552632
0.359375	0.03125	0.203125	0.359375	0.046875
0.269231	0.0384615	0.5	0.0769231	0.115385
0.25	0.0833333	0.458333	0.166667	0.0416667
0.156863	0.117647	0.588235	0.117647	0.0196078
0.435484	0.0483871	0.112903	0.016129	0.387097
0.263889	0.0694444	0.0833333	0.555556	0.0277778
0.0749415	0.142857	0.620609	0.128806	0.0327869
0.358974	0.0512821	0.128205	0.410256	0.0512821
0.5	0.339286	0.0535714	0.0892857	0.0178571
0.383721	0.0697674	0.476744	0.0232558	0.0465116
0.631579	0.131579	0.0789474	0.0263158	0.131579
0.194805	0.0519481	0.142857	0.558442	0.0519481
0.3	0.0714286	0.114286	0.492857	0.0214286
0.5	0.0769231	0.0384615	0.0769231	0.307692
0.810127	0.0632911	0.0253165	0.0126582	0.0886076
0.257143	0.314286	0.0571429	0.0285714	0.342857
0.5	0.0263158	0.342105	0.0789474	0.0526316
0.0479452	0.0136986	0.0821918	0.828767	0.0273973
0.578947	0.105263	0.0526316	0.210526	0.0526316
0.08	0.68	0.16	0.04	0.04
0.2	0.04	0.64	0.04	0.08
0.4	0.116667	0.333333	0.0166667	0.133333
0.509804	0.0784314	0.235294	0.0392157	0.137255
0.368421	0.210526	0.315789	0.0526316	0.0526316
0.323529	0.5	0.0588235	0.0588235	0.0588235
0.583333	0.0833333	0.166667	0.0833333	0.0833333
0.64	0.04	0.08	0.16	0.08
0.434783	0.304348	0.0869565	0.0434783	0.130435
0.571429	0.0952381	0.047619	0.190476	0.0952381
0.597403	0.324675	0.025974	0.012987	0.038961
0.405405	0.135135	0.027027	0.216216	0.216216
0.38	0.04	0.46	0.1	0.02
0.280702	0.201754	0.157895	0.298246	0.0614035
0.245763	0.508475	0.101695	0.0677966	0.0762712
0.166667	0.0833333	0.0833333	0.5	0.166667
0.446154	0.0769231	0.0923077	0.353846	0.0307692
0.276596	0.276596	0.0425532	0.170213	0.234043
0.5625	0.09375	0.15625	0.0625	0.125
0.357143	0.371429	0.114286	0.0142857	0.142857
0.37037	0.481481	0.0740741	0.037037	0.037037
0.455696	0.151899	0.240506	0.139241	0.0126582
0.467532	0.38961	0.025974	0.0779221	0.038961
0.0673077	0.0240385	0.855769	0.0144231	0.0384615
0.693878	0.142857	0.0102041	0.0306122	0.122449
0.0555556	0.277778	0.222222	0.388889	0.0555556
0.142857	0.047619	0.333333	0.428571	0.047619
0.222222	0.111111	0.111111	0.5	0.0555556
0.611111	0.0555556	0.0555556	0.111111	0.166667
0.173913	0.173913	0.0434783	0.304348	0.304348
0.423077	0.0384615	0.423077	0.0769231	0.0384615
0.441176	0.0882353	0.147059	0.176471	0.147059
0.347222	0.0833333	0.125	0.0416667	0.402778
0.36036	0.00900901	0.0540541	0.54955	0.027027
0.511111	0.133333	0.111111	0.155556	0.0888889
0.444444	0.0555556	0.185185	0.0740741	0.240741
0.166667	0.166667	0.333333	0.166667	0.166667
0.339286	0.410714	0.178571	0.0357143	0.0357143
0.365385	0.115385	0.0192308	0.442308	0.0576923
0.354839	0.0322581	0.129032	0.193548	0.290323
0.166667	0.0833333	0.583333	0.0833333	0.0833333
0.0232558	0.0232558	0.116279	0.813953	0.0232558
0.45	0.25	0.05	0.05	0.2
0.665816	0.0918367	0.0484694	0.0229592	0.170918
0.25	0.4375	0.125	0.125	0.0625
0.545455	0.0909091	0.181818	0.0909091	0.0909091
0.424242	0.030303	0.030303	0.484848	0.030303
0.388889	0.111111	0.111111	0.166667	0.222222
0.807107	0.035533	0.00507614	0.0101523	0.142132
0.3	0.04375	0.41875	0.05625	0.18125
0.666667	0.0909091	0.0909091	0.0909091	0.0606061
0.392857	0.0714286	0.121429	0.121429	0.292857
0.084507	0.028169	0.0140845	0.028169	0.84507
0.142857	0.142857	0.285714	0.285714	0.142857
0.223404	0.0106383	0.0106383	0.0106383	0.744681
0.363636	0.0252525	0.106061	0.464646	0.040404
0.142857	0.114286	0.4	0.142857	0.2
0.75	0.1	0.0375	0.025	0.0875
0.2	0.2	0.2	0.2	0.2
0.44	0.08	0.24	0.16	0.08
0.75	0.194444	0.0138889	0.0277778	0.0138889
0.492754	0.275362	0.0289855	0.00724638	0.195652
0.636364	0.0909091	0.136364	0.0454545	0.0909091
0.105263	0.0526316	0.105263	0.684211	0.0526316
0.26087	0.188406	0.15942	0.0289855	0.362319
0.444444	0.166667	0.0555556	0.222222	0.111111
0.5	0.0769231	0.269231	0.0769231	0.0769231
0.625	0.125	0.125	0.0416667	0.0833333
0.435897	0.102564	0.25641	0.0641026	0.141026
0.6	0.155556	0.0444444	0.0666667	0.133333
0.428571	0.178571	0.0357143	0.0357143	0.321429
0.491228	0.0701754	0.245614	0.140351	0.0526316
0.352941	0.0196078	0.235294	0.0196078	0.372549
0.264706	0.0294118	0.529412	0.117647	0.0588235
0.0625	0.0625	0.125	0.625	0.125
0.588235	0.0588235	0.117647	0.0588235	0.176471
0.653846	0.115385	0.0769231	0.0769231	0.0769231
0.444444	0.222222	0.111111	0.166667	0.0555556
0.2	0.2	0.2	0.2	0.2
0.151515	0.121212	0.151515	0.545455	0.030303
0.347826	0.304348	0.130435	0.0434783	0.173913
0.12	0.04	0.6	0.22	0.02
0.545455	0.227273	0.159091	0.0227273	0.0454545
0.138462	0.0769231	0.153846	0.569231	0.0615385
0.884615	0.0192308	0.0192308	0.0384615	0.0384615
0.409091	0.0681818	0.0681818	0.0454545	0.409091
0.173913	0.0434783	0.0434783	0.652174	0.0869565
0.552632	0.131579	0.0789474	0.105263	0.131579
0.666667	0.0833333	0.0416667	0.125	0.0833333
0.205128	0.0128205	0.320513	0.410256	0.0512821
0.315789	0.105263	0.210526	0.0526316	0.315789
0.202703	0.027027	0.27027	0.445946	0.0540541
0.369565	0.0724638	0.00724638	0.0144928	0.536232
0.386364	0.125	0.215909	0.25	0.0227273
0.415584	0.025974	0.038961	0.038961	0.480519
0.375	0.03125	0.25	0.09375	0.25
0.480226	0.129944	0.0112994	0.0169492	0.361582
0.442857	0.0571429	0.0571429	0.0285714	0.414286
0.166667	0.333333	0.166667	0.166667	0.166667
0.2	0.2	0.266667	0.266667	0.0666667
0.2	0.2	0.2	0.2	0.2
0.666667	0.0438596	0.0263158	0.00877193	0.254386
0.833333	0.0111111	0.0555556	0.0222222	0.0777778
0.46875	0.09375	0.09375	0.09375	0.25
0.416667	0.159091	0.0606061	0.234848	0.128788
0.811765	0.0588235	0.0235294	0.0235294	0.0823529
0.175	0.125	0.225	0.45	0.025
0.342105	0.447368	0.0526316	0.0526316	0.105263
0.0740741	0.0740741	0.777778	0.0555556	0.0185185
0.534884	0.0232558	0.0930233	0.0232558	0.325581
0.203125	0.4375	0.234375	0.015625	0.109375
0.609756	0.0243902	0.0487805	0.0243902	0.292683
0.047619	0.047619	0.047619	0.0952381	0.761905
0.102564	0.564103	0.025641	0.025641	0.282051
0.788927	0.0588235	0.0346021	0.017301	0.100346
0.357143	0.107143	0.142857	0.357143	0.0357143
0.5	0.195652	0.195652	0.0217391	0.0869565
0.181818	0.181818	0.545455	0.0454545	0.0454545
0.111111	0.111111	0.166667	0.555556	0.0555556
0.0724638	0.0434783	0.0869565	0.782609	0.0144928
0.0434783	0.0434783	0.0434783	0.826087	0.0434783
0.486207	0.151724	0.0689655	0.0172414	0.275862
0.25	0.0833333	0.333333	0.25	0.0833333
0.271739	0.26087	0.119565	0.0543478	0.293478
0.615385	0.0769231	0.153846	0.0769231	0.0769231
0.666667	0.133333	0.0333333	0.133333	0.0333333
0.428571	0.0714286	0.214286	0.0714286	0.214286
0.3125	0.0625	0.0625	0.5	0.0625
0.274194	0.129032	0.0645161	0.5	0.0322581
0.171053	0.105263	0.118421	0.486842	0.118421
0.266667	0.253333	0.373333	0.0133333	0.0933333
0.845238	0.0515873	0.00793651	0.00396825	0.0912698
0.0442478	0.00884956	0.840708	0.0265487	0.079646
0.357143	0.142857	0.142857	0.0714286	0.285714
0.44186	0.104651	0.0348837	0.162791	0.255814
0.291667	0.125	0.291667	0.208333	0.0833333
0.508571	0.177143	0.0457143	0.0342857	0.234286
0.375	0.0625	0.25	0.15625	0.15625
0.104762	0.047619	0.2	0.638095	0.00952381
0.14881	0.107143	0.077381	0.547619	0.119048
0.612903	0.0967742	0.0322581	0.0322581	0.225806
0.2	0.2	0.2	0.2	0.2
0.5625	0.125	0.1875	0.0625	0.0625
0.411765	0.235294	0.117647	0.0588235	0.176471
0.811321	0.141509	0.0157233	0.0251572	0.00628931
0.0714286	0.0714286	0.714286	0.0714286	0.0714286
0.266667	0.566667	0.0333333	0.1	0.0333333
0.383333	0.0666667	0.433333	0.0166667	0.1
0.0454545	0.272727	0.145455	0.345455	0.190909
0.439252	0.168224	0.0934579	0.242991	0.0560748
0.375	0.0357143	0.0535714	0.0178571	0.517857
0.275	0.075	0.125	0.175	0.35
0.255682	0.0397727	0.0568182	0.642045	0.00568182
0.2	0.16	0.04	0.52	0.08
0.44086	0.139785	0.0537634	0.0967742	0.268817
0.0555556	0.222222	0.333333	0.333333	0.0555556
0.814103	0.121795	0.0192308	0.0192308	0.025641
0.212121	0.151515	0.030303	0.575758	0.030303
0.31746	0.0793651	0.206349	0.301587	0.0952381
0.313433	0.0149254	0.0149254	0.00746269	0.649254
0.583333	0.166667	0.166667	0.0416667	0.0416667
0.2	0.2	0.2	0.2	0.2
0.488372	0.186047	0.0930233	0.0930233	0.139535
0.125	0.125	0.25	0.125	0.375
0.522727	0.0909091	0.0681818	0.0909091	0.227273
0.25	0.611111	0.0138889	0.0416667	0.0833333
0.548387	0.225806	0.0506912	0.0230415	0.152074
0.380952	0.047619	0.047619	0.047619	0.47619
0.2	0.12	0.28	0.36	0.04
0.797101	0.0434783	0.0434783	0.101449	0.0144928
0.125	0.0625	0.5625	0.1875	0.0625
0.000860832	0.0373027	0.00946915	0.95122	0.00114778
0.137996	0.0623819	0.0094518	0.00189036	0.78828
0.2	0.0571429	0.185714	0.55	0.00714286
0.508475	0.0169492	0.0169492	0.0338983	0.423729
0.0666667	0.333333	0.0666667	0.466667	0.0666667
0.1	0.65	0.1	0.05	0.1
0.515152	0.030303	0.121212	0.30303	0.030303
0.102564	0.0512821	0.0769231	0.74359	0.025641
0.321429	0.0357143	0.428571	0.0714286	0.142857
0.684211	0.115789	0.0526316	0.0421053	0.105263
0.6	0.133333	0.0666667	0.133333	0.0666667
0.25	0.046875	0.078125	0.585938	0.0390625
0.42	0.45	0.01	0.04	0.08
0.0550162	0.00323625	0.0355987	0.00323625	0.902913
0.0967742	0.0322581	0.419355	0.419355	0.0322581
0.416667	0.166667	0.0833333	0.25	0.0833333
0.111111	0.222222	0.111111	0.111111	0.444444
0.026087	0.00869565	0.0173913	0.930435	0.0173913
0.1	0.02	0.06	0.36	0.46
0.388889	0.222222	0.0555556	0.222222	0.111111
0.0758294	0.0805687	0.123223	0.0331754	0.687204
0.388889	0.0138889	0.0972222	0.486111	0.0138889
0.0803571	0.00892857	0.232143	0.0714286	0.607143
0.232558	0.0697674	0.139535	0.465116	0.0930233
0.285714	0.410714	0.0238095	0.0119048	0.267857
0.526316	0.157895	0.0526316	0.0526316	0.210526
0.0952381	0.047619	0.190476	0.571429	0.0952381
0.157895	0.0438596	0.640351	0.140351	0.0175439
0.583333	0.166667	0.0833333	0.0833333	0.0833333
0.0362117	0.0557103	0.807799	0.0724234	0.0278552
0.0519159	0.0111248	0.906057	0.0197775	0.0111248
0.357143	0.142857	0.142857	0.0714286	0.285714
0.521739	0.217391	0.173913	0.0434783	0.0434783
0.666667	0.0555556	0.0555556	0.111111	0.111111
0.439628	0.421053	0.0154799	0.0402477	0.0835913
0.467213	0.0163934	0.434426	0.0655738	0.0163934
0.560606	0.0151515	0.136364	0.257576	0.030303
0.647059	0.137255	0.137255	0.0392157	0.0392157
0.441176	0.0882353	0.0980392	0.117647	0.254902
0.324324	0.027027	0.513514	0.0810811	0.0540541
0.368421	0.0263158	0.131579	0.368421	0.105263
0.333333	0.0416667	0.375	0.125	0.125
0.235294	0.235294	0.117647	0.323529	0.0882353
0.2	0.2	0.2	0.2	0.2
0.317073	0.0365854	0.146341	0.426829	0.0731707
0.372093	0.186047	0.0930233	0.325581	0.0232558
0.301887	0.45283	0.0188679	0.113208	0.113208
0.00383142	0.00957854	0.0632184	0.00766284	0.915709
0.243243	0.027027	0.243243	0.378378	0.108108
0.740741	0.0740741	0.037037	0.037037	0.111111
0.0416667	0.166667	0.208333	0.513889	0.0694444
0.1	0.0333333	0.1	0.733333	0.0333333
0.261845	0.369077	0.0349127	0.0673317	0.266833
0.0454545	0.0454545	0.0909091	0.772727	0.0454545
0.487179	0.205128	0.0128205	0.0512821	0.24359
0.431193	0.321101	0.00917431	0.201835	0.0366972
0.44898	0.459184	0.0306122	0.0102041	0.0510204
0.48	0.08	0.26	0.14	0.04
0.210526	0.631579	0.0263158	0.0789474	0.0526316
0.649351	0.0779221	0.233766	0.025974	0.012987
0.2	0.2	0.2	0.2	0.2
0.111111	0.0555556	0.333333	0.444444	0.0555556
0.368421	0.421053	0.0526316	0.0789474	0.0789474
0.693122	0.026455	0.0634921	0.010582	0.206349
0.25641	0.589744	0.025641	0.025641	0.102564
0.2	0.2	0.2	0.2	0.2
0.727273	0.0909091	0.0454545	0.0454545	0.0909091
0.240964	0.108434	0.349398	0.289157	0.0120482
0.571429	0.0142857	0.0142857	0.0285714	0.371429
0.354839	0.0322581	0.451613	0.129032	0.0322581
0.3	0.125	0.2	0.075	0.3
0.454545	0.181818	0.181818	0.0909091	0.0909091
0.105263	0.0526316	0.368421	0.421053	0.0526316
0.333333	0.166667	0.0833333	0.25	0.166667
0.102041	0.0408163	0.0204082	0.795918	0.0408163
0.368421	0.0526316	0.157895	0.157895	0.263158
0.674419	0.0232558	0.0232558	0.0465116	0.232558
0.317073	0.0243902	0.097561	0.390244	0.170732
0.10728	0.103448	0.180077	0.478927	0.130268
0.28125	0.0625	0.09375	0.53125	0.03125
0.36	0.0266667	0.0133333	0.56	0.04
0.111111	0.111111	0.111111	0.62963	0.037037
0.470588	0.152941	0.223529	0.0352941	0.117647
0.5	0.227273	0.0454545	0.0454545	0.181818
0.285714	0.142857	0.285714	0.214286	0.0714286
0.183673	0.632653	0.142857	0.0204082	0.0204082
0.45	0.1	0.05	0.35	0.05
0.181818	0.0909091	0.0454545	0.636364	0.0454545
0.77381	0.142857	0.0357143	0.0238095	0.0238095
0.327273	0.236364	0.0909091	0.0727273	0.272727
0.09375	0.21875	0.625	0.03125	0.03125
0.111888	0.202797	0.188811	0.377622	0.118881
0.0983607	0.0819672	0.278689	0.459016	0.0819672
0.193548	0.0322581	0.354839	0.290323	0.129032
0.142857	0.142857	0.047619	0.619048	0.047619
0.342105	0.0526316	0.236842	0.263158	0.105263
0.2	0.2	0.2	0.2	0.2
0.181818	0.0606061	0.0151515	0.727273	0.0151515
0.674419	0.0697674	0.0930233	0.0465116	0.116279
0.404494	0.0224719	0.0561798	0.505618	0.011236
0.365079	0.285714	0.142857	0.0634921	0.142857
0.230769	0.0384615	0.615385	0.0384615	0.0769231
0.401961	0.362745	0.0294118	0.0980392	0.107843
0.0963855	0.060241	0.120482	0.662651	0.060241
0.384615	0.0384615	0.153846	0.384615	0.0384615
0.176471	0.0882353	0.235294	0.205882	0.294118
0.351351	0.351351	0.0810811	0.189189	0.027027
0.294118	0.117647	0.176471	0.235294	0.176471
0.117647	0.0588235	0.176471	0.588235	0.0588235
0.352941	0.0588235	0.0588235	0.411765	0.117647
0.571429	0.142857	0.0714286	0.0714286	0.142857
0.0188679	0.0943396	0.113208	0.754717	0.0188679
0.138462	0.146154	0.0769231	0.623077	0.0153846
0.2	0.2	0.2	0.2	0.2
0.71875	0.1875	0.03125	0.03125	0.03125
0.430556	0.0138889	0.111111	0.347222	0.0972222
0.734767	0.0537634	0.0250896	0.00716846	0.179211
0.230769	0.0769231	0.0769231	0.0384615	0.576923
0.333333	0.133333	0.0666667	0.133333	0.333333
0.416667	0.0416667	0.416667	0.0833333	0.0416667
0.325	0.0375	0.0375	0.05	0.55
0.222222	0.0277778	0.222222	0.472222	0.0555556
0.4	0.166667	0.133333	0.0333333	0.266667
0.178571	0.428571	0.0714286	0.107143	0.214286
0.381148	0.235656	0.108607	0.0266393	0.247951
0.238095	0.047619	0.047619	0.0952381	0.571429
0.545455	0.0909091	0.0909091	0.181818	0.0909091
0.25	0.0394737	0.0526316	0.631579	0.0263158
0.201613	0.209677	0.532258	0.0322581	0.0241935
0.144543	0.0629302	0.0786627	0.00344149	0.710423
0.714286	0.0714286	0.0714286	0.0714286	0.0714286
0.310345	0.0344828	0.103448	0.517241	0.0344828
0.156667	0.0866667	0.133333	0.58	0.0433333
0.163934	0.0491803	0.163934	0.590164	0.0327869
0.458333	0.0416667	0.208333	0.125	0.166667
0.769231	0.0923077	0.0153846	0.0461538	0.0769231
0.722222	0.0185185	0.12963	0.0925926	0.037037
0.71134	0.0154639	0.0257732	0.0206186	0.226804
0.408602	0.0107527	0.0967742	0.408602	0.0752688
0.111111	0.37037	0.148148	0.222222	0.148148
0.106849	0.0520548	0.0465753	0.0164384	0.778082
0.189189	0.702703	0.027027	0.027027	0.0540541
0.678161	0.0114943	0.0229885	0.045977	0.241379
0.378378	0.027027	0.486486	0.0810811	0.027027
0.144928	0.173913	0.101449	0.0362319	0.543478
0.666667	0.0909091	0.030303	0.121212	0.0909091
0.722222	0.0555556	0.111111	0.0555556	0.0555556
0.576923	0.276923	0.0846154	0.0307692	0.0307692
0.166667	0.166667	0.4	0.233333	0.0333333
0.375	0.0833333	0.416667	0.0833333	0.0416667
0.516667	0.116667	0.0166667	0.183333	0.166667
0.121212	0.414141	0.393939	0.030303	0.040404
0.305085	0.0338983	0.135593	0.440678	0.0847458
0.106061	0.0909091	0.0606061	0.727273	0.0151515
0.321429	0.0357143	0.178571	0.428571	0.0357143
0.156863	0.0196078	0.313725	0.490196	0.0196078
0.227273	0.704545	0.0227273	0.0227273	0.0227273
0.222222	0.111111	0.222222	0.333333	0.111111
0.0857143	0.0857143	0.257143	0.542857	0.0285714
0.273859	0.0373444	0.0539419	0.0207469	0.614108
0.852843	0.0284281	0.0367893	0.0150502	0.0668896
0.407407	0.222222	0.0740741	0.259259	0.037037
0.272727	0.025974	0.012987	0.038961	0.649351
0.642857	0.0714286	0.142857	0.0714286	0.0714286
0.206349	0.015873	0.047619	0.714286	0.015873
0.403361	0.0168067	0.151261	0.382353	0.0462185
0.413043	0.0217391	0.130435	0.108696	0.326087
0.210526	0.0877193	0.0526316	0.614035	0.0350877
0.133333	0.133333	0.133333	0.4	0.2
0.805556	0.0277778	0.0555556	0.0555556	0.0555556
0.130298	0.0324617	0.762849	0.0202885	0.0541028
0.166667	0.333333	0.166667	0.166667	0.166667
0.445545	0.193069	0.0247525	0.00990099	0.326733
0.363636	0.0909091	0.363636	0.0909091	0.0909091
0.0663391	0.800983	0.04914	0.046683	0.036855
0.450794	0.026455	0.00846561	0.0222222	0.492063
0.142857	0.714286	0.0357143	0.0357143	0.0714286
0.311688	0.012987	0.025974	0.012987	0.636364
0.192795	0.141188	0.574489	0.0214216	0.0701071
0.75	0.0277778	0.0277778	0.138889	0.0555556
0.333333	0.166667	0.0555556	0.333333	0.111111
0.642857	0.0357143	0.0714286	0.0357143	0.214286
0.266667	0.333333	0.133333	0.0666667	0.2
0.362637	0.021978	0.0879121	0.505495	0.021978
0.25	0.09375	0.15625	0.375	0.125
0.238095	0.0714286	0.261905	0.357143	0.0714286
0.611111	0.0185185	0.0555556	0.0555556	0.259259
0.451613	0.0322581	0.0322581	0.0322581	0.451613
0.424242	0.136364	0.121212	0.287879	0.030303
0.55	0.1	0.1	0.1	0.15
0.683824	0.0735294	0.0882353	0.0294118	0.125
0.238095	0.047619	0.0952381	0.571429	0.047619
0.176471	0.0882353	0.117647	0.588235	0.0294118
0.137931	0.0344828	0.586207	0.103448	0.137931
0.513514	0.027027	0.351351	0.0810811	0.027027
0.652174	0.130435	0.0434783	0.0434783	0.130435
0.789474	0.0526316	0.0526316	0.0526316	0.0526316
0.0769231	0.153846	0.153846	0.461538	0.153846
0.211538	0.0576923	0.0961538	0.596154	0.0384615
0.2	0.2	0.2	0.2	0.2
0.343284	0.0298507	0.253731	0.358209	0.0149254
0.264151	0.150943	0.320755	0.132075	0.132075
0.25	0.0625	0.375	0.25	0.0625
0.105263	0.105263	0.710526	0.0526316	0.0263158
0.437811	0.00995025	0.0348259	0.0199005	0.497512
0.359551	0.011236	0.0898876	0.47191	0.0674157
0.176471	0.117647	0.0588235	0.588235	0.0588235
0.2	0.3	0.05	0.383333	0.0666667
0.727273	0.0909091	0.030303	0.121212	0.030303
0.456522	0.152174	0.0869565	0.0217391	0.282609
0.3	0.5	0.1	0.02	0.08
0.579439	0.0934579	0.0373832	0.11215	0.17757
0.333333	0.037037	0.296296	0.296296	0.037037
0.2	0.2	0.2	0.2	0.2
0.311005	0.0191388	0.602871	0.00478469	0.062201
0.413043	0.0869565	0.130435	0.0434783	0.326087
0.736842	0.0526316	0.105263	0.0526316	0.0526316
0.326087	0.0217391	0.108696	0.5	0.0434783
0.3	0.2	0.15	0.3	0.05
0.264706	0.0294118	0.0294118	0.470588	0.205882
0.42623	0.508197	0.0163934	0.0327869	0.0163934
0.421053	0.0526316	0.157895	0.263158	0.105263
0.375	0.0625	0.25	0.25	0.0625
0.123077	0.169231	0.169231	0.415385	0.123077
0.5	0.1	0.05	0.25	0.1
0.308962	0.0613208	0.0424528	0.00471698	0.582547
0.458824	0.129412	0.0470588	0.0235294	0.341176
0.194444	0.111111	0.0833333	0.555556	0.0555556
0.857143	0.0357143	0.0357143	0.0357143	0.0357143
0.0816327	0.0816327	0.653061	0.122449	0.0612245
0.252874	0.0344828	0.0344828	0.643678	0.0344828
0.105263	0.0526316	0.0526316	0.684211	0.105263
0.26087	0.130435	0.173913	0.391304	0.0434783
0.333333	0.259259	0.037037	0.111111	0.259259
0.37931	0.103448	0.241379	0.241379	0.0344828
0.259259	0.111111	0.444444	0.0740741	0.111111
0.483333	0.433333	0.0333333	0.0166667	0.0333333
0.0689655	0.689655	0.103448	0.0689655	0.0689655
0.375	0.125	0.125	0.125	0.25
0.230769	0.0512821	0.0128205	0.0512821	0.653846
0.289157	0.120482	0.373494	0.120482	0.0963855
0.510204	0.0816327	0.204082	0.0816327	0.122449
0.4	0.1	0.1	0.1	0.3
0.198198	0.00900901	0.216216	0.54955	0.027027
0.346939	0.408163	0.0204082	0.163265	0.0612245
0.3	0.25	0.1	0.3	0.05
0.705882	0.205882	0.0294118	0.0294118	0.0294118
0.553571	0.0892857	0.196429	0.0892857	0.0714286
0.0837989	0.0893855	0.72067	0.0111732	0.0949721
0.121212	0.030303	0.424242	0.393939	0.030303
0.619718	0.0140845	0.028169	0.028169	0.309859
0.233333	0.0666667	0.0666667	0.3	0.333333
0.568182	0.0795455	0.0227273	0.0227273	0.306818
0.67268	0.0902062	0.152062	0.0231959	0.0618557
0.107143	0.0357143	0.178571	0.535714	0.142857
0.1	0.1	0.5	0.2	0.1
0.490566	0.188679	0.0566038	0.0943396	0.169811
0.136364	0.0454545	0.681818	0.0454545	0.0909091
0.516129	0.193548	0.0645161	0.0322581	0.193548
0.272727	0.181818	0.0909091	0.363636	0.0909091
0.272727	0.454545	0.0454545	0.204545	0.0227273
0.0957265	0.0905983	0.0752137	0.0119658	0.726496
0.333333	0.0888889	0.266667	0.222222	0.0888889
0.3	0.3	0.1	0.1	0.2
0.775	0.025	0.05	0.025	0.125
0.565217	0.173913	0.0869565	0.130435	0.0434783
0.197183	0.0704225	0.0704225	0.633803	0.028169
0.266667	0.0666667	0.0666667	0.466667	0.133333
0.0909091	0.0909091	0.0909091	0.636364	0.0909091
0.388889	0.0555556	0.444444	0.0277778	0.0833333
0.325581	0.0697674	0.0232558	0.55814	0.0232558
0.470588	0.294118	0.0588235	0.117647	0.0588235
0.583333	0.208333	0.0416667	0.0416667	0.125
0.37037	0.0277778	0.111111	0.472222	0.0185185
0.263158	0.0191388	0.00956938	0.00478469	0.703349
0.375	0.1875	0.0625	0.3125	0.0625
0.25	0.0416667	0.5	0.166667	0.0416667
0.04	0.01	0.28	0.64	0.03
0.833333	0.0555556	0.0555556	0.0277778	0.0277778
0.466667	0.0666667	0.288889	0.111111	0.0666667
0.0366972	0.0458716	0.0917431	0.00917431	0.816514
0.382979	0.0851064	0.0212766	0.0638298	0.446809
0.209677	0.629032	0.0483871	0.0483871	0.0645161
0.303571	0.151786	0.196429	0.330357	0.0178571
0.380952	0.142857	0.285714	0.142857	0.047619
0.415686	0.117647	0.0313725	0.0196078	0.415686
0.231003	0.0638298	0.0607903	0.00607903	0.638298
0.386667	0.48	0.0533333	0.0133333	0.0666667
0.111111	0.222222	0.111111	0.444444	0.111111
0.287356	0.545977	0.100575	0.00574713	0.0603448
0.0357143	0.107143	0.297619	0.52381	0.0357143
0.215569	0.0718563	0.0359281	0.00598802	0.670659
0.224457	0.0641304	0.663587	0.0130435	0.0347826
0.725714	0.114286	0.0171429	0.0971429	0.0457143
0.184211	0.0789474	0.631579	0.0789474	0.0263158
0.488889	0.4	0.0222222	0.0444444	0.0444444
0.2	0.1	0.2	0.4	0.1
0.215686	0.607843	0.0588235	0.0980392	0.0196078
0.2	0.2	0.2	0.2	0.2
0.472973	0.0135135	0.0135135	0.0135135	0.486486
0.136364	0.136364	0.136364	0.545455	0.0454545
0.411765	0.176471	0.0588235	0.117647	0.235294
0.151515	0.030303	0.0909091	0.707071	0.020202
0.866667	0.0555556	0.0222222	0.05	0.00555556
0.220339	0.152542	0.372881	0.237288	0.0169492
0.416667	0.0833333	0.0833333	0.333333	0.0833333
0.428571	0.142857	0.142857	0.142857	0.142857
0.386364	0.204545	0.0681818	0.272727	0.0681818
0.380952	0.047619	0.0952381	0.047619	0.428571
0.047619	0.142857	0.47619	0.238095	0.0952381
0.2	0.2	0.2	0.2	0.2
0.25	0.125	0.375	0.125	0.125
0.263158	0.0263158	0.0526316	0.157895	0.5
0.698113	0.150943	0.0188679	0.113208	0.0188679
0.529412	0.0588235	0.0588235	0.294118	0.0588235
0.2	0.2	0.2	0.2	0.2
0.333333	0.2	0.0666667	0.266667	0.133333
0.375	0.125	0.125	0.125	0.25
0.305556	0.0694444	0.125	0.180556	0.319444
0.2	0.08	0.12	0.04	0.56
0.0769231	0.0769231	0.230769	0.307692	0.307692
0.827338	0.00719424	0.0503597	0.0719424	0.0431655
0.346939	0.0816327	0.0816327	0.0204082	0.469388
0.230769	0.0461538	0.169231	0.523077	0.0307692
0.868852	0.0163934	0.0491803	0.0491803	0.0163934
0.375	0.0625	0.125	0.0625	0.375
0.2	0.2	0.2	0.2	0.2
0.515152	0.0909091	0.151515	0.0757576	0.166667
0.657143	0.0857143	0.0857143	0.0571429	0.114286
0.52381	0.0714286	0.0952381	0.0714286	0.238095
0.123457	0.320988	0.111111	0.0493827	0.395062
0.140845	0.323944	0.28169	0.211268	0.0422535
0.363636	0.0909091	0.227273	0.227273	0.0909091
0.409091	0.136364	0.181818	0.227273	0.0454545
0.311475	0.622951	0.0163934	0.0327869	0.0163934
0.125	0.0694444	0.138889	0.597222	0.0694444
0.03125	0.03125	0.1875	0.71875	0.03125
0.602273	0.0113636	0.0227273	0.352273	0.0113636
0.357143	0.428571	0.0142857	0.0571429	0.142857
0.258065	0.129032	0.419355	0.0645161	0.129032
0.526316	0.157895	0.0526316	0.0526316	0.210526
0.272727	0.0909091	0.181818	0.363636	0.0909091
0.565217	0.0652174	0.217391	0.0217391	0.130435
0.117647	0.117647	0.117647	0.617647	0.0294118
0.25	0.5	0.0625	0.125	0.0625
0.2	0.2	0.2	0.2	0.2
0.395349	0.139535	0.255814	0.162791	0.0465116
0.52	0.04	0.12	0.12	0.2
0.357143	0.0714286	0.0714286	0.285714	0.214286
0.551724	0.0689655	0.0344828	0.137931	0.206897
0.336	0.032	0.096	0.488	0.048
0.1875	0.5	0.0625	0.1875	0.0625
0.36036	0.567568	0.018018	0.036036	0.018018
0.24	0.44	0.2	0.04	0.08
0.222222	0.0833333	0.444444	0.222222	0.0277778
0.586957	0.101449	0.202899	0.0724638	0.0362319
0.454545	0.181818	0.181818	0.0909091	0.0909091
0.377049	0.0327869	0.262295	0.245902	0.0819672
0.433962	0.0377358	0.433962	0.0754717	0.0188679
0.272727	0.0909091	0.0909091	0.181818	0.363636
0.422018	0.119266	0.394495	0.0458716	0.0183486
0.0555556	0.166667	0.333333	0.388889	0.0555556
0.125	0.125	0.25	0.125	0.375
0.142857	0.428571	0.142857	0.142857	0.142857
0.4	0.1	0.1	0.3	0.1
0.591837	0.102041	0.0816327	0.0408163	0.183673
0.47619	0.238095	0.0952381	0.047619	0.142857
0.210526	0.157895	0.315789	0.157895	0.157895
0.229167	0.0208333	0.291667	0.4375	0.0208333
0.285714	0.0952381	0.285714	0.285714	0.047619
0.4	0.2	0.2	0.05	0.15
0.866667	0.0266667	0.04	0.0133333	0.0533333
0.285714	0.0714286	0.0357143	0.571429	0.0357143
0.402299	0.091954	0.0804598	0.413793	0.0114943
0.568182	0.0227273	0.136364	0.0909091	0.181818
0.396739	0.0326087	0.00543478	0.0108696	0.554348
0.4375	0.3125	0.0375	0.175	0.0375
0.421053	0.0526316	0.0526316	0.105263	0.368421
0.0952381	0.0238095	0.666667	0.166667	0.047619
0.354312	0.0582751	0.044289	0.013986	0.529138
0.157895	0.210526	0.210526	0.0526316	0.368421
0.188679	0.0188679	0.207547	0.566038	0.0188679
0.375	0.333333	0.145833	0.0833333	0.0625
0.69556	0.0486258	0.0317125	0.109937	0.114165
0.24	0.52	0.08	0.04	0.12
0.25	0.0833333	0.25	0.375	0.0416667
0.193548	0.0322581	0.0967742	0.580645	0.0967742
0.27027	0.459459	0.162162	0.0810811	0.027027
0.111111	0.0555556	0.222222	0.555556	0.0555556
0.181818	0.136364	0.0909091	0.5	0.0909091
0.243243	0.108108	0.256757	0.351351	0.0405405
0.240741	0.0740741	0.148148	0.518519	0.0185185
0.545455	0.0909091	0.0227273	0.0113636	0.329545
0.518182	0.0545455	0.245455	0.136364	0.0454545
0.27451	0.0196078	0.215686	0.45098	0.0392157
0.237838	0.00540541	0.00540541	0.00540541	0.745946
0.592105	0.0657895	0.0921053	0.210526	0.0394737
0.2	0.2	0.2	0.2	0.2
0.489362	0.404255	0.0070922	0.0070922	0.0921986
0.5	0.184211	0.0263158	0.0394737	0.25
0.416667	0.0833333	0.0833333	0.25	0.166667
0.431034	0.0517241	0.0172414	0.0172414	0.482759
0.606061	0.0606061	0.0151515	0.0151515	0.30303
0.5	0.291667	0.0972222	0.0138889	0.0972222
0.492308	0.0461538	0.0307692	0.0153846	0.415385
0.57377	0.204918	0.0491803	0.0737705	0.0983607
0.333333	0.428571	0.0952381	0.0952381	0.047619
0.0588235	0.117647	0.117647	0.529412	0.176471
0.328947	0.355263	0.0131579	0.0789474	0.223684
0.210526	0.0263158	0.394737	0.342105	0.0263158
0.36	0.04	0.04	0.04	0.52
0.386364	0.17803	0.0340909	0.30303	0.0984848
0.1875	0.71875	0.03125	0.03125	0.03125
0.273973	0.0410959	0.178082	0.493151	0.0136986
0.545455	0.0606061	0.030303	0.0606061	0.30303
0.375	0.03125	0.25	0.3125	0.03125
0.115385	0.0769231	0.692308	0.0769231	0.0384615
0.151515	0.30303	0.181818	0.272727	0.0909091
0.47619	0.0634921	0.031746	0.015873	0.412698
0.307692	0.0769231	0.384615	0.0769231	0.153846
0.333333	0.4	0.177778	0.0222222	0.0666667
0.635135	0.324324	0.0135135	0.0135135	0.0135135
0.0909091	0.0909091	0.363636	0.272727	0.181818
0.272727	0.0909091	0.181818	0.409091	0.0454545
0.3	0.4	0.1	0.1	0.1
0.534884	0.325581	0.0697674	0.0232558	0.0465116
0.294118	0.117647	0.176471	0.294118	0.117647
0.637681	0.130435	0.057971	0.0289855	0.144928
0.0375691	0.0104972	0.890608	0.0491713	0.0121547
0.459459	0.0540541	0.027027	0.432432	0.027027
0.166667	0.666667	0.0416667	0.0208333	0.104167
0.647059	0.117647	0.0588235	0.0588235	0.117647
0.0701754	0.0175439	0.122807	0.719298	0.0701754
0.272727	0.272727	0.136364	0.227273	0.0909091
0.0784314	0.0784314	0.0392157	0.784314	0.0196078
0.08	0.0666667	0.0266667	0.76	0.0666667
0.257143	0.0285714	0.371429	0.314286	0.0285714
0.490272	0.0505837	0.0603113	0.00194553	0.396887
0.352941	0.294118	0.176471	0.0588235	0.117647
0.487179	0.230769	0.179487	0.0512821	0.0512821
0.2	0.2	0.2	0.2	0.2
0.2	0.2	0.2	0.2	0.2
0.556164	0.273973	0.0958904	0.00547945	0.0684932
0.0104167	0.0416667	0.375	0.5625	0.0104167
0.647059	0.117647	0.117647	0.0588235	0.0588235
0.0119454	0.948805	0.0187713	0.0170648	0.00341297
0.129032	0.0967742	0.0967742	0.548387	0.129032
0.133333	0.0533333	0.0266667	0.773333	0.0133333
0.471698	0.0188679	0.45283	0.0377358	0.0188679
0.6	0.0666667	0.133333	0.133333	0.0666667
0.114754	0.0491803	0.229508	0.57377	0.0327869
0.25	0.125	0.375	0.125	0.125
0.219512	0.0487805	0.292683	0.341463	0.097561
0.135135	0.243243	0.0540541	0.540541	0.027027
0.347826	0.173913	0.0434783	0.0869565	0.347826
0.444444	0.0555556	0.222222	0.222222	0.0555556
0.214286	0.107143	0.0714286	0.571429	0.0357143
0.458111	0.317291	0.0784314	0.131907	0.0142602
0.226415	0.113208	0.490566	0.0754717	0.0943396
0.8125	0.0208333	0.0416667	0.0208333	0.104167
0.736842	0.105263	0.0526316	0.0526316	0.0526316
0.2	0.2	0.2	0.2	0.2
0.666667	0.030303	0.030303	0.030303	0.242424
0.545455	0.0909091	0.181818	0.0454545	0.136364
0.235294	0.235294	0.117647	0.294118	0.117647
0.555556	0.111111	0.111111	0.111111	0.111111
0.233333	0.566667	0.0666667	0.0333333	0.1
0.295775	0.126761	0.0140845	0.0704225	0.492958
0.315789	0.0526316	0.0526316	0.421053	0.157895
0.4375	0.0208333	0.25	0.25	0.0416667
0.4	0.384615	0.107692	0.0153846	0.0923077
0.154242	0.033419	0.0642674	0.00385604	0.744216
0.211009	0.0825688	0.522936	0.0825688	0.100917
0.422535	0.140845	0.0985915	0.323944	0.0140845
0.35	0.05	0.25	0.3	0.05
0.0864198	0.0246914	0.0864198	0.777778	0.0246914
0.241935	0.0967742	0.290323	0.33871	0.0322581
0.401235	0.0740741	0.45679	0.0185185	0.0493827
0.534884	0.0465116	0.232558	0.116279	0.0697674
0.398148	0.037037	0.0648148	0.0277778	0.472222
0.0888889	0.0888889	0.155556	0.622222	0.0444444
0.166667	0.333333	0.166667	0.166667	0.166667
0.666667	0.166667	0.0833333	0.0416667	0.0416667
0.578947	0.105263	0.0526316	0.210526	0.0526316
0.177215	0.101266	0.537975	0.0696203	0.113924
0.2	0.2	0.2	0.2	0.2
0.2	0.2	0.2	0.2	0.2
0.363636	0.0454545	0.454545	0.0454545	0.0909091
0.45098	0.0392157	0.156863	0.313725	0.0392157
0.165557	0.100666	0.0582363	0.0133111	0.66223
0.363636	0.181818	0.0909091	0.272727	0.0909091
0.105263	0.0526316	0.0526316	0.684211	0.105263
0.233333	0.1	0.133333	0.5	0.0333333
0.0869565	0.0434783	0.434783	0.347826	0.0869565
0.173077	0.0288462	0.0384615	0.538462	0.221154
0.2	0.2	0.2	0.2	0.2
0.0555556	0.111111	0.0555556	0.611111	0.166667
0.757576	0.0984848	0.0606061	0.0378788	0.0454545
0.833333	0.030303	0.0757576	0.0454545	0.0151515
0.313725	0.0392157	0.117647	0.490196	0.0392157
0.55	0.05	0.05	0.1	0.25
0.142857	0.734694	0.0204082	0.0612245	0.0408163
0.416667	0.35	0.0166667	0.05	0.166667
0.604651	0.0465116	0.302326	0.0232558	0.0232558
0.375	0.125	0.125	0.125	0.25
0.277778	0.166667	0.333333	0.166667	0.0555556
0.388889	0.166667	0.166667	0.222222	0.0555556
0.348837	0.139535	0.255814	0.209302	0.0465116
0.855346	0.0188679	0.0283019	0.0345912	0.0628931
0.388889	0.111111	0.166667	0.222222	0.111111
0.428571	0.142857	0.142857	0.142857	0.142857
0.25	0.0714286	0.142857	0.321429	0.214286
0.24	0.04	0.56	0.12	0.04
0.214022	0.0442804	0.114391	0.0110701	0.616236
0.842105	0.0526316	0.0175439	0.0175439	0.0701754
0.347826	0.130435	0.0434783	0.0869565	0.391304
0.314815	0.0740741	0.296296	0.259259	0.0555556
0.555556	0.222222	0.111111	0.0555556	0.0555556
0.163265	0.387755	0.163265	0.0204082	0.265306
0.833333	0.0897436	0.025641	0.025641	0.025641
0.277778	0.166667	0.222222	0.305556	0.0277778
0.2	0.2	0.2	0.2	0.2
0.2	0.2	0.2	0.2	0.2
0.516129	0.0322581	0.258065	0.0645161	0.129032
0.428571	0.142857	0.142857	0.214286	0.0714286
0.0333333	0.133333	0.5	0.266667	0.0666667
0.0619308	0.176685	0.10929	0.00364299	0.648452
0.529412	0.294118	0.0588235	0.0588235	0.0588235
0.497175	0.384181	0.0338983	0.0564972	0.0282486
0.0952381	0.0714286	0.190476	0.52381	0.119048
0.186992	0.0162602	0.406504	0.365854	0.0243902
0.482143	0.0357143	0.142857	0.321429	0.0178571
0.513514	0.0810811	0.0540541	0.243243	0.108108
0.613861	0.108911	0.138614	0.108911	0.029703
0.352941	0.117647	0.176471	0.0588235	0.294118
0.171271	0.162983	0.348066	0.0607735	0.256906
0.366667	0.133333	0.0333333	0.333333	0.133333
0.222222	0.111111	0.388889	0.222222	0.0555556
0.261905	0.047619	0.404762	0.047619	0.238095
0.142857	0.678571	0.0714286	0.0357143	0.0714286
0.194444	0.0555556	0.125	0.583333	0.0416667
0.2	0.2	0.2	0.2	0.2
0.2	0.2	0.2	0.2	0.2
0.4	0.0133333	0.426667	0.12	0.04
0.308943	0.300813	0.0569106	0.195122	0.138211
0.166667	0.166667	0.166667	0.333333	0.166667
0.4	0.1	0.25	0.05	0.2
0.695652	0.23913	0.0108696	0.0434783	0.0108696
0.471429	0.114286	0.0571429	0.0285714	0.328571
0.163462	0.0384615	0.192308	0.596154	0.00961538
0.378698	0.0828402	0.171598	0.272189	0.0946746
0.333333	0.0714286	0.047619	0.52381	0.0238095
0.2	0.16	0.24	0.28	0.12
0.0181818	0.0545455	0.0909091	0.818182	0.0181818
0.142857	0.142857	0.142857	0.285714	0.285714
0.62963	0.037037	0.0740741	0.185185	0.0740741
0.457627	0.0847458	0.322034	0.0508475	0.0847458
0.442623	0.0491803	0.42623	0.0655738	0.0163934
0.0769231	0.0384615	0.134615	0.0192308	0.730769
0.690476	0.0714286	0.047619	0.142857	0.047619
0.384615	0.153846	0.0769231	0.307692	0.0769231
0.415385	0.0153846	0.415385	0.0923077	0.0615385
0.125	0.1875	0.25	0.1875	0.25
0.370787	0.11236	0.224719	0.0898876	0.202247
0.222222	0.111111	0.222222	0.222222	0.222222
0.458333	0.0416667	0.0833333	0.0416667	0.375
0.166667	0.166667	0.166667	0.333333	0.166667
0.0163934	0.196721	0.163934	0.606557	0.0163934
0.150134	0.101877	0.627346	0.0268097	0.0938338
0.266667	0.333333	0.266667	0.0666667	0.0666667
0.2	0.2	0.2	0.2	0.2
0.230769	0.025641	0.333333	0.358974	0.0512821
0.173913	0.26087	0.130435	0.173913	0.26087
0.306452	0.0645161	0.241935	0.33871	0.0483871
0.236559	0.0215054	0.0322581	0.0645161	0.645161
0.287162	0.0506757	0.429054	0.125	0.108108
0.391304	0.130435	0.0434783	0.173913	0.26087
0.333333	0.0196078	0.137255	0.470588	0.0392157
0.0666667	0.133333	0.0666667	0.666667	0.0666667
0.618182	0.109091	0.127273	0.0181818	0.127273
0.627907	0.22093	0.127907	0.0116279	0.0116279
0.333333	0.0833333	0.0416667	0.5	0.0416667
0.337079	0.258427	0.0674157	0.303371	0.0337079
0.0350877	0.0105263	0.115789	0.831579	0.00701754
0.405405	0.189189	0.0810811	0.108108	0.216216
0.272727	0.0363636	0.145455	0.527273	0.0181818
0.283019	0.113208	0.0754717	0.0943396	0.433962
0.222222	0.222222	0.222222	0.222222	0.111111
0.196203	0.0316456	0.0759494	0.00316456	0.693038
0.112417	0.0279206	0.830272	0.0139603	0.0154298
0.0454545	0.0454545	0.0454545	0.0909091	0.772727
0.742857	0.0571429	0.114286	0.0285714	0.0571429
0.472222	0.407407	0.0185185	0.0555556	0.0462963
0.285714	0.190476	0.047619	0.380952	0.0952381
0.222222	0.037037	0.222222	0.444444	0.0740741
0.142857	0.333333	0.190476	0.285714	0.047619
0.375	0.03125	0.25	0.125	0.21875
0.153846	0.115385	0.576923	0.0384615	0.115385
0.2	0.2	0.2	0.2	0.2
0.346154	0.0384615	0.0384615	0.115385	0.461538
0.363636	0.0909091	0.0909091	0.181818	0.272727
0.0212766	0.0212766	0.0319149	0.0212766	0.904255
0.0652174	0.163043	0.652174	0.0869565	0.0326087
0.192308	0.0769231	0.403846	0.25	0.0769231
0.375	0.171875	0.078125	0.359375	0.015625
0.235294	0.0196078	0.0196078	0.0196078	0.705882
0.307692	0.0769231	0.230769	0.307692	0.0769231
0.222222	0.0555556	0.25	0.388889	0.0833333
0.278607	0.228856	0.00995025	0.0149254	0.467662
0.133333	0.0666667	0.466667	0.266667	0.0666667
0.470588	0.235294	0.0588235	0.147059	0.0882353
0.428571	0.0952381	0.047619	0.0952381	0.333333
0.136364	0.0454545	0.227273	0.0227273	0.568182
0.405405	0.135135	0.027027	0.324324	0.108108
0.3	0.3	0.2	0.1	0.1
0.794872	0.025641	0.0512821	0.0512821	0.0769231
0.333333	0.166667	0.166667	0.0416667	0.291667
0.294118	0.0588235	0.117647	0.294118	0.235294
0.371429	0.142857	0.4	0.0285714	0.0571429
0.754098	0.0491803	0.0983607	0.0163934	0.0819672
0.28	0.04	0.22	0.04	0.42
0.766667	0.0666667	0.0333333	0.1	0.0333333
0.5	0.214286	0.0714286	0.0714286	0.142857
0.238095	0.047619	0.047619	0.142857	0.52381
0.222222	0.222222	0.111111	0.222222	0.222222
0.678571	0.107143	0.0357143	0.0714286	0.107143
0.377049	0.0983607	0.0327869	0.0983607	0.393443
0.25	0.125	0.125	0.125	0.375
0.333333	0.166667	0.166667	0.166667	0.166667
0.280702	0.0526316	0.0526316	0.596491	0.0175439
0.362069	0.103448	0.344828	0.0862069	0.103448
0.565217	0.173913	0.0434783	0.173913	0.0434783
0.0833333	0.0833333	0.0833333	0.583333	0.166667
0.591837	0.306122	0.0204082	0.0204082	0.0612245
0.295455	0.0340909	0.0625	0.602273	0.00568182
0.646341	0.0121951	0.0731707	0.182927	0.0853659
0.625	0.0833333	0.125	0.0416667	0.125
0.72	0.04	0.08	0.12	0.04
0.230769	0.0769231	0.0769231	0.0769231	0.538462
0.125	0.25	0.25	0.125	0.25
0.238095	0.047619	0.119048	0.571429	0.0238095
0.833333	0.0507246	0.00724638	0.0362319	0.0724638
0.404762	0.285714	0.047619	0.142857	0.119048
0.357143	0.0714286	0.285714	0.0714286	0.214286
0.3	0.3	0.2	0.1	0.1
0.157895	0.0526316	0.298246	0.45614	0.0350877
0.20438	0.532847	0.182482	0.0218978	0.0583942
0.6	0.05	0.05	0.05	0.25
0.333333	0.261905	0.285714	0.0238095	0.0952381
0.1875	0.0625	0.125	0.125	0.5
0.296296	0.037037	0.037037	0.037037	0.592593
0.142857	0.0714286	0.357143	0.357143	0.0714286
0.408	0.16	0.104	0.304	0.024
0.46875	0.0625	0.0625	0.28125	0.125
0.1	0.15	0.1	0.55	0.1
0.416667	0.125	0.375	0.0416667	0.0416667
0.153846	0.0384615	0.115385	0.653846	0.0384615
0.325581	0.0697674	0.0930233	0.5	0.0116279
0.631579	0.105263	0.0526316	0.105263	0.105263
0.2	0.1	0.3	0.2	0.2
0.354167	0.0416667	0.270833	0.3125	0.0208333
0.391304	0.434783	0.0434783	0.0869565	0.0434783
0.136364	0.0454545	0.681818	0.0909091	0.0454545
0.238095	0.142857	0.0952381	0.47619	0.047619
0.615385	0.153846	0.0769231	0.0769231	0.0769231
0.5	0.047619	0.119048	0.0714286	0.261905
0.2	0.2	0.2	0.2	0.2
0.382353	0.0588235	0.323529	0.205882	0.0294118
0.231707	0.280488	0.121951	0.0121951	0.353659
0.444444	0.0555556	0.222222	0.222222	0.0555556
0.235294	0.676471	0.0294118	0.0294118	0.0294118
0.1	0.2	0.3	0.1	0.3
0.105263	0.0526316	0.421053	0.315789	0.105263
0.506667	0.2	0.04	0.00666667	0.246667
0.4	0.0285714	0.142857	0.0285714	0.4
0.558824	0.294118	0.0294118	0.0588235	0.0588235
0.492308	0.0461538	0.0461538	0.123077	0.292308
0.25	0.03125	0.40625	0.28125	0.03125
0.636364	0.0909091	0.0909091	0.0909091	0.0909091
0.157895	0.105263	0.0526316	0.631579	0.0526316
0.854369	0.106796	0.00485437	0.0242718	0.00970874
0.0125523	0.857741	0.0041841	0.0041841	0.121339
0.448276	0.241379	0.172414	0.103448	0.0344828
0.375	0.0625	0.375	0.0625	0.125
0.375	0.03125	0.1875	0.375	0.03125
0.324503	0.0397351	0.304636	0.258278	0.0728477
0.529412	0.0588235	0.0588235	0.117647	0.235294
0.5	0.125	0.125	0.125	0.125
0.227273	0.136364	0.545455	0.0454545	0.0454545
0.583333	0.0833333	0.0833333	0.0833333	0.166667
0.375	0.208333	0.0833333	0.0833333	0.25
0.047619	0.047619	0.428571	0.333333	0.142857
0.230769	0.0384615	0.269231	0.423077	0.0384615
0.261905	0.0238095	0.214286	0.428571	0.0714286
0.333333	0.0666667	0.133333	0.377778	0.0888889
0.369863	0.424658	0.0273973	0.0136986	0.164384
0.179487	0.025641	0.153846	0.615385	0.025641
0.323529	0.147059	0.411765	0.0882353	0.0294118
0.472727	0.0727273	0.0909091	0.0545455	0.309091
0.5625	0.125	0.125	0.0625	0.125
0.227273	0.272727	0.181818	0.0909091	0.227273
0.36	0.06	0.04	0.04	0.5
0.125	0.1875	0.0625	0.0625	0.5625
0.757576	0.030303	0.0909091	0.030303	0.0909091
0.508621	0.0373563	0.0517241	0.00862069	0.393678
0.170213	0.0638298	0.148936	0.574468	0.0425532
0.205882	0.470588	0.0294118	0.176471	0.117647
0.349206	0.015873	0.261905	0.349206	0.0238095
0.222222	0.222222	0.111111	0.333333	0.111111
0.272727	0.340909	0.181818	0.159091	0.0454545
0.3125	0.03125	0.53125	0.09375	0.03125
0.15	0.15	0.4	0.2	0.1
0.316667	0.1	0.0333333	0.45	0.1
0.416667	0.0277778	0.0277778	0.0833333	0.444444
0.0461538	0.0461538	0.846154	0.0153846	0.0461538
0.615385	0.0384615	0.0384615	0.0384615	0.269231
0.666667	0.037037	0.0740741	0.111111	0.111111
0.326923	0.153846	0.423077	0.0384615	0.0576923
0.235294	0.235294	0.0588235	0.176471	0.294118
0.666667	0.0555556	0.0555556	0.111111	0.111111
0.430769	0.0461538	0.169231	0.338462	0.0153846
0.0943396	0.0628931	0.0440252	0.0188679	0.779874
0.279221	0.0324675	0.0519481	0.603896	0.0324675
0.272727	0.454545	0.136364	0.0454545	0.0909091
0.676259	0.0834532	0.0892086	0.0172662	0.133813
0.741935	0.129032	0.0107527	0.0215054	0.0967742
0.89701	0.0664452	0.0265781	0.00332226	0.00664452
0.396947	0.0585242	0.0305344	0.00254453	0.51145
0.0542323	0.790033	0.105167	0.0230854	0.0274826
0.371429	0.0285714	0.0285714	0.2	0.371429
0.285714	0.52381	0.0952381	0.047619	0.047619
0.615385	0.025641	0.282051	0.025641	0.0512821
0.170455	0.0511364	0.704545	0.0255682	0.0482955
0.313725	0.0196078	0.0588235	0.54902	0.0588235
0.416667	0.0208333	0.0833333	0.458333	0.0208333
0.4	0.2	0.133333	0.2	0.0666667
0.333333	0.333333	0.111111	0.111111	0.111111
0.272727	0.151515	0.030303	0.393939	0.151515
0.166667	0.25	0.0277778	0.472222	0.0833333
0.48	0.12	0.04	0.24	0.12
0.604167	0.0208333	0.0416667	0.0416667	0.291667
0.6	0.166667	0.0333333	0.0333333	0.166667
0.650794	0.111111	0.031746	0.031746	0.174603
0.459459	0.405405	0.0135135	0.0810811	0.0405405
0.189189	0.756757	0.0135135	0.0135135	0.027027
0.661017	0.101695	0.0508475	0.0847458	0.101695
0.120283	0.0188679	0.0707547	0.00471698	0.785377
0.52381	0.333333	0.047619	0.047619	0.047619
0.799076	0.0577367	0.00923788	0.0669746	0.0669746
0.0789474	0.210526	0.368421	0.289474	0.0526316
0.3	0.3	0.2	0.1	0.1
0.407407	0.037037	0.333333	0.185185	0.037037
0.585859	0.30303	0.020202	0.0252525	0.0656566
0.74359	0.025641	0.128205	0.0769231	0.025641
0.3	0.1	0.2	0.1	0.3
0.197183	0.084507	0.211268	0.492958	0.0140845
0.204545	0.0227273	0.0909091	0.636364	0.0454545
0.142222	0.04	0.142222	0.666667	0.00888889
0.677419	0.0322581	0.16129	0.0322581	0.0967742
0.346667	0.173333	0.253333	0.12	0.106667
0.666667	0.0416667	0.208333	0.0416667	0.0416667
0.84	0.04	0.04	0.04	0.04
0.444444	0.037037	0.037037	0.037037	0.444444
0.23913	0.0434783	0.347826	0.347826	0.0217391
0.694444	0.0277778	0.0555556	0.138889	0.0833333
0.627451	0.0196078	0.0784314	0.176471	0.0980392
0.411765	0.0588235	0.117647	0.117647	0.294118
0.846154	0.0769231	0.0461538	0.0153846	0.0153846
0.0344828	0.0344828	0.0344828	0.862069	0.0344828
0.322581	0.290323	0.193548	0.0645161	0.129032
0.5	0.142857	0.214286	0.0714286	0.0714286
0.937888	0.00310559	0.0124224	0.00310559	0.0434783
0.391304	0.217391	0.23913	0.0434783	0.108696
0.0555556	0.111111	0.222222	0.333333	0.277778
0.538462	0.0769231	0.0153846	0.0205128	0.348718
0.366667	0.233333	0.0166667	0.0666667	0.316667
0.46988	0.108434	0.0361446	0.349398	0.0361446
0.315789	0.105263	0.105263	0.368421	0.105263
0.339623	0.0566038	0.320755	0.169811	0.113208
0.315217	0.0326087	0.0434783	0.48913	0.119565
0.125	0.125	0.125	0.375	0.25
0.695652	0.130435	0.0434783	0.0434783	0.0869565
0.189189	0.324324	0.378378	0.0810811	0.027027
0.136364	0.0909091	0.0909091	0.590909	0.0909091
0.25	0.166667	0.416667	0.0833333	0.0833333
0.538462	0.0769231	0.0769231	0.230769	0.0769231
0.42029	0.115942	0.0869565	0.333333	0.0434783
0.283582	0.0298507	0.0447761	0.0447761	0.597015
0.230769	0.0384615	0.192308	0.5	0.0384615
0.764706	0.0588235	0.0588235	0.0588235	0.0588235
0.0952381	0.047619	0.047619	0.761905	0.047619
0.135593	0.101695	0.254237	0.474576	0.0338983
0.543779	0.0599078	0.207373	0.175115	0.0138249
0.513514	0.189189	0.189189	0.027027	0.0810811
0.15	0.05	0.05	0.7	0.05
0.142857	0.190476	0.47619	0.142857	0.047619
0.313725	0.0392157	0.0392157	0.588235	0.0196078
0.75	0.125	0.03125	0.0625	0.03125
0.402439	0.0853659	0.0213415	0.0182927	0.472561
0.285714	0.0952381	0.285714	0.238095	0.0952381
0.447917	0.114583	0.114583	0.0833333	0.239583
0.103448	0.0689655	0.0344828	0.724138	0.0689655
0.111888	0.048951	0.104895	0.706294	0.027972
0.571429	0.0952381	0.047619	0.047619	0.238095
0.355556	0.355556	0.0666667	0.2	0.0222222
0.261905	0.0119048	0.642857	0.0714286	0.0119048
0.565217	0.0217391	0.108696	0.195652	0.108696
0.72549	0.137255	0.0196078	0.0588235	0.0588235
0.352941	0.117647	0.352941	0.0392157	0.137255
0.616071	0.142857	0.0178571	0.116071	0.107143
0.415094	0.301887	0.0754717	0.169811	0.0377358
0.294118	0.0294118	0.352941	0.0882353	0.235294
0.285714	0.0714286	0.214286	0.285714	0.142857
0.533333	0.05	0.0333333	0.0666667	0.316667
0.309091	0.0181818	0.509091	0.0363636	0.127273
0.222222	0.037037	0.037037	0.666667	0.037037
0.304348	0.144928	0.0289855	0.0144928	0.507246
0.166667	0.166667	0.166667	0.333333	0.166667
0.764706	0.0294118	0.0294118	0.0294118	0.147059
0.5	0.0555556	0.0555556	0.277778	0.111111
0.285714	0.142857	0.142857	0.142857	0.285714
0.25641	0.230769	0.128205	0.025641	0.358974
0.571429	0.0357143	0.178571	0.178571	0.0357143
0.0434783	0.130435	0.0434783	0.565217	0.217391
0.0169492	0.152542	0.322034	0.40678	0.101695
0.433333	0.0888889	0.0333333	0.0777778	0.366667
0.349206	0.047619	0.0793651	0.015873	0.507937
0.393443	0.42623	0.0491803	0.0163934	0.114754
0.236842	0.157895	0.447368	0.131579	0.0263158
0.148148	0.296296	0.111111	0.37037	0.0740741
0.385321	0.0275229	0.0825688	0.458716	0.0458716
0.673684	0.0684211	0.0789474	0.0315789	0.147368
0.37037	0.0123457	0.160494	0.444444	0.0123457
0.647059	0.0588235	0.0588235	0.0588235	0.176471
0.2	0.1	0.5	0.166667	0.0333333
0.176471	0.0588235	0.117647	0.588235	0.0588235
0.477273	0.0227273	0.181818	0.25	0.0681818
0.5	0.0625	0.125	0.125	0.1875
0.428571	0.380952	0.047619	0.047619	0.0952381
0.583893	0.154362	0.00671141	0.161074	0.0939597
0.25	0.25	0.333333	0.0833333	0.0833333
0.548387	0.0806452	0.016129	0.016129	0.33871
0.318182	0.0151515	0.590909	0.030303	0.0454545
0.469388	0.0204082	0.326531	0.0612245	0.122449
0.575	0.05	0.2	0.075	0.1
0.84243	0.023172	0.0391349	0.0046344	0.0906282
0.636364	0.0909091	0.0909091	0.0909091	0.0909091
0.543478	0.108696	0.0217391	0.0217391	0.304348
0.0495868	0.0247934	0.330579	0.396694	0.198347
0.142857	0.0107143	0.0232143	0.0107143	0.8125
0.25	0.416667	0.166667	0.0833333	0.0833333
0.485714	0.171429	0.171429	0.142857	0.0285714
0.206897	0.117241	0.531034	0.062069	0.0827586
0.166667	0.0555556	0.388889	0.111111	0.277778
0.227273	0.181818	0.0909091	0.409091	0.0909091
0.322581	0.491935	0.0887097	0.0725806	0.0241935
0.409091	0.0454545	0.0454545	0.409091	0.0909091
0.0681818	0.0227273	0.681818	0.159091	0.0681818
0.38125	0.0125	0.1	0.49375	0.0125
0.784404	0.133028	0.0688073	0.00458716	0.00917431
0.202454	0.0490798	0.0552147	0.0184049	0.674847
0.0810811	0.0540541	0.216216	0.540541	0.108108
0.137931	0.103448	0.0344828	0.655172	0.0689655
0.234637	0.0726257	0.100559	0.0167598	0.575419
0.836735	0.0408163	0.0204082	0.0408163	0.0612245
0.787611	0.0353982	0.0353982	0.00884956	0.132743
0.15625	0.125	0.09375	0.53125	0.09375
0.481481	0.425926	0.0185185	0.037037	0.037037
0.203883	0.00970874	0.0776699	0.00970874	0.699029
0.666667	0.0666667	0.0266667	0.0266667	0.213333
0.285714	0.0714286	0.0714286	0.285714	0.285714
0.457143	0.114286	0.0285714	0.0571429	0.342857
0.272727	0.181818	0.409091	0.0909091	0.0454545
0.6	0.04	0.04	0.24	0.08
0.357143	0.142857	0.214286	0.0714286	0.214286
0.469388	0.0544218	0.00680272	0.435374	0.0340136
0.25	0.4375	0.166667	0.104167	0.0416667
0.25	0.277778	0.166667	0.0833333	0.222222
0.24	0.24	0.12	0.04	0.36
0.5	0.25	0.0833333	0.0416667	0.125
0.388889	0.194444	0.0555556	0.194444	0.166667
0.142857	0.0714286	0.0714286	0.642857	0.0714286
0.0701754	0.0789474	0.719298	0.0964912	0.0350877
0.266667	0.0666667	0.2	0.333333	0.133333
0.148148	0.0185185	0.592593	0.222222	0.0185185
0.431138	0.473054	0.0538922	0.011976	0.0299401
0.860465	0.0775194	0.0232558	0.0310078	0.00775194
0.493827	0.185185	0.234568	0.037037	0.0493827
0.666667	0.0833333	0.0166667	0.0333333	0.2
0.0728286	0.0140277	0.779977	0.118178	0.0149885
0.530612	0.0612245	0.142857	0.204082	0.0612245
0.457143	0.2	0.0857143	0.228571	0.0285714
0.459459	0.0540541	0.0720721	0.00900901	0.405405
0.342697	0.331461	0.0449438	0.0449438	0.235955
0.290749	0.0572687	0.480176	0.061674	0.110132
0.671053	0.210526	0.0789474	0.0131579	0.0263158
0.361905	0.0380952	0.0857143	0.438095	0.0761905
0.485149	0.237624	0.128713	0.0594059	0.0891089
0.428571	0.0714286	0.214286	0.142857	0.142857
0.378378	0.108108	0.0540541	0.243243	0.216216
0.2	0.2	0.2	0.2	0.2
0.136364	0.798295	0.0340909	0.0113636	0.0198864
0.320513	0.0384615	0.0384615	0.589744	0.0128205
0.141631	0.0515021	0.236052	0.562232	0.00858369
0.23913	0.163043	0.0652174	0.51087	0.0217391
0.0526316	0.0877193	0.175439	0.666667	0.0175439
0.519573	0.00711744	0.309609	0.0391459	0.124555
0.428571	0.107143	0.0714286	0.232143	0.160714
0.195402	0.0574713	0.0689655	0.0344828	0.643678
0.123457	0.123457	0.246914	0.395062	0.111111
0.2	0.2	0.2	0.2	0.2
0.727273	0.151515	0.030303	0.030303	0.0606061
0.208202	0.022082	0.596215	0.123028	0.0504732
0.407407	0.444444	0.0123457	0.0864198	0.0493827
0.324324	0.540541	0.027027	0.0540541	0.0540541
0.111111	0.0555556	0.222222	0.583333	0.0277778
0.9	0.0375	0.025	0.0125	0.025
0.047619	0.047619	0.142857	0.666667	0.0952381
0.4	0.2	0.1	0.1	0.2
0.0555556	0.5	0.0555556	0.333333	0.0555556
0.486486	0.0810811	0.0540541	0.027027	0.351351
0.384615	0.461538	0.0512821	0.0769231	0.025641
0.460674	0.0337079	0.0280899	0.129213	0.348315
0.0559006	0.0383023	0.885093	0.00207039	0.0186335
0.677725	0.14218	0.14218	0.028436	0.00947867
0.25	0.125	0.125	0.458333	0.0416667
0.214953	0.0747664	0.158879	0.46729	0.0841121
0.4	0.133333	0.2	0.0666667	0.2
0.827586	0.0689655	0.0344828	0.0344828	0.0344828
0.428571	0.047619	0.238095	0.190476	0.0952381
0.666667	0.0833333	0.0833333	0.0416667	0.125
0.419753	0.358025	0.148148	0.037037	0.037037
0.241379	0.0344828	0.137931	0.0689655	0.517241
0.636364	0.0909091	0.0909091	0.0909091	0.0909091
0.125	0.0138889	0.125	0.694444	0.0416667
0.514286	0.228571	0.0571429	0.0285714	0.171429
0.0357143	0.0357143	0.0357143	0.178571	0.714286
0.2	0.0363636	0.654545	0.0727273	0.0363636
0.458333	0.25	0.0416667	0.166667	0.0833333
0.833333	0.103175	0.0238095	0.031746	0.00793651
0.0769231	0.0641026	0.769231	0.0641026	0.025641
0.21978	0.021978	0.56044	0.131868	0.0659341
0.225225	0.027027	0.612613	0.117117	0.018018
0.170732	0.109756	0.47561	0.207317	0.0365854
0.25	0.0277778	0.111111	0.0277778	0.583333
0.349206	0.0952381	0.460317	0.031746	0.0634921
0.122288	0.00591716	0.747535	0.0315582	0.0927022
0.111111	0.111111	0.111111	0.0555556	0.611111
0.589041	0.0410959	0.109589	0.0136986	0.246575
0.117647	0.0294118	0.117647	0.705882	0.0294118
0.178571	0.0714286	0.654762	0.0238095	0.0714286
0.230769	0.153846	0.307692	0.230769	0.0769231
0.612903	0.0483871	0.290323	0.0322581	0.016129
0.272727	0.0909091	0.0909091	0.272727	0.272727
0.275	0.025	0.15	0.5	0.05
0.2	0.2	0.2	0.2	0.2
0.282353	0.517647	0.0470588	0.0705882	0.0823529
0.166667	0.0416667	0.208333	0.5	0.0833333
0.851064	0.0851064	0.0212766	0.0212766	0.0212766
0.464286	0.0357143	0.178571	0.178571	0.142857
0.192308	0.0384615	0.134615	0.0192308	0.615385
0.333333	0.166667	0.166667	0.166667	0.166667
0.313433	0.567164	0.0597015	0.0149254	0.0447761
0.225806	0.225806	0.16129	0.16129	0.225806
0.634615	0.0961538	0.0576923	0.0961538	0.115385
0.786885	0.0983607	0.0163934	0.0163934	0.0819672
0.24	0.04	0.24	0.44	0.04
0.477273	0.0681818	0.0909091	0.136364	0.227273
0.372881	0.0169492	0.0677966	0.0338983	0.508475
0.134615	0.0576923	0.0384615	0.192308	0.576923
0.5625	0.0416667	0.0208333	0.3125	0.0625
0.264706	0.0588235	0.0882353	0.558824	0.0294118
0.288889	0.0444444	0.111111	0.511111	0.0444444
0.0714286	0.142857	0.0714286	0.642857	0.0714286
0.6	0.0181818	0.0181818	0.0909091	0.272727
0.619048	0.0952381	0.119048	0.0714286	0.0952381
0.2	0.2	0.2	0.2	0.2
0.293103	0.0172414	0.586207	0.0172414	0.0862069
0.380282	0.0422535	0.140845	0.408451	0.028169
0.789474	0.0526316	0.0701754	0.0175439	0.0701754
0.487805	0.0731707	0.00813008	0.00813008	0.422764
0.615385	0.0384615	0.153846	0.0192308	0.173077
0.470588	0.117647	0.117647	0.235294	0.0588235
0.257895	0.0105263	0.147368	0.568421	0.0157895
0.485714	0.0571429	0.0285714	0.285714	0.142857
0.448276	0.137931	0.0344828	0.310345	0.0689655
0.681818	0.0113636	0.0681818	0.00568182	0.232955
0.104478	0.0597015	0.253731	0.567164	0.0149254
0.466667	0.0666667	0.266667	0.133333	0.0666667
0.565217	0.0434783	0.173913	0.173913	0.0434783
0.341818	0.0327273	0.0509091	0.0327273	0.541818
0.585586	0.036036	0.0810811	0.036036	0.261261
0.436893	0.0436893	0.441748	0.0436893	0.0339806
0.0909091	0.0454545	0.272727	0.545455	0.0454545
0.2	0.2	0.2	0.2	0.2
0.327586	0.37931	0.0517241	0.0517241	0.189655
0.456522	0.384058	0.0942029	0.0289855	0.0362319
0.157895	0.105263	0.105263	0.605263	0.0263158
0.337349	0.204819	0.0481928	0.0843373	0.325301
0.536232	0.0869565	0.0434783	0.0289855	0.304348
0.647059	0.0294118	0.117647	0.117647	0.0882353
0.268227	0.031197	0.203798	0.420142	0.0766361
0.472222	0.0555556	0.0277778	0.416667	0.0277778
0.109827	0.0751445	0.00578035	0.00578035	0.803468
0.75	0.0555556	0.0277778	0.0277778	0.138889
0.222222	0.259259	0.0740741	0.333333	0.111111
0.483871	0.0322581	0.274194	0.0967742	0.112903
0.46875	0.0833333	0.354167	0.0208333	0.0729167
0.235294	0.0882353	0.117647	0.529412	0.0294118
0.65	0.025	0.075	0.05	0.2
0.45	0.1	0.1	0.3	0.05
0.366667	0.0333333	0.333333	0.2	0.0666667
0.043687	0.0326452	0.844455	0.0609698	0.0182429
0.365854	0.158537	0.402439	0.0365854	0.0365854
0.552632	0.0296053	0.0427632	0.0197368	0.355263
0.25	0.0833333	0.0833333	0.5	0.0833333
0.361111	0.0833333	0.388889	0.138889	0.0277778
0.4	0.133333	0.333333	0.0666667	0.0666667
0.255892	0.37037	0.20202	0.016835	0.154882
0.2	0.123077	0.230769	0.369231	0.0769231
0.166667	0.0833333	0.25	0.416667	0.0833333
0.575758	0.0909091	0.151515	0.121212	0.0606061
0.351145	0.0152672	0.0229008	0.00763359	0.603053
0.355263	0.460526	0.0526316	0.0394737	0.0921053
0.488889	0.2	0.0222222	0.266667	0.0222222
0.19697	0.030303	0.0505051	0.712121	0.010101
0.333333	0.111111	0.111111	0.333333	0.111111
0.225806	0.0322581	0.0322581	0.016129	0.693548
0.2	0.0666667	0.0666667	0.533333	0.133333
0.37931	0.0344828	0.172414	0.344828	0.0689655
0.135802	0.0617284	0.037037	0.0493827	0.716049
0.305882	0.0941176	0.2	0.341176	0.0588235
0.2	0.1	0.35	0.3	0.05
0.436242	0.375839	0.0939597	0.0536913	0.0402685
0.226519	0.132597	0.0110497	0.0441989	0.585635
0.333333	0.222222	0.111111	0.222222	0.111111
0.243243	0.027027	0.27027	0.432432	0.027027
0.088208	0.0473538	0.815227	0.0371402	0.0120706
0.3125	0.0625	0.125	0.3125	0.1875
0.352941	0.0294118	0.0294118	0.411765	0.176471
0.26087	0.0434783	0.0434783	0.0434783	0.608696
0.2	0.04	0.24	0.36	0.16
0.266667	0.15	0.1	0.416667	0.0666667
0.111111	0.0555556	0.333333	0.277778	0.222222
0.458333	0.0416667	0.0416667	0.166667	0.291667
0.488889	0.133333	0.333333	0.0222222	0.0222222
0.357143	0.142857	0.142857	0.214286	0.142857
0.0153374	0.0797546	0.794479	0.0368098	0.0736196
0.566667	0.0666667	0.2	0.0666667	0.1
0.507042	0.0422535	0.084507	0.084507	0.28169
0.333333	0.0833333	0.166667	0.0833333	0.333333
0.323944	0.169014	0.028169	0.056338	0.422535
0.255814	0.0465116	0.0697674	0.604651	0.0232558
0.798928	0.0563003	0.0616622	0.0080429	0.075067
0.333333	0.592593	0.037037	0.0185185	0.0185185
0.444444	0.222222	0.288889	0.0222222	0.0222222
0.362319	0.0724638	0.405797	0.101449	0.057971
0.263158	0.0175439	0.45614	0.210526	0.0526316
0.571429	0.122449	0.0612245	0.0612245	0.183673
0.2	0.3	0.1	0.1	0.3
0.354839	0.193548	0.16129	0.0322581	0.258065
0.3125	0.614583	0.03125	0.03125	0.0104167
0.117647	0.117647	0.352941	0.352941	0.0588235
0.545455	0.0454545	0.136364	0.227273	0.0454545
0.727273	0.030303	0.0757576	0.121212	0.0454545
0.232323	0.656566	0.040404	0.030303	0.040404
0.563636	0.0909091	0.0181818	0.290909	0.0363636
0.206897	0.655172	0.0689655	0.0344828	0.0344828
0.248555	0.485549	0.179191	0.0231214	0.0635838
0.473684	0.105263	0.0526316	0.105263	0.263158
0.5	0.0833333	0.25	0.0416667	0.125
0.282051	0.179487	0.128205	0.0512821	0.358974
0.461538	0.0384615	0.0769231	0.0384615	0.384615
0.2	0.4	0.266667	0.0666667	0.0666667
0.407407	0.111111	0.333333	0.111111	0.037037
0.315789	0.0526316	0.0526316	0.526316	0.0526316
0.321937	0.025641	0.00569801	0.002849	0.643875
0.416667	0.183333	0.0333333	0.35	0.0166667
0.285714	0.142857	0.142857	0.285714	0.142857
0.181818	0.181818	0.136364	0.0909091	0.409091
0.816	0.128	0.008	0.008	0.04
0.0833333	0.222222	0.138889	0.194444	0.361111
0.205607	0.542056	0.121495	0.0934579	0.0373832
0.421053	0.0526316	0.0526316	0.0526316	0.421053
0.219178	0.0410959	0.0821918	0.630137	0.0273973
0.113208	0.0566038	0.0188679	0.792453	0.0188679
0.555556	0.308642	0.0246914	0.0617284	0.0493827
0.142857	0.142857	0.142857	0.428571	0.142857
0.799197	0.0843373	0.0441767	0.0200803	0.0522088
0.596491	0.0438596	0.0175439	0.0263158	0.315789
0.354167	0.0625	0.0833333	0.125	0.375
0.404762	0.047619	0.380952	0.0714286	0.0952381
0.395184	0.514164	0.0467422	0.00849858	0.0354108
0.108108	0.027027	0.432432	0.378378	0.0540541
0.709677	0.0322581	0.0322581	0.129032	0.0967742
0.152866	0.0382166	0.573248	0.101911	0.133758
0.649123	0.0701754	0.0350877	0.0175439	0.22807
0.181818	0.0454545	0.0909091	0.5	0.181818
0.112903	0.193548	0.451613	0.209677	0.0322581
0.52381	0.0793651	0.0793651	0.238095	0.0793651
0.363636	0.0454545	0.0454545	0.409091	0.136364
0.473684	0.131579	0.0789474	0.184211	0.131579
0.468085	0.170213	0.120567	0.134752	0.106383
0.216216	0.027027	0.027027	0.702703	0.027027
0.148148	0.037037	0.666667	0.111111	0.037037
0.348837	0.162791	0.0697674	0.302326	0.116279
0.0952381	0.0179894	0.635979	0.248677	0.0021164
0.35	0.4	0.15	0.05	0.05
0.392857	0.357143	0.0714286	0.0357143	0.142857
0.178571	0.107143	0.25	0.357143	0.107143
0.333333	0.111111	0.111111	0.333333	0.111111
0.0625	0.125	0.1875	0.0625	0.5625
0.867647	0.0294118	0.0147059	0.0441176	0.0441176
0.888889	0.0185185	0.0555556	0.0185185	0.0185185
0.531469	0.146853	0.0559441	0.146853	0.118881
0.424242	0.257576	0.0984848	0.166667	0.0530303
0.0875	0.2	0.5125	0.0125	0.1875
0.501818	0.0290909	0.0545455	0.00727273	0.407273
0.289855	0.231884	0.0434783	0.0869565	0.347826
0.0769231	0.025641	0.358974	0.487179	0.0512821
0.0135135	0.0540541	0.0675676	0.810811	0.0540541
0.533333	0.244444	0.0222222	0.0444444	0.155556
0.446483	0.0764526	0.030581	0.00917431	0.437309
0.105882	0.0705882	0.470588	0.341176	0.0117647
0.227011	0.0833333	0.632184	0.0229885	0.0344828
0.768116	0.0289855	0.101449	0.0144928	0.0869565
0.428571	0.0535714	0.0892857	0.392857	0.0357143
0.485714	0.185714	0.0285714	0.0285714	0.271429
0.518519	0.037037	0.185185	0.037037	0.222222
0.87156	0.0733945	0.0366972	0.00917431	0.00917431
0.646586	0.305221	0.0200803	0.00401606	0.0240964
0.481481	0.148148	0.259259	0.0740741	0.037037
0.392857	0.321429	0.107143	0.142857	0.0357143
0.804878	0.121951	0.0243902	0.0243902	0.0243902
0.2	0.433333	0.0333333	0.3	0.0333333
0.314286	0.114286	0.285714	0.171429	0.114286
0.186364	0.709091	0.0409091	0.0318182	0.0318182
0.131148	0.0327869	0.114754	0.688525	0.0327869
0.76087	0.0217391	0.108696	0.0652174	0.0434783
0.27451	0.176471	0.127451	0.264706	0.156863
0.347826	0.0434783	0.0869565	0.0434783	0.478261
0.179487	0.564103	0.102564	0.128205	0.025641
0.18	0.12	0.6	0.06	0.04
0.454545	0.0909091	0.181818	0.181818	0.0909091
0.163636	0.545455	0.227273	0.0272727	0.0363636
0.290323	0.0322581	0.451613	0.129032	0.0967742
0.309091	0.490909	0.0363636	0.0727273	0.0909091
0.392857	0.178571	0.0357143	0.0714286	0.321429
0.285714	0.0649351	0.0649351	0.558442	0.025974
0.393162	0.025641	0.025641	0.025641	0.529915
0.289157	0.060241	0.0963855	0.53012	0.0240964
0.363636	0.254545	0.0969697	0.0606061	0.224242
0.229508	0.0819672	0.0819672	0.0491803	0.557377
0.472222	0.25	0.0277778	0.138889	0.111111
0.35	0.2	0.1	0.15	0.2
0.222222	0.0555556	0.0555556	0.555556	0.111111
0.0780488	0.0097561	0.858537	0.0146341	0.0390244
0.111111	0.0666667	0.4	0.244444	0.177778
0.94702	0.00662252	0.00662252	0.00662252	0.0331126
0.0714286	0.0857143	0.728571	0.0714286	0.0428571
0.396226	0.00754717	0.249057	0.332075	0.0150943
0.231884	0.217391	0.0724638	0.405797	0.0724638
0.714286	0.047619	0.0952381	0.0952381	0.047619
0.393939	0.030303	0.212121	0.333333	0.030303
0.153846	0.538462	0.0384615	0.115385	0.153846
0.267857	0.0535714	0.0357143	0.589286	0.0535714
0.037037	0.037037	0.0555556	0.851852	0.0185185
0.474026	0.266234	0.220779	0.012987	0.025974
0.195652	0.108696	0.369565	0.26087	0.0652174
0.136364	0.136364	0.227273	0.454545	0.0454545
0.142857	0.255102	0.142857	0.357143	0.102041
0.661538	0.107692	0.0769231	0.0153846	0.138462
0.731707	0.0243902	0.0121951	0.0609756	0.170732
0.485714	0.0285714	0.0857143	0.371429	0.0285714
0.702128	0.182979	0.0765957	0.00425532	0.0340426
0.322581	0.16129	0.0322581	0.354839	0.129032
0.424658	0.232877	0.0547945	0.191781	0.0958904
0.178571	0.607143	0.0714286	0.107143	0.0357143
0.5	0.0526316	0.131579	0.263158	0.0526316
0.339623	0.0943396	0.0377358	0.471698	0.0566038
0.2	0.2	0.2	0.2	0.2
0.26087	0.0217391	0.0217391	0.652174	0.0434783
0.608696	0.0434783	0.0869565	0.0434783	0.217391
0.210526	0.0526316	0.210526	0.315789	0.210526
0.238095	0.309524	0.047619	0.357143	0.047619
0.325203	0.52439	0.0447154	0.0121951	0.0934959
0.458333	0.145833	0.0208333	0.3125	0.0625
0.347826	0.0869565	0.130435	0.391304	0.0434783
0.285714	0.047619	0.238095	0.190476	0.238095
0.413793	0.0758621	0.0275862	0.00689655	0.475862
0.43299	0.0721649	0.360825	0.0618557	0.0721649
0.733333	0.1	0.0666667	0.0333333	0.0666667
0.5	0.0625	0.270833	0.0833333	0.0833333
0.757282	0.0582524	0.0776699	0.0679612	0.038835
0.378378	0.0405405	0.432432	0.0810811	0.0675676
0.111111	0.407407	0.333333	0.111111	0.037037
0.361702	0.106383	0.361702	0.12766	0.0425532
0.0645161	0.0645161	0.806452	0.0322581	0.0322581
0.3	0.1	0.4	0.1	0.1
0.785714	0.0357143	0.0714286	0.0357143	0.0714286
0.594595	0.135135	0.135135	0.0810811	0.0540541
0.166667	0.104167	0.104167	0.604167	0.0208333
0.236842	0.210526	0.0526316	0.394737	0.105263
0.5	0.0909091	0.227273	0.0909091	0.0909091
0.0714286	0.214286	0.0714286	0.5	0.142857
0.436047	0.232558	0.00581395	0.0290698	0.296512
0.333333	0.037037	0.259259	0.148148	0.222222
0.307692	0.230769	0.0769231	0.153846	0.230769
0.181818	0.030303	0.121212	0.606061	0.0606061
0.28	0.008	0.24	0.464	0.008
0.283951	0.179012	0.5	0.00617284	0.0308642
0.864407	0.0338983	0.0169492	0.0508475	0.0338983
0.727273	0.166667	0.0454545	0.0151515	0.0454545
0.416667	0.0555556	0.0277778	0.472222	0.0277778
0.151515	0.151515	0.30303	0.151515	0.242424
0.176471	0.0588235	0.0588235	0.205882	0.5
0.351145	0.312977	0.0381679	0.0458015	0.251908
0.275862	0.5	0.172414	0.0172414	0.0344828
0.181818	0.0909091	0.181818	0.454545	0.0909091
0.0454545	0.0454545	0.0909091	0.704545	0.113636
0.363636	0.181818	0.0606061	0.030303	0.363636
0.44898	0.0612245	0.102041	0.367347	0.0204082
0.25641	0.0598291	0.0598291	0.538462	0.0854701
0.25	0.25	0.125	0.25	0.125
0.1	0.4	0.3	0.1	0.1
0.240642	0.101604	0.0481283	0.00534759	0.604278
0.25	0.692308	0.0288462	0.00961538	0.0192308
0.666667	0.047619	0.0952381	0.047619	0.142857
0.333333	0.0952381	0.0238095	0.0238095	0.52381
0.6	0.04	0.28	0.02	0.06
0.0909091	0.181818	0.363636	0.272727	0.0909091
0.6875	0.0625	0.1875	0.03125	0.03125
0.321429	0.0714286	0.0714286	0.0357143	0.5
0.205882	0.0588235	0.558824	0.147059	0.0294118
0.5625	0.0625	0.1875	0.09375	0.09375
0.52381	0.047619	0.142857	0.190476	0.0952381
0.222222	0.166667	0.111111	0.0555556	0.444444
0.258621	0.103448	0.137931	0.413793	0.0862069
0.524862	0.0460405	0.0165746	0.0736648	0.338858
0.102804	0.0716511	0.0436137	0.00311526	0.778816
0.48	0.08	0.2	0.04	0.2
0.529412	0.176471	0.147059	0.0294118	0.117647
0.238727	0.0132626	0.66313	0.0265252	0.0583554
0.0779221	0.792208	0.038961	0.012987	0.0779221
0.780952	0.0333333	0.0619048	0.0285714	0.0952381
0.738095	0.047619	0.0714286	0.0238095	0.119048
0.283688	0.0401891	0.0307329	0.0070922	0.638298
0.830769	0.0615385	0.00769231	0.0230769	0.0769231
0.230769	0.307692	0.0769231	0.153846	0.230769
0.666667	0.190476	0.047619	0.047619	0.047619
0.08	0.04	0.24	0.44	0.2
0.473118	0.139785	0.0645161	0.0645161	0.258065
0.419355	0.0967742	0.258065	0.193548	0.0322581
0.148148	0.12963	0.0740741	0.62963	0.0185185
0.482759	0.12069	0.0344828	0.0517241	0.310345
0.233333	0.0666667	0.0666667	0.6	0.0333333
0.294118	0.294118	0.176471	0.176471	0.0588235
0.222222	0.0277778	0.0277778	0.111111	0.611111
0.2	0.0285714	0.0571429	0.685714	0.0285714
0.214286	0.0892857	0.142857	0.482143	0.0714286
0.5125	0.30625	0.10625	0.025	0.05
0.272727	0.0530303	0.0227273	0.0151515	0.636364
0.25	0.125	0.375	0.125	0.125
0.416667	0.166667	0.25	0.125	0.0416667
0.325	0.15	0.075	0.025	0.425
0.416	0.208	0.056	0.104	0.216
0.461538	0.211538	0.115385	0.134615	0.0769231
0.473684	0.157895	0.0526316	0.263158	0.0526316
0.333333	0.125	0.0416667	0.0416667	0.458333
0.20202	0.0909091	0.0606061	0.545455	0.10101
0.545455	0.181818	0.0909091	0.0909091	0.0909091
0.486486	0.0540541	0.162162	0.0810811	0.216216
0.37931	0.137931	0.103448	0.103448	0.275862
0.3	0.34	0.14	0.04	0.18
0.397516	0.0434783	0.0186335	0.00621118	0.534161
0.186441	0.118644	0.118644	0.40678	0.169492
0.369231	0.169231	0.169231	0.0461538	0.246154
0.299065	0.0560748	0.485981	0.130841	0.0280374
0.529412	0.117647	0.0588235	0.117647	0.176471
0.16	0.12	0.08	0.04	0.6
0.151515	0.040404	0.040404	0.010101	0.757576
0.166667	0.0625	0.208333	0.125	0.4375
0.117647	0.0588235	0.0588235	0.647059	0.117647
0.52	0.12	0.04	0.16	0.16
0.680272	0.0612245	0.0204082	0.210884	0.0272109
0.0333333	0.333333	0.533333	0.0333333	0.0666667
0.474576	0.144068	0.0338983	0.00847458	0.338983
0.428571	0.0204082	0.0510204	0.0306122	0.469388
0.2	0.2	0.2	0.2	0.2
0.513514	0.027027	0.162162	0.216216	0.0810811
0.4	0.16	0.3	0.04	0.1
0.26087	0.0869565	0.0434783	0.0217391	0.586957
0.269231	0.384615	0.192308	0.115385	0.0384615
0.726027	0.0730594	0.0228311	0.0319635	0.146119
0.365854	0.097561	0.0121951	0.0365854	0.487805
0.309677	0.0709677	0.0709677	0.503226	0.0451613
0.222222	0.148148	0.0185185	0.0740741	0.537037
0.244444	0.0222222	0.0777778	0.122222	0.533333
0.133333	0.133333	0.0666667	0.466667	0.2
0.413793	0.137931	0.0344828	0.103448	0.310345
0.133333	0.0666667	0.0666667	0.133333	0.6
0.4375	0.0357143	0.0803571	0.00892857	0.4375
0.45	0.25	0.1	0.1	0.1
0.342857	0.0285714	0.2	0.0857143	0.342857
0.578475	0.0134529	0.0179372	0.0134529	0.376682
0.2	0.2	0.2	0.2	0.2
0.763636	0.0545455	0.0545455	0.0181818	0.109091
0.886905	0.00595238	0.0357143	0.0178571	0.0535714
0.416667	0.138889	0.0555556	0.138889	0.25
0.25641	0.102564	0.102564	0.282051	0.25641
0.833803	0.0450704	0.028169	0.0225352	0.0704225
0.851064	0.0382979	0.0255319	0.00851064	0.0765957
0.840708	0.00884956	0.00589971	0.0147493	0.129794
0.8125	0.101562	0.0625	0.0078125	0.015625
0.375	0.0625	0.1875	0.3125	0.0625
0.531148	0.0262295	0.0327869	0.00327869	0.406557
0.590909	0.136364	0.0909091	0.0909091	0.0909091
0.734483	0.0793103	0.037931	0.0241379	0.124138
0.608696	0.0434783	0.0434783	0.130435	0.173913
0.567164	0.0895522	0.0149254	0.0149254	0.313433
0.212	0.604	0.052	0.008	0.124
0.363636	0.0909091	0.0909091	0.272727	0.181818
0.4	0.1	0.1	0.2	0.2
0.307692	0.153846	0.307692	0.0769231	0.153846
0.619048	0.047619	0.047619	0.142857	0.142857
0.375	0.0416667	0.0416667	0.0833333	0.458333
0.75	0.0375	0.0125	0.1625	0.0375
0.465517	0.0948276	0.00862069	0.00862069	0.422414
0.32967	0.538462	0.032967	0.032967	0.0659341
0.304348	0.0869565	0.0434783	0.130435	0.434783
0.694444	0.171296	0.0694444	0.00462963	0.0601852
0.222222	0.111111	0.222222	0.111111	0.333333
0.657143	0.2	0.0857143	0.0285714	0.0285714
0.629522	0.0303907	0.0492041	0.0188133	0.272069
0.742857	0.0285714	0.114286	0.0571429	0.0571429
0.647059	0.117647	0.0588235	0.0588235	0.117647
0.837838	0.0945946	0.027027	0.027027	0.0135135
0.566667	0.0333333	0.0333333	0.0333333	0.333333
0.181818	0.318182	0.272727	0.0909091	0.136364
0.48	0.08	0.04	0.04	0.36
0.4375	0.0625	0.0625	0.0625	0.375
0.805556	0.0694444	0.0416667	0.0138889	0.0694444
0.46	0.06	0.04	0.06	0.38
0.375	0.125	0.125	0.3125	0.0625
0.430769	0.0153846	0.0153846	0.0307692	0.507692
0.2	0.2	0.2	0.2	0.2
0.52381	0.047619	0.047619	0.047619	0.333333
0.654494	0.0252809	0.00561798	0.0252809	0.289326
0.854037	0.0124224	0.0496894	0.015528	0.068323
0.608696	0.0434783	0.0869565	0.217391	0.0434783
0.166667	0.166667	0.166667	0.166667	0.333333
0.166667	0.541667	0.0416667	0.166667	0.0833333
0.464286	0.0178571	0.0178571	0.0178571	0.482143
0.782609	0.057971	0.0289855	0.0289855	0.101449
0.915789	0.0315789	0.0210526	0.0210526	0.0105263
