0.142857	0.047619	0.238095	0.190476	0.380952
0.24	0.08	0.28	0.04	0.36
0.00714286	0.217857	0.471429	0.00357143	0.3
0.0833333	0.0833333	0.625	0.125	0.0833333
0.00806452	0.532258	0.0564516	0.0241935	0.379032
0.111111	0.333333	0.222222	0.0555556	0.277778
0.76	0.04	0.08	0.04	0.08
0.2	0.2	0.2	0.2	0.2
0.654545	0.0363636	0.0727273	0.0181818	0.218182
0.0819672	0.327869	0.131148	0.131148	0.327869
0.163265	0.0204082	0.408163	0.0816327	0.326531
0.25	0.25	0.25	0.15625	0.09375
0.111111	0.0222222	0.477778	0.0222222	0.366667
0.16129	0.145161	0.0806452	0.0322581	0.580645
0.136691	0.147482	0.179856	0.0539568	0.482014
0.716312	0.0212766	0.177305	0.0638298	0.0212766
0.55	0.05	0.15	0.05	0.2
0.666667	0.0208333	0.0416667	0.0208333	0.25
0.0697674	0.0232558	0.0465116	0.511628	0.348837
0.328571	0.0571429	0.2	0.171429	0.242857
0.0169492	0.355932	0.0169492	0.0338983	0.576271
0.0652174	0.108696	0.565217	0.0217391	0.23913
0.0208333	0.291667	0.0208333	0.0625	0.604167
0.333333	0.166667	0.166667	0.166667	0.166667
0.133333	0.288889	0.0666667	0.133333	0.377778
0.173913	0.521739	0.0434783	0.0434783	0.217391
0.272727	0.181818	0.0909091	0.0454545	0.409091
0.272727	0.0909091	0.0909091	0.454545	0.0909091
0.2	0.4	0.0666667	0.133333	0.2
0.0109439	0.935705	0.0232558	0.00410397	0.0259918
0.344828	0.172414	0.0689655	0.0689655	0.344828
0.037037	0.0740741	0.111111	0.037037	0.740741
0.0847458	0.20339	0.237288	0.135593	0.338983
0.0491803	0.0327869	0.229508	0.0819672	0.606557
0.0366972	0.0733945	0.302752	0.0366972	0.550459
0.00561798	0.679775	0.011236	0.011236	0.292135
0.6875	0.0625	0.125	0.0625	0.0625
0.615385	0.0384615	0.0769231	0.0769231	0.192308
0.031746	0.0952381	0.190476	0.333333	0.349206
0.0140056	0.0364146	0.806723	0.0364146	0.106443
0.0224719	0.235955	0.0561798	0.0224719	0.662921
0.1	0.344444	0.0111111	0.0222222	0.522222
0.0555556	0.222222	0.333333	0.166667	0.222222
0.0454545	0.212121	0.19697	0.242424	0.30303
0.0445545	0.163366	0.0841584	0.0049505	0.70297
0.00518135	0.0414508	0.0207254	0.927461	0.00518135
0.151515	0.333333	0.0909091	0.272727	0.151515
0.1	0.06875	0.61875	0.0125	0.2
0.0882353	0.205882	0.0294118	0.0294118	0.647059
0.808163	0.0244898	0.00408163	0.00816327	0.155102
0.44898	0.0612245	0.0612245	0.142857	0.285714
0.766667	0.0333333	0.0666667	0.0333333	0.1
0.583673	0.0122449	0.0897959	0.0122449	0.302041
0.755556	0.0111111	0.111111	0.0222222	0.1
0.458333	0.25	0.0416667	0.166667	0.0833333
0.2	0.35	0.2	0.025	0.225
0.0684932	0.315068	0.0547945	0.0410959	0.520548
0.0735294	0.411765	0.0294118	0.0147059	0.470588
0.32	0.04	0.2	0.04	0.4
0.0238095	0.261905	0.0238095	0.214286	0.47619
0.423077	0.153846	0.0384615	0.115385	0.269231
0.0625	0.291667	0.0208333	0.0208333	0.604167
0.0714286	0.119048	0.5	0.0714286	0.238095
0.0909091	0.151515	0.0707071	0.414141	0.272727
0.261905	0.047619	0.261905	0.047619	0.380952
0.030303	0.0909091	0.181818	0.393939	0.30303
0.511111	0.0666667	0.288889	0.0222222	0.111111
0.382353	0.117647	0.294118	0.0588235	0.147059
0.0555556	0.444444	0.0277778	0.0416667	0.430556
0.0434783	0.0217391	0.195652	0.152174	0.586957
0.5	0.115385	0.153846	0.115385	0.115385
0.214286	0.428571	0.142857	0.0714286	0.142857
0.473684	0.105263	0.0526316	0.0526316	0.315789
0.391304	0.0434783	0.0869565	0.0869565	0.391304
0.0125786	0.45283	0.0314465	0.00628931	0.496855
0.698113	0.0566038	0.0377358	0.0754717	0.132075
0.526316	0.0701754	0.0701754	0.0175439	0.315789
0.571429	0.047619	0.142857	0.047619	0.190476
0.0793651	0.412698	0.031746	0.0634921	0.412698
0.2	0.35	0.05	0.05	0.35
0.142857	0.0714286	0.0714286	0.285714	0.428571
0.5	0.0454545	0.0909091	0.159091	0.204545
0.171875	0.25	0.15625	0.109375	0.3125
0.0588235	0.0294118	0.147059	0.617647	0.147059
0.111111	0.222222	0.111111	0.444444	0.111111
0.2	0.2	0.2	0.2	0.2
0.571429	0.0714286	0.214286	0.0714286	0.0714286
0.2	0.2	0.2	0.2	0.2
0.097561	0.0243902	0.439024	0.0243902	0.414634
0.404762	0.0714286	0.357143	0.047619	0.119048
0.4	0.04	0.16	0.12	0.28
0.0344828	0.478448	0.00431034	0.00431034	0.478448
0.557377	0.147541	0.0327869	0.0163934	0.245902
0.05	0.1	0.05	0.275	0.525
0.755556	0.0222222	0.0444444	0.111111	0.0666667
0.0104167	0.895833	0.0104167	0.0208333	0.0625
0.368421	0.0526316	0.105263	0.105263	0.368421
0.0390625	0.554688	0.03125	0.015625	0.359375
0.25	0.25	0.166667	0.25	0.0833333
0.352941	0.0588235	0.0588235	0.117647	0.411765
0.0769231	0.0769231	0.153846	0.230769	0.461538
0.481481	0.03367	0.010101	0.003367	0.47138
0.548285	0.0258575	0.282322	0.0369393	0.106596
0.615385	0.0769231	0.153846	0.0769231	0.0769231
0.0847458	0.0169492	0.0508475	0.00847458	0.838983
0.431373	0.156863	0.0784314	0.0588235	0.27451
0.127753	0.00440529	0.579295	0.0198238	0.268722
0.533333	0.133333	0.0666667	0.2	0.0666667
0.0347846	0.573831	0.00645013	0.0105966	0.374338
0.5	0.0714286	0.0357143	0.107143	0.285714
0.0645161	0.129032	0.290323	0.0645161	0.451613
0.208333	0.0416667	0.125	0.0416667	0.583333
0.0179641	0.401198	0.011976	0.0299401	0.538922
0.392857	0.0357143	0.214286	0.0535714	0.303571
0.65625	0.09375	0.125	0.09375	0.03125
0.772727	0.0454545	0.0909091	0.0454545	0.0454545
0.0833333	0.0277778	0.75	0.0833333	0.0555556
0.0434783	0.130435	0.0869565	0.130435	0.608696
0.0138889	0.604167	0.0486111	0.00694444	0.326389
0.138889	0.166667	0.0277778	0.0833333	0.583333
0.139535	0.232558	0.139535	0.116279	0.372093
0.11828	0.0376344	0.209677	0.376344	0.258065
0.57377	0.0327869	0.0491803	0.0327869	0.311475
0.577465	0.140845	0.0140845	0.028169	0.239437
0.115385	0.0769231	0.0769231	0.115385	0.615385
0.0847953	0.181287	0.540936	0.0321637	0.160819
0.44186	0.00775194	0.248062	0.00775194	0.294574
0.0772059	0.501838	0.0183824	0.0183824	0.384191
0.764706	0.0588235	0.0588235	0.0588235	0.0588235
0.596491	0.0263158	0.00877193	0.0175439	0.350877
0.520833	0.0208333	0.125	0.125	0.208333
0.733333	0.0222222	0.0444444	0.0444444	0.155556
0.109091	0.245455	0.0181818	0.0636364	0.563636
0.217617	0.00518135	0.0932642	0.414508	0.26943
0.2	0.0857143	0.0857143	0.0857143	0.542857
0.535714	0.0178571	0.0535714	0.0714286	0.321429
0.037037	0.444444	0.111111	0.185185	0.222222
0.029703	0.0594059	0.871287	0.0049505	0.0346535
0.0217391	0.369565	0.0652174	0.0217391	0.521739
0.444444	0.111111	0.111111	0.111111	0.222222
0.0422535	0.126761	0.0422535	0.0633803	0.725352
0.529412	0.0294118	0.117647	0.0294118	0.294118
0.2	0.2	0.2	0.2	0.2
0.210526	0.210526	0.473684	0.0526316	0.0526316
0.111111	0.111111	0.111111	0.333333	0.333333
0.285714	0.142857	0.285714	0.142857	0.142857
0.2	0.08	0.36	0.04	0.32
0.421053	0.105263	0.157895	0.105263	0.210526
0.25641	0.0512821	0.153846	0.025641	0.512821
0.0128205	0.0384615	0.0384615	0.25641	0.653846
0.0916667	0.05	0.316667	0.025	0.516667
0.0148368	0.522255	0.00296736	0.00296736	0.456973
0.529412	0.0294118	0.264706	0.0588235	0.117647
0.298246	0.0701754	0.0175439	0.0175439	0.596491
0.0714286	0.0714286	0.0714286	0.0714286	0.714286
0.578947	0.0526316	0.157895	0.0526316	0.157895
0.25	0.2	0.1	0.1	0.35
0.213115	0.114754	0.508197	0.0163934	0.147541
0.235294	0.352941	0.176471	0.0588235	0.176471
0.0309278	0.639175	0.0206186	0.0103093	0.298969
0.375	0.25	0.125	0.125	0.125
0.117647	0.117647	0.0588235	0.294118	0.411765
0.238095	0.142857	0.285714	0.047619	0.285714
0.571429	0.0714286	0.0714286	0.142857	0.142857
0.0909091	0.227273	0.0681818	0.0681818	0.545455
0.025641	0.128205	0.602564	0.0128205	0.230769
0.2	0.2	0.2	0.2	0.2
0.453488	0.0348837	0.116279	0.0116279	0.383721
0.0469314	0.0397112	0.0577617	0.465704	0.389892
0.666667	0.181818	0.0909091	0.030303	0.030303
0.0560748	0.11215	0.0280374	0.00934579	0.794393
0.0454545	0.0454545	0.227273	0.454545	0.227273
0.307692	0.153846	0.0769231	0.0769231	0.384615
0.04	0.466667	0.0133333	0.0266667	0.453333
0.5	0.1	0.2	0.1	0.1
0.0337079	0.0786517	0.011236	0.0224719	0.853933
0.444444	0.277778	0.0555556	0.138889	0.0833333
0.0299003	0.458472	0.142857	0.00996678	0.358804
0.0263158	0.131579	0.236842	0.105263	0.5
0.0344828	0.607759	0.0172414	0.00215517	0.338362
0.538462	0.032967	0.10989	0.021978	0.296703
0.0659341	0.032967	0.0714286	0.395604	0.434066
0.0177515	0.656805	0.0177515	0.00591716	0.301775
0.631579	0.210526	0.0526316	0.0526316	0.0526316
0.111111	0.111111	0.111111	0.222222	0.444444
0.325843	0.168539	0.235955	0.0224719	0.247191
0.386364	0.0625	0.0454545	0.0909091	0.414773
0.0942061	0.0305175	0.781955	0.00840336	0.0849182
0.265957	0.148936	0.0744681	0.138298	0.37234
0.0136986	0.0821918	0.0547945	0.0958904	0.753425
0.156028	0.0921986	0.269504	0.035461	0.446809
0.125	0.125	0.125	0.25	0.375
0.133333	0.0333333	0.0333333	0.133333	0.666667
0.323529	0.176471	0.323529	0.0294118	0.147059
0.389831	0.152542	0.0169492	0.288136	0.152542
0.0175439	0.502924	0.0409357	0.00584795	0.432749
0.526316	0.0526316	0.210526	0.105263	0.105263
0.362069	0.0804598	0.304598	0.126437	0.126437
0.0952381	0.0952381	0.190476	0.0952381	0.52381
0.142857	0.337662	0.025974	0.012987	0.480519
0.111111	0.222222	0.166667	0.0555556	0.444444
0.518519	0.0185185	0.240741	0.0185185	0.203704
0.107143	0.392857	0.0178571	0.0357143	0.446429
0.125	0.0555556	0.472222	0.0416667	0.305556
0.0243902	0.170732	0.0487805	0.0609756	0.695122
0.148936	0.0212766	0.361702	0.0425532	0.425532
0.545455	0.0454545	0.181818	0.0454545	0.181818
0.265306	0.122449	0.0612245	0.408163	0.142857
0.139535	0.0232558	0.116279	0.0697674	0.651163
0.0434783	0.0434783	0.0434783	0.456522	0.413043
0.0294118	0.0882353	0.647059	0.0294118	0.205882
0.307692	0.0576923	0.0384615	0.173077	0.423077
0.0144766	0.798441	0.0289532	0.0167038	0.141425
0.0483871	0.0645161	0.0403226	0.435484	0.41129
0.411765	0.2	0.247059	0.0235294	0.117647
0.5	0.0227273	0.0909091	0.0681818	0.318182
0.285714	0.142857	0.0714286	0.0714286	0.428571
0.181818	0.363636	0.0909091	0.181818	0.181818
0.113924	0.0379747	0.468354	0.0126582	0.367089
0.111406	0.241379	0.00795756	0.00265252	0.636605
0.148148	0.493827	0.0493827	0.0123457	0.296296
0.44	0.28	0.08	0.04	0.16
0.0810811	0.540541	0.027027	0.0540541	0.297297
0.00763359	0.343511	0.114504	0.0152672	0.519084
0.191489	0.0212766	0.468085	0.0851064	0.234043
0.325581	0.0232558	0.44186	0.0697674	0.139535
0.153846	0.153846	0.0961538	0.173077	0.423077
0.52381	0.0238095	0.119048	0.0238095	0.309524
0.147059	0.0588235	0.352941	0.147059	0.294118
0.170732	0.0243902	0.585366	0.0243902	0.195122
0.125	0.15625	0.25	0.03125	0.4375
0.451613	0.0645161	0.0322581	0.0967742	0.354839
0.095082	0.0754098	0.0983607	0.380328	0.35082
0.261905	0.0238095	0.166667	0.238095	0.309524
0.0666667	0.222222	0.0222222	0.111111	0.577778
0.181818	0.0909091	0.0909091	0.363636	0.272727
0.0238095	0.404762	0.0952381	0.0238095	0.452381
0.0714286	0.0714286	0.571429	0.142857	0.142857
0.516129	0.0322581	0.0645161	0.0967742	0.290323
0.111111	0.343434	0.047138	0.030303	0.468013
0.606557	0.0655738	0.0327869	0.147541	0.147541
0.317073	0.097561	0.121951	0.121951	0.341463
0.803571	0.0178571	0.107143	0.0357143	0.0357143
0.247934	0.00826446	0.528926	0.00826446	0.206612
0.307692	0.115385	0.115385	0.0384615	0.423077
0.0103093	0.0309278	0.71134	0.0824742	0.164948
0.150943	0.132075	0.0188679	0.245283	0.45283
0.0185185	0.037037	0.592593	0.12963	0.222222
0.36	0.04	0.04	0.08	0.48
0.678571	0.0357143	0.0357143	0.178571	0.0714286
0.00649351	0.0714286	0.454545	0.0584416	0.409091
0.333333	0.0833333	0.416667	0.0833333	0.0833333
0.878378	0.027027	0.0405405	0.0135135	0.0405405
0.603448	0.0689655	0.0431034	0.0258621	0.258621
0.047619	0.0952381	0.285714	0.142857	0.428571
0.181818	0.212121	0.0606061	0.121212	0.424242
0.223881	0.0746269	0.104478	0.179104	0.41791
0.111111	0.0740741	0.333333	0.185185	0.296296
0.64	0.05	0.01	0.14	0.16
0.196078	0.0980392	0.0588235	0.392157	0.254902
0.85	0.025	0.075	0.025	0.025
0.0408163	0.0816327	0.122449	0.346939	0.408163
0.0327869	0.0819672	0.0327869	0.360656	0.491803
0.00625	0.025	0.04375	0.0125	0.9125
0.6	0.04	0.12	0.12	0.12
0.642857	0.107143	0.178571	0.0357143	0.0357143
0.136364	0.0454545	0.0909091	0.136364	0.590909
0.0714286	0.0357143	0.678571	0.0357143	0.178571
0.0640244	0.0853659	0.0518293	0.57622	0.222561
0.385714	0.0285714	0.157143	0.0714286	0.357143
0.703704	0.037037	0.037037	0.037037	0.185185
0.1	0.15	0.1	0.05	0.6
0.017094	0.0683761	0.111111	0.401709	0.401709
0.0416667	0.125	0.416667	0.0416667	0.375
0.2	0.2	0.2	0.2	0.2
0.830189	0.0377358	0.0188679	0.0188679	0.0943396
0.375	0.175	0.05	0.05	0.35
0.15	0.05	0.35	0.05	0.4
0.2	0.2	0.2	0.2	0.2
0.0818182	0.263636	0.163636	0.4	0.0909091
0.0454545	0.0454545	0.0909091	0.136364	0.681818
0.254237	0.186441	0.135593	0.0508475	0.372881
0.609756	0.0487805	0.097561	0.097561	0.146341
0.657143	0.0285714	0.142857	0.0714286	0.1
0.103448	0.103448	0.103448	0.206897	0.482759
0.411765	0.0588235	0.352941	0.147059	0.0294118
0.772727	0.0454545	0.0909091	0.0454545	0.0454545
0.464865	0.0108108	0.162162	0.0540541	0.308108
0.047619	0.285714	0.047619	0.047619	0.571429
0.139535	0.186047	0.139535	0.0232558	0.511628
0.0615385	0.0153846	0.538462	0.0153846	0.369231
0.244444	0.288889	0.244444	0.0222222	0.2
0.125	0.125	0.125	0.125	0.5
0.142857	0.321429	0.0714286	0.0357143	0.428571
0.0882353	0.205882	0.588235	0.0588235	0.0588235
0.030303	0.0151515	0.257576	0.0151515	0.681818
0.28	0.2	0.24	0.24	0.04
0.136364	0.0909091	0.181818	0.0909091	0.5
0.0526316	0.210526	0.105263	0.157895	0.473684
0.285714	0.142857	0.190476	0.142857	0.238095
0.0666667	0.1	0.0666667	0.0333333	0.733333
0.333333	0.0833333	0.0833333	0.333333	0.166667
0.590909	0.0454545	0.0909091	0.0454545	0.227273
0.52381	0.015873	0.0952381	0.015873	0.349206
0.630769	0.0153846	0.0307692	0.0153846	0.307692
0.162162	0.144144	0.0720721	0.00900901	0.612613
0.217391	0.0652174	0.152174	0.152174	0.413043
0.0983607	0.393443	0.0655738	0.114754	0.327869
0.434783	0.0695652	0.147826	0.0434783	0.304348
0.0137363	0.631868	0.0302198	0.0192308	0.304945
0.705882	0.0588235	0.0588235	0.0588235	0.117647
0.222222	0.222222	0.0555556	0.333333	0.166667
0.0833333	0.166667	0.0833333	0.166667	0.5
0.025	0.025	0.725	0.075	0.15
0.666667	0.047619	0.0952381	0.047619	0.142857
0.558824	0.117647	0.0882353	0.117647	0.117647
0.179487	0.128205	0.153846	0.0769231	0.461538
0.0689655	0.0689655	0.103448	0.0689655	0.689655
0.00689655	0.0689655	0.0206897	0.00689655	0.896552
0.0333333	0.0222222	0.0555556	0.0222222	0.866667
0.2	0.3	0.2	0.1	0.2
0.075	0.15	0.1	0.025	0.65
0.441176	0.0294118	0.323529	0.0882353	0.117647
0.0344828	0.12069	0.0172414	0.0689655	0.758621
0.721649	0.0515464	0.175258	0.0412371	0.0103093
0.588235	0.0294118	0.117647	0.0588235	0.205882
0.0172414	0.0517241	0.0724138	0.0241379	0.834483
0.513043	0.0782609	0.286957	0.00869565	0.113043
0.6	0.233333	0.0333333	0.0333333	0.1
0.123288	0.506849	0.0410959	0.0136986	0.315068
0.754717	0.150943	0.0188679	0.0188679	0.0566038
0.15625	0.03125	0.59375	0.03125	0.1875
0.333333	0.037037	0.481481	0.0740741	0.0740741
0.117647	0.0392157	0.45098	0.117647	0.27451
0.854167	0.0208333	0.0416667	0.0416667	0.0416667
0.210526	0.0526316	0.157895	0.0526316	0.526316
0.578947	0.0263158	0.157895	0.0526316	0.184211
0.27957	0.236559	0.322581	0.0752688	0.0860215
0.365385	0.153846	0.0192308	0.0576923	0.403846
0.431034	0.0172414	0.155172	0.0689655	0.327586
0.40625	0.09375	0.03125	0.125	0.34375
0.2	0.2	0.2	0.2	0.2
0.636364	0.0340909	0.0113636	0.0681818	0.25
0.35	0.05	0.1	0.2	0.3
0.714286	0.0204082	0.102041	0.142857	0.0204082
0.0731707	0.195122	0.0243902	0.0243902	0.682927
0.661765	0.0147059	0.117647	0.0147059	0.191176
0.0214286	0.264286	0.142857	0.00714286	0.564286
0.0135135	0.671171	0.108108	0.018018	0.189189
0.0229885	0.00574713	0.126437	0.287356	0.557471
0.173913	0.115942	0.492754	0.15942	0.057971
0.73913	0.0434783	0.0434783	0.130435	0.0434783
0.333333	0.222222	0.111111	0.111111	0.222222
0.0512821	0.025641	0.512821	0.128205	0.282051
0.509434	0.0754717	0.150943	0.0377358	0.226415
0.231884	0.0724638	0.202899	0.0289855	0.463768
0.222222	0.0555556	0.416667	0.0277778	0.277778
0.37037	0.0740741	0.185185	0.0740741	0.296296
0.567568	0.027027	0.189189	0.0810811	0.135135
0.03125	0.53125	0.125	0.03125	0.28125
0.109091	0.0363636	0.4	0.181818	0.272727
0.436364	0.0181818	0.490909	0.0181818	0.0363636
0.448276	0.172414	0.172414	0.103448	0.103448
0.791667	0.0416667	0.0416667	0.0416667	0.0833333
0.431818	0.0454545	0.0681818	0.0681818	0.386364
0.160714	0.0178571	0.25	0.392857	0.178571
0.078125	0.1875	0.046875	0.078125	0.609375
0.0666667	0.233333	0.133333	0.166667	0.4
0.54717	0.0188679	0.113208	0.132075	0.188679
0.185185	0.111111	0.148148	0.111111	0.444444
0.1875	0.125	0.0625	0.0625	0.5625
0.47561	0.134146	0.0121951	0.0365854	0.341463
0.047619	0.0634921	0.0833333	0.00793651	0.797619
0.214286	0.0714286	0.142857	0.0714286	0.5
0.0289855	0.42029	0.0869565	0.26087	0.202899
0.676471	0.0588235	0.0294118	0.0588235	0.176471
0.321429	0.154762	0.0119048	0.0119048	0.5
0.2	0.2	0.0666667	0.0666667	0.466667
0.0909091	0.272727	0.136364	0.0454545	0.454545
0.0461538	0.138462	0.0461538	0.0153846	0.753846
0.333333	0.0666667	0.116667	0.0333333	0.45
0.2	0.2	0.2	0.2	0.2
0.5	0.025	0.2	0.025	0.25
0.0517241	0.517241	0.0172414	0.103448	0.310345
0.027027	0.135135	0.027027	0.027027	0.783784
0.263158	0.105263	0.263158	0.0526316	0.315789
0.0682415	0.139108	0.0131234	0.015748	0.76378
0.047619	0.190476	0.142857	0.047619	0.571429
0.6	0.0363636	0.109091	0.0363636	0.218182
0.121212	0.121212	0.030303	0.030303	0.69697
0.4	0.0666667	0.133333	0.0666667	0.333333
0.1875	0.208333	0.104167	0.125	0.375
0.125	0.05	0.45	0.05	0.325
0.0851064	0.191489	0.12766	0.12766	0.468085
0.183673	0.346939	0.0816327	0.102041	0.285714
0.3125	0.0390625	0.104167	0.304688	0.239583
0.485714	0.0285714	0.0285714	0.114286	0.342857
0.0208333	0.716667	0.0333333	0.116667	0.1125
0.541667	0.0416667	0.208333	0.166667	0.0416667
0.685879	0.126801	0.126801	0.00288184	0.0576369
0.590909	0.0909091	0.0454545	0.227273	0.0454545
0.014427	0.150866	0.142209	0.529678	0.162819
0.0441176	0.0882353	0.0147059	0.588235	0.264706
0.569767	0.116279	0.0697674	0.0465116	0.197674
0.227273	0.0454545	0.0454545	0.181818	0.5
0.459016	0.131148	0.0163934	0.0327869	0.360656
0.0128205	0.0934066	0.0384615	0.0128205	0.842491
0.37931	0.0344828	0.517241	0.0344828	0.0344828
0.0344828	0.275862	0.103448	0.0344828	0.551724
0.125	0.425	0.025	0.05	0.375
0.674419	0.0465116	0.0697674	0.0465116	0.162791
0.525641	0.128205	0.025641	0.025641	0.294872
0.320755	0.132075	0.0754717	0.0377358	0.433962
0.00819672	0.704918	0.0874317	0.0163934	0.18306
0.5	0.05	0.05	0.05	0.35
0.2	0.1	0.1	0.2	0.4
0.0225564	0.037594	0.037594	0.0150376	0.887218
0.0384615	0.0769231	0.0769231	0.153846	0.653846
0.125	0.25	0.125	0.125	0.375
0.277778	0.194444	0.0185185	0.037037	0.472222
0.0294118	0.352941	0.205882	0.0588235	0.352941
0.0857143	0.0285714	0.6	0.0285714	0.257143
0.55	0.075	0.05	0.025	0.3
0.547619	0.0238095	0.0238095	0.047619	0.357143
0.2	0.1	0.1	0.1	0.5
0.25	0.0625	0.5625	0.0625	0.0625
0.269231	0.230769	0.153846	0.0384615	0.307692
0.252525	0.171717	0.191919	0.040404	0.343434
0.145833	0.208333	0.125	0.1875	0.333333
0.106667	0.12	0.48	0.0266667	0.266667
0.0165017	0.148515	0.70297	0.00660066	0.125413
0.604651	0.0232558	0.232558	0.0697674	0.0697674
0.0229885	0.137931	0.045977	0.0574713	0.735632
0.594595	0.0810811	0.027027	0.0540541	0.243243
0.102362	0.125984	0.417323	0.00787402	0.346457
0.0196078	0.00980392	0.0196078	0.0196078	0.931373
0.210526	0.263158	0.0526316	0.105263	0.368421
0.12766	0.276596	0.0212766	0.0212766	0.553191
0.616667	0.0333333	0.0833333	0.0166667	0.25
0.721154	0.0192308	0.144231	0.00961538	0.105769
0.0212766	0.106383	0.0212766	0.191489	0.659574
0.333333	0.0208333	0.333333	0.0833333	0.229167
0.71564	0.042654	0.113744	0.00947867	0.118483
0.77193	0.0175439	0.140351	0.0175439	0.0526316
0.0769231	0.128205	0.128205	0.102564	0.564103
0.0833333	0.145833	0.0416667	0.0208333	0.708333
0.582278	0.0126582	0.0379747	0.0126582	0.35443
0.230769	0.153846	0.153846	0.153846	0.307692
0.0714286	0.214286	0.5	0.0714286	0.142857
0.444444	0.111111	0.111111	0.111111	0.222222
0.0625	0.46875	0.09375	0.0625	0.3125
0.0434783	0.391304	0.0434783	0.217391	0.304348
0.5	0.111111	0.0555556	0.0555556	0.277778
0.0298507	0.0447761	0.164179	0.328358	0.432836
0.131579	0.526316	0.0789474	0.0263158	0.236842
0.59375	0.015625	0.203125	0.015625	0.171875
0.269231	0.153846	0.346154	0.0769231	0.153846
0.0833333	0.125	0.375	0.0833333	0.333333
0.215686	0.0392157	0.627451	0.0196078	0.0980392
0.016129	0.258065	0.112903	0.016129	0.596774
0.569444	0.0138889	0.0972222	0.0694444	0.25
0.135831	0.0327869	0.723653	0.0444965	0.0632319
0.358974	0.0769231	0.153846	0.128205	0.282051
0.0178571	0.0892857	0.0535714	0.25	0.589286
0.0232558	0.116279	0.383721	0.0116279	0.465116
0.0263158	0.0789474	0.157895	0.0526316	0.684211
0.597403	0.103896	0.155844	0.0519481	0.0909091
0.507143	0.0285714	0.178571	0.05	0.235714
0.0384615	0.192308	0.0769231	0.0769231	0.615385
0.658228	0.189873	0.0126582	0.0189873	0.120253
0.0285714	0.142857	0.0285714	0.142857	0.657143
0.0789474	0.0526316	0.342105	0.0526316	0.473684
0.821918	0.0342466	0.109589	0.00684932	0.0273973
0.526316	0.105263	0.0526316	0.0526316	0.263158
0.16	0.16	0.2	0.36	0.12
0.04	0.04	0.6	0.08	0.24
0.05	0.1	0.383333	0.0166667	0.45
0.0392157	0.176471	0.215686	0.0588235	0.509804
0.105263	0.210526	0.315789	0.0526316	0.315789
0.0294118	0.0294118	0.0588235	0.470588	0.411765
0.166667	0.0833333	0.0833333	0.0833333	0.583333
0.08	0.08	0.2	0.12	0.52
0.0434783	0.130435	0.0869565	0.304348	0.434783
0.428571	0.0952381	0.047619	0.0952381	0.333333
0.714286	0.0779221	0.012987	0.025974	0.168831
0.162162	0.27027	0.0540541	0.027027	0.486486
0.28	0.04	0.44	0.04	0.2
0.412281	0.149123	0.131579	0.0877193	0.219298
0.059322	0.0508475	0.161017	0.347458	0.381356
0.333333	0.166667	0.166667	0.25	0.0833333
0.523077	0.0307692	0.0615385	0.0153846	0.369231
0.191489	0.212766	0.0851064	0.319149	0.191489
0.21875	0.125	0.15625	0.03125	0.46875
0.0428571	0.271429	0.157143	0.171429	0.357143
0.037037	0.111111	0.0740741	0.518519	0.259259
0.101266	0.0632911	0.177215	0.265823	0.392405
0.142857	0.103896	0.025974	0.181818	0.545455
0.0240385	0.0913462	0.817308	0.00480769	0.0625
0.744898	0.102041	0.0102041	0.0204082	0.122449
0.388889	0.0555556	0.277778	0.0555556	0.222222
0.238095	0.0952381	0.428571	0.0952381	0.142857
0.555556	0.111111	0.111111	0.0555556	0.166667
0.0555556	0.166667	0.0555556	0.0555556	0.666667
0.304348	0.217391	0.0434783	0.26087	0.173913
0.0769231	0.0384615	0.5	0.0384615	0.346154
0.176471	0.205882	0.117647	0.117647	0.382353
0.0277778	0.430556	0.138889	0.0138889	0.388889
0.702703	0.00900901	0.027027	0.018018	0.243243
0.333333	0.0888889	0.0444444	0.0666667	0.466667
0.0555556	0.351852	0.203704	0.0185185	0.37037
0.166667	0.166667	0.333333	0.166667	0.166667
0.0357143	0.0535714	0.0535714	0.214286	0.642857
0.576923	0.0192308	0.0384615	0.0192308	0.346154
0.0645161	0.354839	0.225806	0.129032	0.225806
0.166667	0.0833333	0.5	0.0833333	0.166667
0.790698	0.0232558	0.139535	0.0232558	0.0232558
0.05	0.15	0.05	0.4	0.35
0.0433673	0.188776	0.0331633	0.00255102	0.732143
0.1875	0.0625	0.125	0.1875	0.4375
0.0909091	0.0909091	0.0909091	0.0909091	0.636364
0.545455	0.0606061	0.0606061	0.030303	0.30303
0.0555556	0.0555556	0.111111	0.0555556	0.722222
0.0152284	0.101523	0.0203046	0.0304569	0.832487
0.19375	0.125	0.38125	0.04375	0.25625
0.30303	0.0606061	0.0606061	0.121212	0.454545
0.214286	0.242857	0.114286	0.0357143	0.392857
0.028169	0.859155	0.028169	0.0140845	0.0704225
0.428571	0.142857	0.142857	0.142857	0.142857
0.0106383	0.723404	0.0106383	0.0106383	0.244681
0.530303	0.0505051	0.0959596	0.0151515	0.308081
0.171429	0.285714	0.285714	0.142857	0.114286
0.4875	0.025	0.0625	0.0625	0.3625
0.2	0.2	0.2	0.2	0.2
0.08	0.08	0.08	0.16	0.6
0.0833333	0.0555556	0.0138889	0.458333	0.388889
0.0724638	0.195652	0.0652174	0.144928	0.521739
0.136364	0.0454545	0.136364	0.0454545	0.636364
0.526316	0.0526316	0.210526	0.157895	0.0526316
0.0869565	0.275362	0.304348	0.0144928	0.318841
0.277778	0.166667	0.166667	0.111111	0.277778
0.153846	0.115385	0.346154	0.115385	0.269231
0.0416667	0.208333	0.0833333	0.0416667	0.625
0.0641026	0.128205	0.294872	0.128205	0.384615
0.0222222	0.111111	0.0444444	0.288889	0.533333
0.107143	0.392857	0.0714286	0.0357143	0.392857
0.210526	0.0701754	0.22807	0.0175439	0.473684
0.0392157	0.431373	0.294118	0.0196078	0.215686
0.205882	0.0882353	0.441176	0.0294118	0.235294
0.1875	0.0625	0.25	0.4375	0.0625
0.0588235	0.235294	0.117647	0.0588235	0.529412
0.0384615	0.0384615	0.115385	0.0384615	0.769231
0.222222	0.111111	0.111111	0.0555556	0.5
0.2	0.2	0.2	0.2	0.2
0.454545	0.030303	0.0909091	0.181818	0.242424
0.289855	0.188406	0.0724638	0.057971	0.391304
0.18	0.02	0.6	0.04	0.16
0.0909091	0.136364	0.136364	0.0909091	0.545455
0.676923	0.0615385	0.107692	0.0153846	0.138462
0.0769231	0.0384615	0.0192308	0.0576923	0.807692
0.0454545	0.295455	0.0227273	0.0681818	0.568182
0.652174	0.0434783	0.0434783	0.0869565	0.173913
0.105263	0.0526316	0.157895	0.0263158	0.657895
0.0416667	0.0833333	0.0416667	0.166667	0.666667
0.423077	0.0128205	0.346154	0.0384615	0.179487
0.105263	0.263158	0.157895	0.0526316	0.421053
0.432432	0.0675676	0.189189	0.148649	0.162162
0.0289855	0.442029	0.0144928	0.00724638	0.507246
0.363636	0.0909091	0.0795455	0.0340909	0.431818
0.0649351	0.467532	0.0519481	0.0519481	0.363636
0.1875	0.21875	0.3125	0.03125	0.25
0.0225989	0.435028	0.0225989	0.0225989	0.497175
0.0714286	0.485714	0.0142857	0.0142857	0.414286
0.166667	0.166667	0.333333	0.166667	0.166667
0.266667	0.133333	0.4	0.133333	0.0666667
0.2	0.2	0.2	0.2	0.2
0.0350877	0.324561	0.00877193	0.00877193	0.622807
0.0444444	0.0777778	0.0111111	0.0111111	0.855556
0.3125	0.09375	0.09375	0.03125	0.46875
0.295455	0.219697	0.0151515	0.159091	0.310606
0.0235294	0.0470588	0.0470588	0.0117647	0.870588
0.625	0.05	0.175	0.075	0.075
0.0263158	0.0789474	0.0526316	0.342105	0.5
0.222222	0.037037	0.703704	0.0185185	0.0185185
0.0232558	0.209302	0.0465116	0.0232558	0.697674
0.046875	0.203125	0.28125	0.203125	0.265625
0.0731707	0.268293	0.0487805	0.0243902	0.585366
0.190476	0.666667	0.047619	0.047619	0.047619
0.025641	0.230769	0.0512821	0.435897	0.25641
0.0380623	0.134948	0.0311419	0.00692042	0.788927
0.321429	0.0357143	0.178571	0.142857	0.321429
0.0217391	0.108696	0.173913	0.195652	0.5
0.0454545	0.0454545	0.636364	0.0454545	0.227273
0.333333	0.0555556	0.388889	0.111111	0.111111
0.782609	0.0144928	0.115942	0.0144928	0.0724638
0.826087	0.0434783	0.0434783	0.0434783	0.0434783
0.0241379	0.324138	0.0793103	0.037931	0.534483
0.166667	0.0833333	0.25	0.0833333	0.416667
0.0869565	0.456522	0.152174	0.0434783	0.26087
0.153846	0.0769231	0.153846	0.153846	0.461538
0.133333	0.0666667	0.0333333	0.1	0.666667
0.214286	0.214286	0.142857	0.0714286	0.357143
0.5625	0.0625	0.0625	0.0625	0.25
0.564516	0.016129	0.0645161	0.016129	0.33871
0.486842	0.0131579	0.171053	0.184211	0.144737
0.133333	0.2	0.226667	0.213333	0.226667
0.015873	0.123016	0.00396825	0.00396825	0.853175
0.0176991	0.0530973	0.840708	0.0176991	0.0707965
0.142857	0.214286	0.214286	0.142857	0.285714
0.412791	0.122093	0.0116279	0.0406977	0.412791
0.166667	0.125	0.333333	0.0416667	0.333333
0.102857	0.354286	0.04	0.0857143	0.417143
0.25	0.09375	0.28125	0.0625	0.3125
0.609524	0.0380952	0.190476	0.0666667	0.0952381
0.52381	0.113095	0.172619	0.0892857	0.10119
0.709677	0.129032	0.0322581	0.0322581	0.0967742
0.2	0.2	0.2	0.2	0.2
0.0625	0.0625	0.1875	0.125	0.5625
0.294118	0.235294	0.0588235	0.176471	0.235294
0.808176	0.0345912	0.0408805	0.0157233	0.100629
0.0714286	0.214286	0.571429	0.0714286	0.0714286
0.0666667	0.0333333	0.0333333	0.6	0.266667
0.0833333	0.0833333	0.35	0.0333333	0.45
0.4	0.272727	0.145455	0.154545	0.0272727
0.401869	0.0747664	0.140187	0.00934579	0.373832
0.0357143	0.142857	0.0714286	0.0357143	0.714286
0.4	0.225	0.025	0.05	0.3
0.710227	0.00568182	0.0397727	0.0113636	0.232955
0.52	0.04	0.16	0.2	0.08
0.16129	0.268817	0.0322581	0.11828	0.419355
0.444444	0.111111	0.277778	0.0555556	0.111111
0.346154	0.00641026	0.00641026	0.025641	0.615385
0.515152	0.030303	0.121212	0.0909091	0.242424
0.444444	0.142857	0.142857	0.111111	0.15873
0.00746269	0.641791	0.0149254	0.00746269	0.328358
0.0833333	0.0833333	0.0416667	0.0416667	0.75
0.2	0.2	0.2	0.2	0.2
0.139535	0.116279	0.0232558	0.139535	0.581395
0.125	0.125	0.25	0.375	0.125
0.0909091	0.272727	0.0454545	0.113636	0.477273
0.0138889	0.111111	0.0138889	0.458333	0.402778
0.0322581	0.184332	0.0829493	0.0691244	0.631336
0.047619	0.333333	0.0952381	0.0952381	0.428571
0.36	0.04	0.28	0.04	0.28
0.811594	0.0289855	0.057971	0.0289855	0.0724638
0.125	0.0625	0.375	0.125	0.3125
0.0177905	0.00172166	0.00344333	0.976758	0.000286944
0.00567108	0.803403	0.0189036	0.0113422	0.160681
0.564286	0.00714286	0.228571	0.0142857	0.185714
0.0677966	0.372881	0.0338983	0.0338983	0.491525
0.533333	0.133333	0.0666667	0.2	0.0666667
0.1	0.05	0.2	0.45	0.2
0.393939	0.030303	0.030303	0.030303	0.515152
0.666667	0.025641	0.179487	0.025641	0.102564
0.0714286	0.142857	0.321429	0.0714286	0.392857
0.0736842	0.147368	0.0210526	0.105263	0.652632
0.2	0.0666667	0.0666667	0.133333	0.533333
0.28125	0.03125	0.0546875	0.429688	0.203125
0.12	0.16	0.02	0.26	0.44
0.00647249	0.00647249	0.0453074	0.886731	0.0550162
0.354839	0.0645161	0.419355	0.0322581	0.129032
0.333333	0.0833333	0.166667	0.166667	0.25
0.111111	0.555556	0.111111	0.111111	0.111111
0.886957	0.00869565	0.00869565	0.0347826	0.0608696
0.46	0.46	0.04	0.02	0.02
0.333333	0.166667	0.222222	0.0555556	0.222222
0.028436	0.800948	0.0805687	0.00473934	0.0853081
0.583333	0.0138889	0.0972222	0.0138889	0.291667
0.00892857	0.196429	0.723214	0.0178571	0.0535714
0.139535	0.139535	0.465116	0.0232558	0.232558
0.0833333	0.598214	0.00892857	0.0744048	0.235119
0.0526316	0.263158	0.0526316	0.157895	0.473684
0.666667	0.047619	0.190476	0.047619	0.047619
0.157895	0.0263158	0.587719	0.0263158	0.201754
0.0833333	0.0833333	0.0833333	0.0833333	0.666667
0.130919	0.0278552	0.746518	0.0584958	0.0362117
0.0494438	0.00247219	0.886279	0.00123609	0.0605686
0.0714286	0.214286	0.142857	0.0714286	0.5
0.347826	0.0434783	0.217391	0.0434783	0.347826
0.166667	0.111111	0.0555556	0.0555556	0.611111
0.0866873	0.0835913	0.0216718	0.318885	0.489164
0.0327869	0.0163934	0.459016	0.00819672	0.483607
0.318182	0.030303	0.0757576	0.0454545	0.530303
0.607843	0.0196078	0.0980392	0.0196078	0.254902
0.107843	0.27451	0.0882353	0.0196078	0.509804
0.108108	0.027027	0.513514	0.027027	0.324324
0.315789	0.105263	0.289474	0.0263158	0.263158
0.166667	0.125	0.416667	0.0416667	0.25
0.147059	0.0294118	0.147059	0.411765	0.264706
0.2	0.2	0.2	0.2	0.2
0.268293	0.0853659	0.146341	0.243902	0.256098
0.255814	0.139535	0.0930233	0.325581	0.186047
0.45283	0.113208	0.0377358	0.132075	0.264151
0.0114943	0.831418	0.032567	0.00383142	0.12069
0.351351	0.0810811	0.297297	0.027027	0.243243
0.592593	0.0740741	0.0740741	0.037037	0.222222
0.569444	0.0972222	0.25	0.0555556	0.0277778
0.666667	0.0333333	0.2	0.0333333	0.0666667
0.159601	0.513716	0.0648379	0.0473815	0.214464
0.681818	0.0454545	0.181818	0.0454545	0.0454545
0.0641026	0.230769	0.115385	0.0128205	0.576923
0.256881	0.0366972	0.0275229	0.220183	0.458716
0.0204082	0.112245	0.0306122	0.428571	0.408163
0.1	0.02	0.22	0.08	0.58
0.131579	0.0789474	0.0263158	0.368421	0.394737
0.012987	0.038961	0.298701	0.012987	0.636364
0.2	0.2	0.2	0.2	0.2
0.333333	0.166667	0.222222	0.111111	0.166667
0.0526316	0.236842	0.0526316	0.184211	0.473684
0.037037	0.142857	0.021164	0.00529101	0.793651
0.102564	0.102564	0.025641	0.589744	0.179487
0.2	0.2	0.2	0.2	0.2
0.363636	0.0454545	0.0454545	0.0909091	0.454545
0.168675	0.0240964	0.361446	0.108434	0.337349
0.0285714	0.428571	0.0142857	0.0285714	0.5
0.0967742	0.0967742	0.387097	0.0322581	0.387097
0.05	0.5	0.15	0.05	0.25
0.272727	0.0909091	0.0909091	0.181818	0.363636
0.0526316	0.105263	0.526316	0.0526316	0.263158
0.0833333	0.25	0.25	0.0833333	0.333333
0.734694	0.0408163	0.0612245	0.0408163	0.122449
0.210526	0.210526	0.105263	0.157895	0.315789
0.0232558	0.162791	0.0232558	0.0232558	0.767442
0.317073	0.0243902	0.219512	0.0487805	0.390244
0.586207	0.130268	0.176245	0.0268199	0.0804598
0.5625	0.03125	0.1875	0.03125	0.1875
0.626667	0.0133333	0.04	0.0266667	0.293333
0.592593	0.037037	0.185185	0.148148	0.037037
0.0470588	0.129412	0.305882	0.0117647	0.505882
0.0454545	0.0909091	0.0454545	0.181818	0.636364
0.285714	0.142857	0.0714286	0.142857	0.357143
0.0204082	0.0204082	0.0408163	0.632653	0.285714
0.3	0.05	0.1	0.05	0.5
0.681818	0.0909091	0.0454545	0.0454545	0.136364
0.5	0.0833333	0.0238095	0.0714286	0.321429
0.0363636	0.254545	0.127273	0.0363636	0.545455
0.03125	0.1875	0.5625	0.15625	0.0625
0.398601	0.258741	0.188811	0.104895	0.048951
0.57377	0.0491803	0.196721	0.0163934	0.163934
0.258065	0.16129	0.258065	0.0322581	0.290323
0.571429	0.047619	0.047619	0.0952381	0.238095
0.263158	0.131579	0.184211	0.0789474	0.342105
0.2	0.2	0.2	0.2	0.2
0.863636	0.0151515	0.0151515	0.0151515	0.0909091
0.232558	0.0930233	0.0465116	0.186047	0.44186
0.348315	0.0337079	0.168539	0.011236	0.438202
0.0634921	0.15873	0.190476	0.174603	0.412698
0.0384615	0.0384615	0.538462	0.0769231	0.307692
0.127451	0.0392157	0.0686275	0.0588235	0.705882
0.650602	0.0481928	0.0963855	0.108434	0.0963855
0.423077	0.0384615	0.153846	0.0384615	0.346154
0.147059	0.235294	0.352941	0.147059	0.117647
0.108108	0.0540541	0.0810811	0.324324	0.432432
0.176471	0.352941	0.117647	0.176471	0.176471
0.529412	0.0588235	0.235294	0.0588235	0.117647
0.411765	0.117647	0.117647	0.0588235	0.294118
0.142857	0.142857	0.0714286	0.142857	0.5
0.867925	0.0188679	0.0377358	0.0566038	0.0188679
0.730769	0.00769231	0.123077	0.0461538	0.0923077
0.2	0.2	0.2	0.2	0.2
0.53125	0.15625	0.03125	0.09375	0.1875
0.333333	0.0555556	0.152778	0.0555556	0.402778
0.154122	0.164875	0.0215054	0.0179211	0.641577
0.153846	0.346154	0.0769231	0.0769231	0.346154
0.0666667	0.133333	0.133333	0.133333	0.533333
0.208333	0.0416667	0.25	0.166667	0.333333
0.075	0.55	0.0125	0.025	0.3375
0.5	0.0277778	0.25	0.0277778	0.194444
0.2	0.333333	0.0333333	0.1	0.333333
0.0357143	0.0357143	0.107143	0.428571	0.392857
0.0327869	0.258197	0.137295	0.102459	0.469262
0.0952381	0.571429	0.047619	0.047619	0.238095
0.181818	0.0909091	0.181818	0.0909091	0.454545
0.703947	0.0131579	0.0855263	0.0328947	0.164474
0.169355	0.0322581	0.548387	0.00806452	0.241935
0.0157325	0.743854	0.0648968	0.00737463	0.168142
0.52381	0.0714286	0.0714286	0.047619	0.285714
0.551724	0.0344828	0.0689655	0.0344828	0.310345
0.603333	0.05	0.18	0.0266667	0.14
0.540984	0.0327869	0.131148	0.0327869	0.262295
0.291667	0.166667	0.25	0.0833333	0.208333
0.646154	0.107692	0.0153846	0.0153846	0.215385
0.518519	0.0185185	0.111111	0.037037	0.314815
0.0515464	0.0979381	0.0154639	0.0103093	0.824742
0.612903	0.0537634	0.0322581	0.0430108	0.258065
0.148148	0.185185	0.148148	0.296296	0.222222
0.0219178	0.780822	0.0356164	0.00821918	0.153425
0.486486	0.0540541	0.0810811	0.135135	0.243243
0.0229885	0.172414	0.0344828	0.0114943	0.758621
0.027027	0.027027	0.432432	0.0540541	0.459459
0.0434783	0.644928	0.166667	0.0289855	0.115942
0.242424	0.0909091	0.030303	0.0606061	0.575758
0.277778	0.166667	0.0555556	0.0555556	0.444444
0.0307692	0.0538462	0.0615385	0.0615385	0.792308
0.266667	0.0333333	0.433333	0.0333333	0.233333
0.208333	0.166667	0.416667	0.0833333	0.125
0.183333	0.15	0.05	0.166667	0.45
0.0606061	0.0505051	0.343434	0.343434	0.20202
0.508475	0.0677966	0.0847458	0.0169492	0.322034
0.863636	0.0151515	0.0151515	0.0606061	0.0454545
0.428571	0.0357143	0.107143	0.0357143	0.392857
0.352941	0.0196078	0.313725	0.0196078	0.294118
0.0227273	0.113636	0.0227273	0.5	0.340909
0.333333	0.111111	0.111111	0.222222	0.222222
0.428571	0.0285714	0.342857	0.171429	0.0285714
0.0207469	0.66805	0.0290456	0.0165975	0.26556
0.0183946	0.041806	0.0501672	0.0150502	0.874582
0.407407	0.0740741	0.185185	0.037037	0.296296
0.025974	0.571429	0.025974	0.012987	0.363636
0.214286	0.214286	0.0714286	0.0714286	0.428571
0.714286	0.015873	0.0634921	0.015873	0.190476
0.487395	0.0252101	0.121849	0.00840336	0.357143
0.152174	0.521739	0.152174	0.0217391	0.152174
0.649123	0.0350877	0.0877193	0.0701754	0.157895
0.4	0.133333	0.133333	0.2	0.133333
0.611111	0.0277778	0.0277778	0.0277778	0.305556
0.037872	0.0653742	0.756087	0.0135257	0.127142
0.166667	0.166667	0.166667	0.333333	0.166667
0.039604	0.391089	0.0643564	0.0792079	0.425743
0.0909091	0.0909091	0.0909091	0.181818	0.545455
0.810811	0.0454545	0.0663391	0.0233415	0.0540541
0.0613757	0.518519	0.00529101	0.0042328	0.410582
0.607143	0.107143	0.0357143	0.0714286	0.178571
0.012987	0.493506	0.025974	0.025974	0.441558
0.0467381	0.0866602	0.602726	0.0555015	0.208374
0.694444	0.0555556	0.0277778	0.0277778	0.194444
0.277778	0.166667	0.0555556	0.277778	0.222222
0.0357143	0.321429	0.0357143	0.0357143	0.571429
0.0666667	0.266667	0.2	0.266667	0.2
0.648352	0.032967	0.0549451	0.010989	0.252747
0.625	0.09375	0.0625	0.03125	0.1875
0.47619	0.119048	0.166667	0.0714286	0.166667
0.0185185	0.37037	0.0555556	0.0185185	0.537037
0.0967742	0.387097	0.0645161	0.0322581	0.419355
0.227273	0.0454545	0.0757576	0.30303	0.348485
0.1	0.15	0.05	0.1	0.6
0.0220588	0.125	0.0735294	0.0808824	0.698529
0.47619	0.047619	0.238095	0.047619	0.190476
0.705882	0.0294118	0.147059	0.0588235	0.0588235
0.172414	0.206897	0.275862	0.0689655	0.275862
0.108108	0.027027	0.324324	0.027027	0.513514
0.0869565	0.304348	0.130435	0.130435	0.347826
0.0526316	0.0526316	0.157895	0.0526316	0.684211
0.461538	0.230769	0.153846	0.0769231	0.0769231
0.634615	0.0384615	0.134615	0.0576923	0.134615
0.2	0.2	0.2	0.2	0.2
0.432836	0.0746269	0.283582	0.0149254	0.19403
0.169811	0.132075	0.301887	0.150943	0.245283
0.1875	0.0625	0.3125	0.0625	0.375
0.0789474	0.0789474	0.684211	0.0526316	0.105263
0.0248756	0.378109	0.0447761	0.00497512	0.547264
0.595506	0.0224719	0.0561798	0.0224719	0.303371
0.647059	0.0588235	0.0588235	0.0588235	0.176471
0.35	0.0333333	0.0666667	0.283333	0.266667
0.363636	0.0606061	0.0606061	0.030303	0.484848
0.0217391	0.282609	0.0434783	0.173913	0.478261
0.02	0.06	0.12	0.4	0.4
0.102804	0.158879	0.0841121	0.046729	0.607477
0.37037	0.0740741	0.148148	0.148148	0.259259
0.2	0.2	0.2	0.2	0.2
0.0574163	0.0717703	0.574163	0.00956938	0.287081
0.0652174	0.326087	0.108696	0.108696	0.391304
0.157895	0.0526316	0.105263	0.157895	0.526316
0.565217	0.0217391	0.108696	0.0217391	0.282609
0.35	0.2	0.1	0.05	0.3
0.5	0.0882353	0.0294118	0.0882353	0.294118
0.0819672	0.114754	0.0327869	0.229508	0.540984
0.263158	0.105263	0.157895	0.105263	0.368421
0.5	0.125	0.0625	0.125	0.1875
0.615385	0.0461538	0.107692	0.107692	0.123077
0.3	0.25	0.05	0.05	0.35
0.00235849	0.561321	0.0424528	0.0117925	0.382075
0.0588235	0.247059	0.0941176	0.0823529	0.517647
0.777778	0.0555556	0.0277778	0.0833333	0.0555556
0.178571	0.107143	0.0357143	0.0357143	0.642857
0.102041	0.0204082	0.77551	0.0408163	0.0612245
0.712644	0.0229885	0.0114943	0.0229885	0.229885
0.526316	0.0526316	0.0526316	0.315789	0.0526316
0.608696	0.0434783	0.130435	0.0869565	0.130435
0.148148	0.37037	0.0740741	0.0740741	0.333333
0.413793	0.0344828	0.275862	0.0344828	0.241379
0.037037	0.0740741	0.518519	0.0740741	0.296296
0.05	0.0166667	0.0833333	0.15	0.7
0.586207	0.0689655	0.0689655	0.172414	0.103448
0.125	0.125	0.25	0.125	0.375
0.0384615	0.628205	0.0384615	0.0512821	0.24359
0.325301	0.060241	0.301205	0.0240964	0.289157
0.142857	0.142857	0.204082	0.0816327	0.428571
0.2	0.2	0.1	0.1	0.4
0.495495	0.00900901	0.261261	0.00900901	0.225225
0.367347	0.0408163	0.0408163	0.183673	0.367347
0.05	0.25	0.05	0.15	0.5
0.647059	0.0294118	0.0294118	0.0294118	0.264706
0.160714	0.0357143	0.339286	0.0178571	0.446429
0.0558659	0.111732	0.675978	0.0446927	0.111732
0.333333	0.030303	0.333333	0.212121	0.0909091
0.0140845	0.15493	0.0140845	0.0140845	0.802817
0.566667	0.166667	0.0333333	0.0666667	0.166667
0.0113636	0.295455	0.0113636	0.113636	0.568182
0.481959	0.0695876	0.146907	0.0128866	0.28866
0.535714	0.178571	0.214286	0.0357143	0.0357143
0.2	0.1	0.5	0.1	0.1
0.226415	0.113208	0.0188679	0.150943	0.490566
0.0454545	0.0909091	0.545455	0.181818	0.136364
0.129032	0.322581	0.0322581	0.0967742	0.419355
0.363636	0.0909091	0.0909091	0.181818	0.272727
0.352273	0.0454545	0.0795455	0.238636	0.284091
0.025641	0.762393	0.0803419	0.0136752	0.117949
0.355556	0.0222222	0.333333	0.0888889	0.2
0.1	0.4	0.1	0.2	0.2
0.05	0.075	0.075	0.025	0.775
0.565217	0.0434783	0.0434783	0.130435	0.217391
0.704225	0.0704225	0.028169	0.0140845	0.183099
0.466667	0.0666667	0.0666667	0.2	0.2
0.636364	0.0909091	0.0909091	0.0909091	0.0909091
0.444444	0.0833333	0.222222	0.111111	0.138889
0.511628	0.0232558	0.0465116	0.0697674	0.348837
0.411765	0.176471	0.0588235	0.294118	0.0588235
0.375	0.0833333	0.0416667	0.0416667	0.458333
0.444444	0.037037	0.138889	0.0277778	0.351852
0.00239234	0.677033	0.00478469	0.0119617	0.303828
0.375	0.0625	0.0625	0.1875	0.3125
0.125	0.0416667	0.583333	0.0416667	0.208333
0.58	0.02	0.34	0.02	0.04
0.555556	0.0555556	0.0277778	0.0277778	0.333333
0.133333	0.0222222	0.266667	0.0444444	0.533333
0.00917431	0.87156	0.0366972	0.00917431	0.0733945
0.12766	0.319149	0.0425532	0.0638298	0.446809
0.0322581	0.0322581	0.0806452	0.483871	0.370968
0.375	0.0267857	0.1875	0.133929	0.276786
0.190476	0.142857	0.238095	0.047619	0.380952
0.0588235	0.419608	0.0470588	0.0392157	0.435294
0.00911854	0.662614	0.0881459	0.0243161	0.215805
0.0666667	0.08	0.0266667	0.44	0.386667
0.444444	0.222222	0.111111	0.111111	0.111111
0.0258621	0.091954	0.0603448	0.413793	0.408046
0.535714	0.0357143	0.309524	0.107143	0.0119048
0.00598802	0.706587	0.0479042	0.0179641	0.221557
0.0184783	0.0298913	0.635326	0.00652174	0.309783
0.462857	0.16	0.00571429	0.0171429	0.354286
0.105263	0.0263158	0.631579	0.0789474	0.157895
0.0222222	0.0444444	0.0222222	0.311111	0.6
0.5	0.1	0.2	0.1	0.1
0.509804	0.0784314	0.0980392	0.117647	0.196078
0.2	0.2	0.2	0.2	0.2
0.0135135	0.486486	0.0135135	0.0135135	0.472973
0.363636	0.0909091	0.272727	0.0909091	0.181818
0.235294	0.352941	0.117647	0.0588235	0.235294
0.737374	0.030303	0.0707071	0.010101	0.151515
0.583333	0.0166667	0.0388889	0.0277778	0.333333
0.491525	0.0169492	0.237288	0.101695	0.152542
0.166667	0.0833333	0.166667	0.166667	0.416667
0.142857	0.285714	0.142857	0.142857	0.285714
0.477273	0.0681818	0.136364	0.0227273	0.295455
0.0952381	0.47619	0.190476	0.047619	0.190476
0.190476	0.0952381	0.52381	0.0952381	0.0952381
0.2	0.2	0.2	0.2	0.2
0.125	0.25	0.125	0.25	0.25
0.0263158	0.421053	0.0789474	0.184211	0.289474
0.584906	0.0566038	0.0377358	0.0188679	0.301887
0.352941	0.0588235	0.0588235	0.0588235	0.470588
0.2	0.2	0.2	0.2	0.2
0.266667	0.133333	0.0666667	0.333333	0.2
0.125	0.25	0.125	0.125	0.375
0.166667	0.347222	0.0972222	0.0138889	0.375
0.08	0.28	0.12	0.08	0.44
0.307692	0.307692	0.0769231	0.230769	0.0769231
0.532374	0.0503597	0.00719424	0.00719424	0.402878
0.0204082	0.489796	0.0612245	0.0408163	0.387755
0.630769	0.0307692	0.107692	0.0307692	0.2
0.442623	0.0327869	0.0491803	0.0491803	0.42623
0.0625	0.375	0.125	0.0625	0.375
0.2	0.2	0.2	0.2	0.2
0.0606061	0.030303	0.0757576	0.0909091	0.742424
0.285714	0.314286	0.0571429	0.0571429	0.285714
0.190476	0.238095	0.047619	0.047619	0.47619
0.135802	0.296296	0.148148	0.0493827	0.37037
0.112676	0.0704225	0.408451	0.225352	0.183099
0.5	0.0454545	0.181818	0.0454545	0.227273
0.136364	0.318182	0.0909091	0.136364	0.318182
0.344262	0.0327869	0.0819672	0.295082	0.245902
0.638889	0.0694444	0.180556	0.0277778	0.0833333
0.71875	0.03125	0.03125	0.1875	0.03125
0.454545	0.0113636	0.0340909	0.0113636	0.488636
0.0571429	0.171429	0.0142857	0.414286	0.342857
0.0645161	0.0645161	0.419355	0.0322581	0.419355
0.105263	0.263158	0.105263	0.0526316	0.473684
0.181818	0.0909091	0.0909091	0.272727	0.363636
0.217391	0.152174	0.217391	0.0217391	0.391304
0.705882	0.0882353	0.0294118	0.0588235	0.117647
0.0625	0.1875	0.0625	0.375	0.3125
0.3	0.1	0.2	0.1	0.3
0.27907	0.0232558	0.116279	0.325581	0.255814
0.12	0.24	0.04	0.2	0.4
0.5	0.142857	0.0714286	0.0714286	0.214286
0.517241	0.0689655	0.0344828	0.0689655	0.310345
0.584	0.04	0.136	0.032	0.208
0.125	0.0625	0.125	0.375	0.3125
0.108108	0.0900901	0.018018	0.45045	0.333333
0.16	0.08	0.12	0.36	0.28
0.388889	0.0555556	0.416667	0.0277778	0.111111
0.384058	0.0362319	0.173913	0.00724638	0.398551
0.0909091	0.181818	0.181818	0.0909091	0.454545
0.163934	0.147541	0.245902	0.0491803	0.393443
0.150943	0.0754717	0.396226	0.0188679	0.358491
0.0909091	0.272727	0.0909091	0.181818	0.363636
0.0458716	0.0366972	0.385321	0.0825688	0.449541
0.333333	0.111111	0.444444	0.0555556	0.0555556
0.125	0.125	0.375	0.125	0.25
0.142857	0.142857	0.285714	0.142857	0.285714
0.2	0.1	0.2	0.1	0.4
0.244898	0.163265	0.0612245	0.0816327	0.44898
0.047619	0.238095	0.047619	0.190476	0.47619
0.0526316	0.263158	0.157895	0.0526316	0.473684
0.270833	0.0208333	0.458333	0.0208333	0.229167
0.571429	0.047619	0.142857	0.190476	0.047619
0.15	0.15	0.2	0.15	0.35
0.506667	0.0533333	0.0133333	0.0133333	0.413333
0.607143	0.0357143	0.0357143	0.0714286	0.25
0.471264	0.0114943	0.0574713	0.0804598	0.37931
0.340909	0.295455	0.0681818	0.0227273	0.272727
0.0326087	0.538043	0.00543478	0.0163043	0.407609
0.45	0.0625	0.05	0.1625	0.275
0.131579	0.315789	0.0789474	0.0789474	0.394737
0.0952381	0.0238095	0.666667	0.142857	0.0714286
0.00699301	0.456876	0.0559441	0.016317	0.463869
0.105263	0.210526	0.315789	0.0526316	0.315789
0.566038	0.0566038	0.188679	0.0188679	0.169811
0.458333	0.104167	0.145833	0.0833333	0.208333
0.20296	0.0803383	0.0359408	0.00422833	0.676533
0.08	0.08	0.12	0.4	0.32
0.291667	0.0416667	0.333333	0.0833333	0.25
0.129032	0.16129	0.516129	0.0645161	0.129032
0.540541	0.027027	0.27027	0.0540541	0.108108
0.611111	0.111111	0.0555556	0.111111	0.111111
0.590909	0.0454545	0.0909091	0.0454545	0.227273
0.351351	0.0675676	0.22973	0.0810811	0.27027
0.62963	0.037037	0.111111	0.037037	0.185185
0.0568182	0.306818	0.0113636	0.0454545	0.579545
0.218182	0.154545	0.309091	0.0545455	0.263636
0.54902	0.0392157	0.176471	0.0196078	0.215686
0.00540541	0.735135	0.00540541	0.00540541	0.248649
0.289474	0.0131579	0.0789474	0.0131579	0.605263
0.2	0.2	0.2	0.2	0.2
0.070922	0.134752	0.0212766	0.276596	0.496454
0.0526316	0.328947	0.0263158	0.0131579	0.578947
0.25	0.25	0.0833333	0.0833333	0.333333
0.0344828	0.396552	0.0172414	0.0517241	0.5
0.0151515	0.287879	0.0151515	0.030303	0.651515
0.0416667	0.111111	0.0972222	0.236111	0.513889
0.0461538	0.415385	0.0461538	0.0153846	0.476923
0.0655738	0.147541	0.0245902	0.0655738	0.696721
0.0952381	0.0952381	0.0952381	0.142857	0.571429
0.470588	0.117647	0.176471	0.176471	0.0588235
0.289474	0.25	0.0131579	0.105263	0.342105
0.5	0.0263158	0.184211	0.0263158	0.263158
0.12	0.48	0.04	0.04	0.32
0.246212	0.128788	0.0568182	0.219697	0.348485
0.5	0.03125	0.03125	0.21875	0.21875
0.39726	0.0273973	0.205479	0.0273973	0.342466
0.181818	0.121212	0.030303	0.181818	0.484848
0.4375	0.09375	0.1875	0.0625	0.21875
0.0769231	0.153846	0.653846	0.0384615	0.0769231
0.181818	0.121212	0.333333	0.030303	0.333333
0.031746	0.349206	0.015873	0.031746	0.571429
0.0769231	0.153846	0.230769	0.0769231	0.461538
0.0222222	0.0666667	0.111111	0.466667	0.333333
0.0540541	0.0810811	0.027027	0.162162	0.675676
0.272727	0.0909091	0.363636	0.181818	0.0909091
0.318182	0.0454545	0.272727	0.0909091	0.272727
0.1	0.2	0.3	0.1	0.3
0.627907	0.0232558	0.0465116	0.0697674	0.232558
0.176471	0.0588235	0.352941	0.117647	0.294118
0.0434783	0.15942	0.0869565	0.0144928	0.695652
0.0497238	0.0110497	0.885083	0.00773481	0.0464088
0.540541	0.0810811	0.0540541	0.027027	0.297297
0.541667	0.0625	0.0208333	0.166667	0.208333
0.0588235	0.235294	0.0588235	0.0588235	0.588235
0.736842	0.0350877	0.0877193	0.0350877	0.105263
0.159091	0.159091	0.0227273	0.272727	0.386364
0.784314	0.0392157	0.0392157	0.0196078	0.117647
0.773333	0.0533333	0.0133333	0.0933333	0.0666667
0.142857	0.0285714	0.542857	0.0285714	0.257143
0.0350195	0.410506	0.0661479	0.0077821	0.480545
0.235294	0.117647	0.117647	0.235294	0.294118
0.025641	0.0769231	0.25641	0.102564	0.538462
0.2	0.2	0.2	0.2	0.2
0.2	0.2	0.2	0.2	0.2
0.0328767	0.0821918	0.106849	0.0986301	0.679452
0.270833	0.0104167	0.34375	0.34375	0.03125
0.0588235	0.0588235	0.0588235	0.294118	0.529412
0.0170648	0.0102389	0.00682594	0.964164	0.00170648
0.677419	0.0322581	0.0967742	0.129032	0.0645161
0.773333	0.0133333	0.0666667	0.04	0.106667
0.150943	0.0188679	0.45283	0.0188679	0.358491
0.466667	0.2	0.0666667	0.0666667	0.2
0.360656	0.0655738	0.409836	0.0327869	0.131148
0.125	0.125	0.5	0.125	0.125
0.243902	0.121951	0.365854	0.0243902	0.243902
0.72973	0.162162	0.0540541	0.027027	0.027027
0.0869565	0.217391	0.0434783	0.130435	0.521739
0.388889	0.111111	0.166667	0.0555556	0.277778
0.678571	0.0357143	0.0357143	0.0357143	0.214286
0.199643	0.0891266	0.12656	0.151515	0.433155
0.169811	0.0754717	0.471698	0.0943396	0.188679
0.458333	0.104167	0.0208333	0.0208333	0.395833
0.0526316	0.0526316	0.105263	0.0526316	0.736842
0.2	0.2	0.2	0.2	0.2
0.121212	0.242424	0.030303	0.030303	0.575758
0.0909091	0.0909091	0.0909091	0.136364	0.590909
0.529412	0.176471	0.0588235	0.176471	0.0588235
0.111111	0.111111	0.111111	0.111111	0.555556
0.0333333	0.1	0.1	0.0666667	0.7
0.112676	0.56338	0.0140845	0.028169	0.28169
0.315789	0.0526316	0.105263	0.0526316	0.473684
0.375	0.0208333	0.145833	0.166667	0.291667
0.0461538	0.153846	0.138462	0.246154	0.415385
0.00642674	0.762211	0.0539846	0.00257069	0.174807
0.0733945	0.0825688	0.458716	0.0642202	0.321101
0.478873	0.0140845	0.056338	0.0140845	0.43662
0.4	0.05	0.35	0.05	0.15
0.802469	0.0123457	0.111111	0.0493827	0.0246914
0.306452	0.016129	0.354839	0.145161	0.177419
0.0925926	0.0246914	0.462963	0.0185185	0.401235
0.186047	0.0232558	0.232558	0.0930233	0.465116
0.0185185	0.5	0.0462963	0.0277778	0.407407
0.6	0.0888889	0.111111	0.0888889	0.111111
0.166667	0.166667	0.166667	0.166667	0.333333
0.625	0.0416667	0.0833333	0.0416667	0.208333
0.421053	0.0526316	0.0526316	0.105263	0.368421
0.0759494	0.0886076	0.525316	0.0253165	0.28481
0.2	0.2	0.2	0.2	0.2
0.2	0.2	0.2	0.2	0.2
0.0454545	0.0454545	0.545455	0.0454545	0.318182
0.470588	0.0196078	0.215686	0.117647	0.176471
0.0341098	0.672213	0.0665557	0.0124792	0.214642
0.363636	0.181818	0.0909091	0.0909091	0.272727
0.684211	0.0526316	0.0526316	0.105263	0.105263
0.166667	0.0333333	0.166667	0.4	0.233333
0.391304	0.130435	0.304348	0.0869565	0.0869565
0.471154	0.192308	0.0480769	0.134615	0.153846
0.2	0.2	0.2	0.2	0.2
0.416667	0.138889	0.25	0.166667	0.0277778
0.44697	0.030303	0.0454545	0.00757576	0.469697
0.121212	0.0909091	0.0909091	0.0151515	0.681818
0.607843	0.0196078	0.0980392	0.0392157	0.235294
0.2	0.45	0.1	0.05	0.2
0.510204	0.0612245	0.0204082	0.265306	0.142857
0.0166667	0.116667	0.0333333	0.366667	0.466667
0.0465116	0.0232558	0.325581	0.0232558	0.581395
0.125	0.125	0.125	0.125	0.5
0.166667	0.166667	0.444444	0.111111	0.111111
0.222222	0.0555556	0.166667	0.166667	0.388889
0.209302	0.0697674	0.302326	0.0465116	0.372093
0.0503145	0.0534591	0.00314465	0.0157233	0.877358
0.222222	0.0555556	0.111111	0.0555556	0.555556
0.142857	0.142857	0.142857	0.285714	0.285714
0.214286	0.214286	0.178571	0.0357143	0.357143
0.12	0.04	0.52	0.04	0.28
0.0147601	0.664207	0.0885609	0.0184502	0.214022
0.54386	0.0350877	0.0175439	0.0526316	0.350877
0.0434783	0.391304	0.0869565	0.130435	0.347826
0.0740741	0.037037	0.592593	0.0185185	0.277778
0.222222	0.111111	0.0555556	0.111111	0.5
0.0204082	0.285714	0.163265	0.244898	0.285714
0.833333	0.0128205	0.0128205	0.0128205	0.128205
0.277778	0.138889	0.166667	0.194444	0.222222
0.2	0.2	0.2	0.2	0.2
0.2	0.2	0.2	0.2	0.2
0.129032	0.0967742	0.193548	0.0322581	0.548387
0.571429	0.0714286	0.0714286	0.142857	0.142857
0.4	0.0333333	0.4	0.133333	0.0333333
0.010929	0.785064	0.120219	0.0273224	0.0564663
0.117647	0.0588235	0.117647	0.0588235	0.647059
0.107345	0.0508475	0.039548	0.288136	0.514124
0.452381	0.119048	0.166667	0.166667	0.0952381
0.325203	0.0162602	0.463415	0.00813008	0.186992
0.357143	0.0178571	0.178571	0.0178571	0.428571
0.27027	0.108108	0.0540541	0.0540541	0.513514
0.178218	0.049505	0.108911	0.039604	0.623762
0.117647	0.235294	0.352941	0.0588235	0.235294
0.0635359	0.218232	0.359116	0.116022	0.243094
0.333333	0.133333	0.0333333	0.1	0.4
0.222222	0.0555556	0.222222	0.111111	0.388889
0.0238095	0.238095	0.357143	0.047619	0.333333
0.678571	0.0714286	0.0714286	0.142857	0.0357143
0.597222	0.111111	0.138889	0.0694444	0.0833333
0.2	0.2	0.2	0.2	0.2
0.2	0.2	0.2	0.2	0.2
0.186667	0.0133333	0.346667	0.0133333	0.44
0.333333	0.097561	0.0406504	0.260163	0.268293
0.333333	0.166667	0.166667	0.166667	0.166667
0.1	0.2	0.25	0.05	0.4
0.576087	0.0108696	0.0326087	0.0543478	0.326087
0.1	0.171429	0.142857	0.0571429	0.528571
0.144231	0.0384615	0.134615	0.5	0.182692
0.455621	0.0828402	0.130178	0.0236686	0.307692
0.642857	0.0238095	0.0238095	0.047619	0.261905
0.24	0.08	0.2	0.08	0.4
0.872727	0.0545455	0.0181818	0.0363636	0.0181818
0.142857	0.285714	0.142857	0.285714	0.142857
0.111111	0.0740741	0.111111	0.037037	0.666667
0.0169492	0.118644	0.457627	0.0847458	0.322034
0.295082	0.0163934	0.278689	0.0327869	0.377049
0.0192308	0.653846	0.153846	0.0192308	0.153846
0.0714286	0.119048	0.0238095	0.0952381	0.690476
0.230769	0.0769231	0.0769231	0.0769231	0.538462
0.169231	0.138462	0.353846	0.0307692	0.307692
0.25	0.125	0.3125	0.0625	0.25
0.123596	0.0898876	0.235955	0.0337079	0.516854
0.333333	0.111111	0.111111	0.111111	0.333333
0.0833333	0.541667	0.0416667	0.0416667	0.291667
0.166667	0.166667	0.166667	0.333333	0.166667
0.409836	0.0163934	0.344262	0.213115	0.0163934
0.10992	0.0241287	0.664879	0.0214477	0.179625
0.2	0.133333	0.2	0.2	0.266667
0.2	0.2	0.2	0.2	0.2
0.410256	0.0512821	0.230769	0.0769231	0.230769
0.173913	0.130435	0.26087	0.0434783	0.391304
0.435484	0.0322581	0.290323	0.0483871	0.193548
0.0860215	0.688172	0.0107527	0.0107527	0.204301
0.148649	0.148649	0.344595	0.108108	0.25
0.391304	0.0434783	0.0869565	0.0434783	0.434783
0.333333	0.0196078	0.294118	0.0196078	0.333333
0.666667	0.0666667	0.133333	0.0666667	0.0666667
0.0363636	0.163636	0.0909091	0.0181818	0.690909
0.0174419	0.00581395	0.0872093	0.0872093	0.802326
0.5	0.0416667	0.166667	0.0416667	0.25
0.382022	0.0786517	0.0224719	0.224719	0.292135
0.838596	0.0210526	0.0912281	0.0210526	0.0280702
0.459459	0.216216	0.027027	0.108108	0.189189
0.472727	0.0181818	0.236364	0.0363636	0.236364
0.0754717	0.415094	0.150943	0.150943	0.207547
0.222222	0.222222	0.222222	0.111111	0.222222
0.0253165	0.746835	0.0379747	0.0253165	0.164557
0.0492285	0.0235121	0.813373	0.0146951	0.0991918
0.0909091	0.681818	0.0454545	0.0909091	0.0909091
0.0285714	0.0285714	0.0857143	0.0285714	0.828571
0.0648148	0.0925926	0.0277778	0.324074	0.490741
0.619048	0.0952381	0.0952381	0.047619	0.142857
0.37037	0.0740741	0.185185	0.037037	0.333333
0.238095	0.047619	0.190476	0.380952	0.142857
0.25	0.125	0.1875	0.0625	0.375
0.0769231	0.0769231	0.538462	0.153846	0.153846
0.2	0.2	0.2	0.2	0.2
0.0769231	0.307692	0.115385	0.0384615	0.461538
0.363636	0.181818	0.0909091	0.0909091	0.272727
0.0212766	0.851064	0.0319149	0.0319149	0.0638298
0.163043	0.0217391	0.652174	0.0869565	0.076087
0.307692	0.0769231	0.5	0.0192308	0.0961538
0.453125	0.015625	0.109375	0.078125	0.34375
0.0588235	0.647059	0.0196078	0.0196078	0.254902
0.384615	0.0769231	0.230769	0.0769231	0.230769
0.472222	0.0277778	0.277778	0.0277778	0.194444
0.0746269	0.512438	0.0149254	0.139303	0.258706
0.266667	0.0666667	0.466667	0.0666667	0.133333
0.294118	0.235294	0.0588235	0.0588235	0.352941
0.238095	0.380952	0.190476	0.047619	0.142857
0.0454545	0.545455	0.181818	0.0454545	0.181818
0.297297	0.27027	0.027027	0.0540541	0.351351
0.1	0.1	0.2	0.2	0.4
0.615385	0.0769231	0.025641	0.0769231	0.205128
0.541667	0.166667	0.0833333	0.125	0.0833333
0.411765	0.0588235	0.117647	0.176471	0.235294
0.0857143	0.171429	0.228571	0.142857	0.371429
0.0327869	0.147541	0.0819672	0.0327869	0.704918
0.1	0.44	0.1	0.04	0.32
0.466667	0.0333333	0.0333333	0.0333333	0.433333
0.142857	0.214286	0.0714286	0.0714286	0.5
0.142857	0.571429	0.047619	0.047619	0.190476
0.111111	0.111111	0.222222	0.111111	0.444444
0.535714	0.0714286	0.0714286	0.0357143	0.285714
0.0655738	0.327869	0.0983607	0.0163934	0.491803
0.375	0.125	0.25	0.125	0.125
0.166667	0.166667	0.166667	0.166667	0.333333
0.684211	0.0175439	0.0350877	0.0350877	0.22807
0.103448	0.0344828	0.448276	0.0172414	0.396552
0.565217	0.0434783	0.0434783	0.0869565	0.26087
0.5	0.166667	0.166667	0.0833333	0.0833333
0.102041	0.0816327	0.0204082	0.0408163	0.755102
0.704545	0.00568182	0.0284091	0.0113636	0.25
0.207317	0.0609756	0.0731707	0.0121951	0.646341
0.125	0.166667	0.0833333	0.0833333	0.541667
0.12	0.16	0.16	0.04	0.52
0.0769231	0.461538	0.153846	0.0769231	0.230769
0.125	0.25	0.125	0.375	0.125
0.738095	0.047619	0.0714286	0.0238095	0.119048
0.0144928	0.0507246	0.00724638	0.0289855	0.898551
0.119048	0.0238095	0.0238095	0.333333	0.5
0.0714286	0.0714286	0.357143	0.0714286	0.428571
0.1	0.1	0.3	0.2	0.3
0.22807	0.0175439	0.54386	0.0175439	0.192982
0.080292	0.0875912	0.240876	0.109489	0.481752
0.05	0.25	0.05	0.05	0.6
0.0952381	0.119048	0.404762	0.0952381	0.285714
0.0625	0.5	0.25	0.0625	0.125
0.111111	0.592593	0.111111	0.037037	0.148148
0.571429	0.0714286	0.0714286	0.214286	0.0714286
0.424	0.056	0.072	0.088	0.36
0.3125	0.1875	0.0625	0.03125	0.40625
0.6	0.15	0.1	0.1	0.05
0.0833333	0.0416667	0.25	0.0416667	0.583333
0.5	0.0384615	0.0384615	0.192308	0.230769
0.534884	0.0116279	0.139535	0.0116279	0.302326
0.210526	0.157895	0.0526316	0.210526	0.368421
0.1	0.2	0.1	0.1	0.5
0.479167	0.0208333	0.229167	0.0208333	0.25
0.130435	0.0434783	0.130435	0.26087	0.434783
0.181818	0.0909091	0.454545	0.0454545	0.227273
0.380952	0.047619	0.238095	0.0952381	0.238095
0.153846	0.0769231	0.0769231	0.0769231	0.615385
0.119048	0.119048	0.166667	0.119048	0.47619
0.2	0.2	0.2	0.2	0.2
0.294118	0.0294118	0.235294	0.0294118	0.411765
0.0121951	0.146341	0.182927	0.0853659	0.573171
0.277778	0.111111	0.111111	0.111111	0.388889
0.470588	0.0882353	0.0294118	0.147059	0.264706
0.1	0.3	0.3	0.2	0.1
0.315789	0.210526	0.368421	0.0526316	0.0526316
0.106667	0.353333	0.0133333	0.0466667	0.48
0.0571429	0.314286	0.2	0.0285714	0.4
0.382353	0.205882	0.0294118	0.0882353	0.294118
0.292308	0.276923	0.123077	0.0153846	0.292308
0.3125	0.03125	0.40625	0.0625	0.1875
0.0909091	0.0909091	0.0909091	0.0909091	0.636364
0.736842	0.0526316	0.105263	0.0526316	0.0526316
0.446602	0.00970874	0.0242718	0.0145631	0.504854
0.0167364	0.0753138	0.0041841	0.899582	0.0041841
0.724138	0.0344828	0.103448	0.0344828	0.103448
0.125	0.0625	0.375	0.1875	0.25
0.59375	0.03125	0.0625	0.03125	0.28125
0.301325	0.0430464	0.261589	0.0298013	0.364238
0.235294	0.176471	0.0588235	0.117647	0.411765
0.125	0.125	0.125	0.25	0.375
0.0909091	0.0909091	0.545455	0.0454545	0.227273
0.0833333	0.0833333	0.0833333	0.166667	0.583333
0.166667	0.125	0.0416667	0.291667	0.375
0.238095	0.190476	0.190476	0.333333	0.047619
0.538462	0.115385	0.192308	0.0384615	0.115385
0.428571	0.047619	0.190476	0.0714286	0.261905
0.488889	0.0666667	0.155556	0.0666667	0.222222
0.0273973	0.123288	0.0821918	0.273973	0.493151
0.538462	0.0512821	0.128205	0.0512821	0.230769
0.147059	0.0294118	0.529412	0.0882353	0.205882
0.0727273	0.254545	0.0727273	0.0363636	0.563636
0.0625	0.125	0.25	0.125	0.4375
0.181818	0.0909091	0.227273	0.0454545	0.454545
0.02	0.48	0.02	0.02	0.46
0.0625	0.625	0.0625	0.0625	0.1875
0.424242	0.030303	0.0909091	0.0909091	0.363636
0.00287356	0.198276	0.0517241	0.00287356	0.744253
0.765957	0.0638298	0.0851064	0.0212766	0.0638298
0.235294	0.176471	0.0588235	0.264706	0.264706
0.380952	0.015873	0.261905	0.00793651	0.333333
0.444444	0.111111	0.111111	0.111111	0.222222
0.113636	0.136364	0.181818	0.295455	0.272727
0.03125	0.0625	0.5625	0.03125	0.3125
0.25	0.05	0.35	0.05	0.3
0.483333	0.05	0.1	0.0666667	0.3
0.222222	0.388889	0.0277778	0.0277778	0.333333
0.0615385	0.0153846	0.876923	0.0307692	0.0153846
0.0769231	0.192308	0.0384615	0.0384615	0.653846
0.111111	0.222222	0.037037	0.037037	0.592593
0.0961538	0.192308	0.384615	0.0576923	0.269231
0.235294	0.294118	0.0588235	0.0588235	0.352941
0.111111	0.222222	0.0555556	0.0555556	0.555556
0.415385	0.0307692	0.123077	0.0307692	0.4
0.0188679	0.767296	0.0880503	0.0188679	0.106918
0.350649	0.00649351	0.025974	0.350649	0.266234
0.0454545	0.181818	0.0454545	0.227273	0.5
0.0417266	0.126619	0.105036	0.0330935	0.693525
0.0322581	0.0537634	0.0107527	0.0645161	0.83871
0.448505	0.0332226	0.0166113	0.0166113	0.48505
0.0101781	0.445293	0.0305344	0.00763359	0.506361
0.0388421	0.107365	0.127153	0.646024	0.0806156
0.285714	0.257143	0.114286	0.0285714	0.314286
0.047619	0.047619	0.0952381	0.380952	0.428571
0.487179	0.0769231	0.179487	0.0512821	0.205128
0.122159	0.0568182	0.65625	0.0142045	0.150568
0.568627	0.117647	0.0196078	0.117647	0.176471
0.395833	0.0416667	0.104167	0.0208333	0.4375
0.133333	0.0666667	0.333333	0.133333	0.333333
0.333333	0.222222	0.222222	0.111111	0.111111
0.333333	0.242424	0.030303	0.242424	0.151515
0.472222	0.0555556	0.0555556	0.194444	0.222222
0.28	0.08	0.04	0.08	0.52
0.0625	0.354167	0.0625	0.0208333	0.5
0.0333333	0.166667	0.0333333	0.1	0.666667
0.47619	0.206349	0.0634921	0.0634921	0.190476
0.0810811	0.0810811	0.0135135	0.337838	0.486486
0.283784	0.0405405	0.0405405	0.378378	0.256757
0.152542	0.118644	0.0677966	0.0169492	0.644068
0.00471698	0.82783	0.0518868	0.00707547	0.108491
0.142857	0.047619	0.047619	0.0952381	0.666667
0.819861	0.0461894	0.00692841	0.00692841	0.120092
0.394737	0.0526316	0.342105	0.0789474	0.131579
0.3	0.1	0.1	0.1	0.4
0.592593	0.037037	0.148148	0.0740741	0.148148
0.0555556	0.20202	0.030303	0.0858586	0.626263
0.0769231	0.025641	0.0769231	0.025641	0.794872
0.1	0.3	0.2	0.1	0.3
0.450704	0.028169	0.169014	0.028169	0.323944
0.636364	0.0227273	0.0681818	0.0227273	0.25
0.608889	0.0355556	0.204444	0.0266667	0.124444
0.387097	0.129032	0.0967742	0.0645161	0.322581
0.24	0.0933333	0.186667	0.146667	0.333333
0.0416667	0.0416667	0.125	0.0416667	0.75
0.56	0.12	0.04	0.04	0.24
0.111111	0.407407	0.0740741	0.037037	0.37037
0.478261	0.0434783	0.326087	0.0217391	0.130435
0.194444	0.0833333	0.0833333	0.0277778	0.611111
0.215686	0.215686	0.0980392	0.0392157	0.431373
0.117647	0.235294	0.176471	0.0588235	0.411765
0.4	0.0307692	0.0461538	0.0461538	0.476923
0.862069	0.0344828	0.0344828	0.0344828	0.0344828
0.16129	0.16129	0.225806	0.0322581	0.419355
0.142857	0.0714286	0.214286	0.0714286	0.5
0.0248447	0.0310559	0.015528	0.00310559	0.925466
0.0434783	0.130435	0.26087	0.0869565	0.478261
0.5	0.166667	0.111111	0.0555556	0.166667
0.0358974	0.482051	0.025641	0.0205128	0.435897
0.0333333	0.233333	0.0333333	0.116667	0.583333
0.46988	0.0240964	0.0963855	0.0963855	0.313253
0.368421	0.0526316	0.0526316	0.157895	0.368421
0.433962	0.0566038	0.169811	0.0188679	0.320755
0.586957	0.130435	0.0543478	0.0326087	0.195652
0.125	0.25	0.125	0.375	0.125
0.0434783	0.130435	0.0434783	0.0434783	0.73913
0.0540541	0.0540541	0.243243	0.351351	0.297297
0.636364	0.181818	0.0454545	0.0454545	0.0909091
0.25	0.0833333	0.5	0.0833333	0.0833333
0.230769	0.0769231	0.230769	0.0769231	0.384615
0.318841	0.0144928	0.101449	0.0434783	0.521739
0.0597015	0.671642	0.0447761	0.0149254	0.208955
0.5	0.0384615	0.0769231	0.115385	0.269231
0.411765	0.0588235	0.0588235	0.0588235	0.411765
0.714286	0.047619	0.047619	0.047619	0.142857
0.40678	0.0338983	0.355932	0.101695	0.101695
0.184332	0.0230415	0.253456	0.0184332	0.520737
0.027027	0.0810811	0.135135	0.027027	0.72973
0.65	0.05	0.05	0.15	0.1
0.380952	0.047619	0.285714	0.0952381	0.190476
0.666667	0.0196078	0.0980392	0.0392157	0.176471
0.40625	0.0625	0.03125	0.03125	0.46875
0.0335366	0.402439	0.0152439	0.0579268	0.490854
0.190476	0.0952381	0.428571	0.047619	0.238095
0.0833333	0.21875	0.0833333	0.03125	0.583333
0.655172	0.0344828	0.172414	0.0344828	0.103448
0.755245	0.0629371	0.0559441	0.041958	0.0839161
0.428571	0.285714	0.047619	0.047619	0.190476
0.0888889	0.288889	0.0222222	0.155556	0.444444
0.190476	0.0238095	0.547619	0.0119048	0.22619
0.217391	0.0434783	0.0869565	0.0217391	0.630435
0.431373	0.0980392	0.0392157	0.0392157	0.392157
0.117647	0.117647	0.411765	0.0392157	0.313725
0.544643	0.0803571	0.0625	0.0446429	0.267857
0.245283	0.0566038	0.150943	0.150943	0.396226
0.0294118	0.205882	0.323529	0.0588235	0.382353
0.428571	0.0714286	0.285714	0.142857	0.0714286
0.1	0.266667	0.0166667	0.0166667	0.6
0.0545455	0.0727273	0.509091	0.0363636	0.327273
0.481481	0.037037	0.0740741	0.037037	0.37037
0.188406	0.521739	0.0289855	0.0434783	0.217391
0.333333	0.166667	0.166667	0.166667	0.166667
0.117647	0.205882	0.0294118	0.0882353	0.558824
0.277778	0.111111	0.0555556	0.0555556	0.5
0.142857	0.142857	0.142857	0.142857	0.428571
0.128205	0.333333	0.25641	0.025641	0.25641
0.464286	0.0714286	0.142857	0.0714286	0.25
0.782609	0.0434783	0.0869565	0.0434783	0.0434783
0.389831	0.101695	0.20339	0.0847458	0.220339
0.0555556	0.4	0.0555556	0.1	0.388889
0.015873	0.349206	0.0634921	0.031746	0.539683
0.163934	0.213115	0.0327869	0.295082	0.295082
0.236842	0.0526316	0.5	0.0789474	0.131579
0.333333	0.259259	0.037037	0.333333	0.037037
0.541284	0.0183486	0.0275229	0.0275229	0.385321
0.0631579	0.157895	0.0736842	0.0421053	0.663158
0.506173	0.0123457	0.148148	0.0123457	0.320988
0.0588235	0.117647	0.0588235	0.0588235	0.705882
0.466667	0.0666667	0.233333	0.0666667	0.166667
0.352941	0.0588235	0.294118	0.0588235	0.235294
0.136364	0.0227273	0.204545	0.0681818	0.568182
0.125	0.125	0.25	0.125	0.375
0.380952	0.047619	0.238095	0.142857	0.190476
0.456376	0.134228	0.00671141	0.00671141	0.395973
0.166667	0.0833333	0.333333	0.166667	0.25
0.0645161	0.322581	0.0322581	0.016129	0.564516
0.0151515	0.0909091	0.545455	0.030303	0.318182
0.0612245	0.0816327	0.367347	0.0204082	0.469388
0.125	0.125	0.25	0.075	0.425
0.0102987	0.07724	0.0417096	0.00102987	0.869722
0.272727	0.0909091	0.0909091	0.0909091	0.454545
0.0434783	0.26087	0.0434783	0.0434783	0.608696
0.363636	0.165289	0.289256	0.0330579	0.14876
0.0160714	0.817857	0.0303571	0.00714286	0.128571
0.25	0.0833333	0.166667	0.166667	0.333333
0.142857	0.0857143	0.2	0.142857	0.428571
0.186207	0.103448	0.468966	0.062069	0.17931
0.0555556	0.0555556	0.611111	0.0555556	0.222222
0.454545	0.136364	0.0454545	0.272727	0.0909091
0.16129	0.0725806	0.0967742	0.330645	0.33871
0.409091	0.136364	0.0909091	0.0454545	0.318182
0.227273	0.113636	0.522727	0.0454545	0.0909091
0.48125	0.025	0.15625	0.0125	0.325
0.555046	0.00458716	0.0550459	0.0642202	0.321101
0.0184049	0.736196	0.0306748	0.00613497	0.208589
0.594595	0.135135	0.162162	0.027027	0.0810811
0.758621	0.0344828	0.0344828	0.0344828	0.137931
0.0167598	0.50838	0.128492	0.0502793	0.296089
0.530612	0.0408163	0.0204082	0.0204082	0.387755
0.0265487	0.115044	0.0442478	0.0353982	0.778761
0.65625	0.125	0.0625	0.03125	0.125
0.111111	0.0925926	0.0740741	0.333333	0.388889
0.0485437	0.786408	0.038835	0.00970874	0.116505
0.04	0.24	0.0933333	0.0133333	0.613333
0.285714	0.214286	0.0714286	0.214286	0.214286
0.2	0.4	0.0571429	0.0571429	0.285714
0.0909091	0.0454545	0.272727	0.181818	0.409091
0.16	0.16	0.08	0.12	0.48
0.142857	0.357143	0.0714286	0.0714286	0.357143
0.564626	0.0204082	0.0272109	0.0204082	0.367347
0.354167	0.0416667	0.229167	0.0833333	0.291667
0.0277778	0.222222	0.166667	0.222222	0.361111
0.04	0.4	0.04	0.12	0.4
0.583333	0.0416667	0.125	0.0833333	0.166667
0.333333	0.0277778	0.0833333	0.138889	0.416667
0.642857	0.0714286	0.0714286	0.0714286	0.142857
0.166667	0.00877193	0.692982	0.0350877	0.0964912
0.4	0.0666667	0.2	0.0666667	0.266667
0.166667	0.111111	0.611111	0.037037	0.0740741
0.011976	0.0239521	0.0898204	0.365269	0.508982
0.0465116	0.0775194	0.0310078	0.00775194	0.837209
0.320988	0.037037	0.234568	0.0123457	0.395062
0.0333333	0.0666667	0.0333333	0.0833333	0.783333
0.112221	0.0174865	0.782859	0.0115296	0.0759032
0.346939	0.0816327	0.163265	0.0204082	0.387755
0.142857	0.0857143	0.0857143	0.0857143	0.6
0.018018	0.45045	0.018018	0.00900901	0.504505
0.0674157	0.174157	0.0730337	0.258427	0.426966
0.101322	0.0969163	0.427313	0.0440529	0.330396
0.75	0.0394737	0.0263158	0.0131579	0.171053
0.561905	0.0285714	0.0952381	0.0190476	0.295238
0.148515	0.0693069	0.158416	0.019802	0.60396
0.0714286	0.142857	0.285714	0.0714286	0.428571
0.243243	0.243243	0.027027	0.108108	0.378378
0.2	0.2	0.2	0.2	0.2
0.957386	0.0284091	0.00284091	0.00852273	0.00284091
0.615385	0.0128205	0.0512821	0.102564	0.217949
0.60515	0.00858369	0.223176	0.00429185	0.158798
0.543478	0.0869565	0.0434783	0.152174	0.173913
0.578947	0.0350877	0.263158	0.0526316	0.0701754
0.0355872	0.135231	0.266904	0.0213523	0.540925
0.267857	0.107143	0.107143	0.0535714	0.464286
0.0114943	0.678161	0.0689655	0.0229885	0.218391
0.296296	0.0740741	0.419753	0.0493827	0.160494
0.2	0.2	0.2	0.2	0.2
0.212121	0.030303	0.030303	0.212121	0.515152
0.154574	0.0378549	0.605678	0.00630915	0.195584
0.0123457	0.0987654	0.0740741	0.358025	0.45679
0.0810811	0.027027	0.135135	0.432432	0.324324
0.555556	0.0277778	0.222222	0.0833333	0.111111
0.4625	0.0375	0.05	0.0125	0.4375
0.619048	0.047619	0.142857	0.0952381	0.0952381
0.5	0.1	0.1	0.1	0.2
0.5	0.0555556	0.222222	0.111111	0.111111
0.027027	0.216216	0.108108	0.027027	0.621622
0.153846	0.025641	0.102564	0.487179	0.230769
0.129213	0.342697	0.0224719	0.0337079	0.47191
0.0227743	0.0310559	0.881988	0.00931677	0.0548654
0.691943	0.0189573	0.042654	0.028436	0.218009
0.666667	0.0416667	0.0833333	0.0416667	0.166667
0.411215	0.130841	0.261682	0.0560748	0.140187
0.2	0.2	0.2	0.133333	0.266667
0.37931	0.103448	0.0344828	0.0344828	0.448276
0.190476	0.047619	0.52381	0.047619	0.190476
0.125	0.166667	0.0833333	0.0833333	0.541667
0.0246914	0.0987654	0.0987654	0.123457	0.654321
0.0689655	0.551724	0.103448	0.0344828	0.241379
0.272727	0.0909091	0.0909091	0.0909091	0.454545
0.694444	0.0416667	0.180556	0.0694444	0.0138889
0.514286	0.0857143	0.0571429	0.0857143	0.257143
0.214286	0.607143	0.0357143	0.107143	0.0357143
0.0727273	0.0727273	0.672727	0.0363636	0.145455
0.416667	0.0833333	0.0833333	0.0833333	0.333333
0.619048	0.047619	0.015873	0.00793651	0.309524
0.025641	0.0128205	0.807692	0.0512821	0.102564
0.120879	0.032967	0.571429	0.021978	0.252747
0.252252	0.00900901	0.432432	0.00900901	0.297297
0.329268	0.0121951	0.47561	0.0243902	0.158537
0.0138889	0.541667	0.0972222	0.0138889	0.333333
0.031746	0.031746	0.444444	0.15873	0.333333
0.0118343	0.0295858	0.81854	0.00197239	0.138067
0.0555556	0.555556	0.0555556	0.166667	0.166667
0.0547945	0.178082	0.0273973	0.0410959	0.69863
0.823529	0.0294118	0.0882353	0.0294118	0.0294118
0.0952381	0.0595238	0.511905	0.166667	0.166667
0.615385	0.0769231	0.153846	0.0769231	0.0769231
0.0322581	0.016129	0.241935	0.145161	0.564516
0.272727	0.272727	0.0909091	0.272727	0.0909091
0.65	0.025	0.175	0.05	0.1
0.2	0.2	0.2	0.2	0.2
0.0823529	0.164706	0.0117647	0.376471	0.364706
0.125	0.0833333	0.0833333	0.625	0.0833333
0.0425532	0.0425532	0.0638298	0.0425532	0.808511
0.535714	0.107143	0.178571	0.0714286	0.107143
0.0192308	0.615385	0.115385	0.0192308	0.230769
0.166667	0.166667	0.166667	0.166667	0.333333
0.0895522	0.0447761	0.0298507	0.477612	0.358209
0.225806	0.0967742	0.290323	0.129032	0.258065
0.115385	0.0576923	0.0384615	0.0384615	0.75
0.0655738	0.0491803	0.0327869	0.0327869	0.819672
0.44	0.04	0.2	0.12	0.2
0.136364	0.295455	0.0454545	0.0681818	0.454545
0.0677966	0.440678	0.0677966	0.0169492	0.40678
0.211538	0.596154	0.0192308	0.0192308	0.153846
0.291667	0.0208333	0.0625	0.0416667	0.583333
0.558824	0.0882353	0.117647	0.0882353	0.147059
0.422222	0.0222222	0.244444	0.0888889	0.222222
0.714286	0.0714286	0.0714286	0.0714286	0.0714286
0.0181818	0.2	0.0727273	0.0181818	0.690909
0.0952381	0.142857	0.119048	0.047619	0.595238
0.2	0.2	0.2	0.2	0.2
0.103448	0.0689655	0.551724	0.0172414	0.258621
0.507042	0.0422535	0.140845	0.0140845	0.295775
0.596491	0.140351	0.0175439	0.0175439	0.22807
0.00813008	0.357724	0.00813008	0.0325203	0.593496
0.0192308	0.192308	0.211538	0.0192308	0.557692
0.411765	0.117647	0.117647	0.0588235	0.294118
0.573684	0.00526316	0.173684	0.0421053	0.205263
0.371429	0.0857143	0.0571429	0.142857	0.342857
0.482759	0.103448	0.0344828	0.0344828	0.344828
0.0340909	0.204545	0.0454545	0.0113636	0.704545
0.432836	0.0149254	0.283582	0.0447761	0.223881
0.2	0.266667	0.133333	0.0666667	0.333333
0.608696	0.0434783	0.130435	0.0434783	0.173913
0.112727	0.527273	0.0181818	0.0218182	0.32
0.027027	0.216216	0.0720721	0.00900901	0.675676
0.0485437	0.0194175	0.451456	0.0436893	0.436893
0.727273	0.0454545	0.0909091	0.0909091	0.0454545
0.2	0.2	0.2	0.2	0.2
0.0862069	0.172414	0.12069	0.241379	0.37931
0.0942029	0.0217391	0.0652174	0.297101	0.521739
0.631579	0.0526316	0.0526316	0.105263	0.157895
0.060241	0.361446	0.120482	0.108434	0.349398
0.0289855	0.391304	0.0724638	0.0144928	0.492754
0.117647	0.0588235	0.205882	0.0294118	0.588235
0.481858	0.0779925	0.182435	0.0169549	0.24076
0.527778	0.0277778	0.0277778	0.0277778	0.388889
0.00578035	0.855491	0.0289017	0.0115607	0.0982659
0.75	0.0555556	0.0277778	0.0277778	0.138889
0.296296	0.148148	0.0740741	0.148148	0.333333
0.193548	0.016129	0.306452	0.016129	0.467742
0.0833333	0.0104167	0.427083	0.0416667	0.4375
0.470588	0.0588235	0.205882	0.0294118	0.235294
0.05	0.25	0.025	0.025	0.65
0.35	0.15	0.05	0.05	0.4
0.2	0.166667	0.2	0.133333	0.3
0.0417667	0.0163226	0.850696	0.0364858	0.0547288
0.182927	0.109756	0.256098	0.0243902	0.426829
0.0328947	0.427632	0.0394737	0.00328947	0.496711
0.416667	0.0833333	0.166667	0.0833333	0.25
0.333333	0.0277778	0.333333	0.0833333	0.222222
0.0666667	0.0666667	0.266667	0.0666667	0.533333
0.0976431	0.441077	0.181818	0.03367	0.245791
0.630769	0.107692	0.138462	0.0615385	0.0615385
0.333333	0.166667	0.0833333	0.0833333	0.333333
0.121212	0.121212	0.0606061	0.030303	0.666667
0.019084	0.587786	0.0267176	0.00763359	0.358779
0.118421	0.144737	0.0131579	0.355263	0.368421
0.177778	0.0666667	0.0222222	0.177778	0.555556
0.752525	0.00505051	0.0808081	0.010101	0.151515
0.333333	0.111111	0.111111	0.111111	0.333333
0.016129	0.580645	0.016129	0.0483871	0.33871
0.266667	0.133333	0.133333	0.2	0.266667
0.413793	0.0689655	0.0689655	0.0344828	0.413793
0.0617284	0.777778	0.0123457	0.0123457	0.135802
0.364706	0.0588235	0.176471	0.0470588	0.352941
0.2	0.05	0.45	0.1	0.2
0.00671141	0.0805369	0.134228	0.308725	0.469799
0.0607735	0.546961	0.0165746	0.0441989	0.331492
0.222222	0.111111	0.111111	0.222222	0.333333
0.432432	0.027027	0.432432	0.027027	0.0810811
0.0622098	0.0157846	0.807799	0.00835655	0.10585
0.375	0.1875	0.0625	0.0625	0.3125
0.558824	0.117647	0.0882353	0.0294118	0.205882
0.0434783	0.652174	0.0434783	0.0434783	0.217391
0.16	0.28	0.32	0.04	0.2
0.358333	0.1	0.116667	0.216667	0.208333
0.277778	0.111111	0.333333	0.111111	0.166667
0.166667	0.333333	0.0416667	0.0416667	0.416667
0.177778	0.0222222	0.2	0.0888889	0.511111
0.142857	0.0714286	0.214286	0.142857	0.428571
0.0490798	0.110429	0.794479	0.0122699	0.0337423
0.5	0.133333	0.0666667	0.0666667	0.233333
0.169014	0.239437	0.056338	0.0140845	0.521127
0.333333	0.0833333	0.0833333	0.416667	0.0833333
0.112676	0.535211	0.0422535	0.056338	0.253521
0.651163	0.0232558	0.116279	0.0465116	0.162791
0.0214477	0.104558	0.0536193	0.00268097	0.817694
0.277778	0.037037	0.0925926	0.222222	0.37037
0.2	0.0222222	0.266667	0.0444444	0.466667
0.0724638	0.188406	0.449275	0.0144928	0.275362
0.122807	0.122807	0.263158	0.157895	0.333333
0.22449	0.265306	0.0408163	0.102041	0.367347
0.1	0.4	0.1	0.1	0.3
0.0967742	0.290323	0.290323	0.0322581	0.290323
0.333333	0.0416667	0.09375	0.15625	0.375
0.470588	0.0588235	0.352941	0.0588235	0.0588235
0.454545	0.0454545	0.181818	0.0454545	0.272727
0.257576	0.030303	0.121212	0.030303	0.560606
0.010101	0.030303	0.0707071	0.626263	0.262626
0.236364	0.0727273	0.0181818	0.0727273	0.6
0.724138	0.0344828	0.172414	0.0344828	0.0344828
0.0578035	0.104046	0.190751	0.231214	0.416185
0.0526316	0.210526	0.0526316	0.210526	0.473684
0.0416667	0.125	0.25	0.0416667	0.541667
0.179487	0.333333	0.153846	0.025641	0.307692
0.115385	0.423077	0.115385	0.0384615	0.307692
0.333333	0.2	0.266667	0.0666667	0.133333
0.111111	0.148148	0.185185	0.0740741	0.481481
0.578947	0.0526316	0.0526316	0.0526316	0.263158
0.037037	0.649573	0.002849	0.011396	0.299145
0.45	0.0166667	0.05	0.05	0.433333
0.142857	0.142857	0.142857	0.142857	0.428571
0.227273	0.363636	0.0454545	0.181818	0.181818
0.512	0.072	0.008	0.048	0.36
0.361111	0.222222	0.194444	0.111111	0.111111
0.196262	0.0841121	0.11215	0.364486	0.242991
0.157895	0.263158	0.0526316	0.0526316	0.473684
0.739726	0.0136986	0.0821918	0.0273973	0.136986
0.849057	0.0377358	0.0188679	0.0754717	0.0188679
0.0987654	0.0493827	0.0246914	0.308642	0.518519
0.428571	0.142857	0.142857	0.142857	0.142857
0.53012	0.0803213	0.0361446	0.00401606	0.349398
0.0350877	0.315789	0.0175439	0.00877193	0.622807
0.21875	0.28125	0.0833333	0.0520833	0.364583
0.142857	0.0714286	0.333333	0.047619	0.404762
0.0240793	0.0743626	0.0531161	0.345609	0.502833
0.621622	0.0540541	0.27027	0.027027	0.027027
0.483871	0.129032	0.0322581	0.0967742	0.258065
0.140127	0.146497	0.573248	0.0509554	0.089172
0.0701754	0.263158	0.0175439	0.0175439	0.631579
0.727273	0.0454545	0.0909091	0.0454545	0.0909091
0.177419	0.016129	0.403226	0.0645161	0.33871
0.349206	0.031746	0.047619	0.0634921	0.507937
0.454545	0.136364	0.0454545	0.0454545	0.318182
0.184211	0.210526	0.131579	0.0526316	0.421053
0.255319	0.106383	0.12766	0.035461	0.475177
0.648649	0.027027	0.135135	0.027027	0.162162
0.0740741	0.037037	0.62963	0.037037	0.222222
0.348837	0.0930233	0.0930233	0.0697674	0.395349
0.235979	0.0021164	0.684656	0.00846561	0.0687831
0.1	0.05	0.25	0.25	0.35
0.0357143	0.392857	0.0357143	0.142857	0.392857
0.5	0.0714286	0.142857	0.0714286	0.214286
0.333333	0.222222	0.111111	0.222222	0.111111
0.0625	0.5625	0.125	0.125	0.125
0.102941	0.0294118	0.0294118	0.0147059	0.823529
0.592593	0.0185185	0.0185185	0.0185185	0.351852
0.321678	0.104895	0.0559441	0.153846	0.363636
0.128788	0.0454545	0.0984848	0.227273	0.5
0.05	0.2875	0.5375	0.025	0.1
0.0327273	0.4	0.0581818	0.0109091	0.498182
0.246377	0.362319	0.0289855	0.130435	0.231884
0.461538	0.025641	0.358974	0.0512821	0.102564
0.77027	0.027027	0.135135	0.0540541	0.0135135
0.0444444	0.111111	0.0222222	0.266667	0.555556
0.0183486	0.24159	0.0795107	0.00611621	0.654434
0.152941	0.0352941	0.341176	0.4	0.0705882
0.066092	0.0488506	0.626437	0.0402299	0.218391
0.0289855	0.130435	0.057971	0.0144928	0.768116
0.5	0.0178571	0.125	0.0178571	0.339286
0.0571429	0.371429	0.0428571	0.0285714	0.5
0.0740741	0.333333	0.185185	0.037037	0.37037
0.486239	0.00917431	0.0458716	0.00917431	0.449541
0.0120482	0.0361446	0.0361446	0.0160643	0.899598
0.111111	0.037037	0.185185	0.111111	0.555556
0.0714286	0.0714286	0.0714286	0.428571	0.357143
0.414634	0.0243902	0.0487805	0.0487805	0.463415
0.233333	0.1	0.0333333	0.333333	0.3
0.285714	0.0857143	0.228571	0.142857	0.257143
0.00909091	0.0590909	0.05	0.609091	0.272727
0.508197	0.0163934	0.278689	0.0655738	0.131148
0.0217391	0.0217391	0.152174	0.0434783	0.76087
0.235294	0.176471	0.176471	0.186275	0.22549
0.0434783	0.434783	0.0869565	0.0434783	0.391304
0.102564	0.025641	0.102564	0.564103	0.205128
0.1	0.08	0.52	0.06	0.24
0.272727	0.0909091	0.181818	0.181818	0.272727
0.127273	0.0636364	0.136364	0.245455	0.427273
0.16129	0.129032	0.483871	0.0322581	0.193548
0.145455	0.109091	0.0181818	0.363636	0.363636
0.142857	0.214286	0.0357143	0.0357143	0.571429
0.532468	0.038961	0.103896	0.038961	0.285714
0.025641	0.478632	0.00854701	0.017094	0.470085
0.518072	0.0120482	0.168675	0.0240964	0.277108
0.0606061	0.163636	0.0787879	0.278788	0.418182
0.0327869	0.57377	0.0491803	0.0163934	0.327869
0.416667	0.0277778	0.0555556	0.25	0.25
0.4	0.25	0.1	0.05	0.2
0.611111	0.0555556	0.166667	0.0555556	0.111111
0.0097561	0.0243902	0.873171	0.0146341	0.0780488
0.288889	0.244444	0.377778	0.0222222	0.0666667
0.456954	0.013245	0.00662252	0.013245	0.509934
0.0142857	0.0714286	0.714286	0.0571429	0.142857
0.233962	0.0226415	0.4	0.0113208	0.332075
0.521739	0.057971	0.101449	0.0289855	0.289855
0.52381	0.047619	0.0952381	0.0952381	0.238095
0.272727	0.0606061	0.30303	0.121212	0.242424
0.384615	0.346154	0.115385	0.0769231	0.0769231
0.589286	0.0357143	0.0714286	0.0178571	0.285714
0.87037	0.037037	0.037037	0.037037	0.0185185
0.0649351	0.025974	0.227273	0.0194805	0.662338
0.456522	0.0434783	0.326087	0.0217391	0.152174
0.545455	0.0909091	0.136364	0.0454545	0.181818
0.479592	0.193878	0.163265	0.102041	0.0612245
0.107692	0.246154	0.107692	0.0153846	0.523077
0.121951	0.231707	0.0365854	0.0121951	0.597561
0.342857	0.0285714	0.2	0.0285714	0.4
0.012766	0.0638298	0.0680851	0.012766	0.842553
0.548387	0.0645161	0.0645161	0.0322581	0.290323
0.232877	0.30137	0.0547945	0.0136986	0.39726
0.571429	0.107143	0.107143	0.107143	0.107143
0.276316	0.131579	0.157895	0.0789474	0.355263
0.735849	0.0943396	0.0754717	0.0188679	0.0754717
0.2	0.2	0.2	0.2	0.2
0.608696	0.0652174	0.0434783	0.0217391	0.26087
0.0434783	0.173913	0.0434783	0.0434783	0.695652
0.421053	0.315789	0.0526316	0.105263	0.105263
0.571429	0.119048	0.047619	0.0952381	0.166667
0.00406504	0.0650407	0.0365854	0.382114	0.512195
0.520833	0.125	0.104167	0.0208333	0.229167
0.0869565	0.0434783	0.217391	0.217391	0.434783
0.190476	0.142857	0.142857	0.190476	0.333333
0.00689655	0.489655	0.0206897	0.00689655	0.475862
0.0103093	0.185567	0.381443	0.0515464	0.371134
0.566667	0.0333333	0.0666667	0.0666667	0.266667
0.1875	0.0833333	0.291667	0.0416667	0.395833
0.407767	0.0776699	0.0873786	0.00970874	0.417476
0.135135	0.027027	0.445946	0.0135135	0.378378
0.037037	0.037037	0.62963	0.0740741	0.222222
0.0851064	0.0212766	0.404255	0.0851064	0.404255
0.0645161	0.0322581	0.774194	0.0645161	0.0645161
0.1	0.1	0.1	0.5	0.2
0.642857	0.0714286	0.107143	0.0357143	0.142857
0.0810811	0.0540541	0.135135	0.0810811	0.648649
0.729167	0.0208333	0.0208333	0.0208333	0.208333
0.342105	0.0789474	0.0789474	0.131579	0.368421
0.0454545	0.227273	0.0454545	0.0454545	0.636364
0.285714	0.142857	0.0714286	0.428571	0.0714286
0.0348837	0.313953	0.0290698	0.0813953	0.540698
0.111111	0.185185	0.185185	0.037037	0.481481
0.0769231	0.153846	0.153846	0.153846	0.461538
0.484848	0.121212	0.151515	0.030303	0.212121
0.624	0.008	0.16	0.008	0.2
0.00617284	0.0864198	0.611111	0.0185185	0.277778
0.525424	0.0169492	0.0508475	0.0508475	0.355932
0.378788	0.0454545	0.106061	0.0909091	0.378788
0.472222	0.0277778	0.0277778	0.0555556	0.416667
0.151515	0.242424	0.30303	0.181818	0.121212
0.235294	0.411765	0.0588235	0.0294118	0.264706
0.0152672	0.465649	0.0687023	0.0687023	0.381679
0.0862069	0.0344828	0.224138	0.327586	0.327586
0.363636	0.181818	0.181818	0.181818	0.0909091
0.704545	0.0681818	0.136364	0.0681818	0.0227273
0.151515	0.393939	0.030303	0.0606061	0.363636
0.530612	0.0408163	0.102041	0.0204082	0.306122
0.641026	0.025641	0.119658	0.00854701	0.205128
0.125	0.125	0.25	0.125	0.375
0.2	0.1	0.4	0.1	0.2
0.0160428	0.566845	0.106952	0.0695187	0.240642
0.00961538	0.105769	0.0288462	0.471154	0.384615
0.238095	0.047619	0.047619	0.047619	0.619048
0.0714286	0.547619	0.0238095	0.0238095	0.333333
0.12	0.18	0.04	0.06	0.6
0.181818	0.0909091	0.545455	0.0909091	0.0909091
0.625	0.0625	0.03125	0.09375	0.1875
0.0714286	0.357143	0.0357143	0.0357143	0.5
0.205882	0.0294118	0.558824	0.0294118	0.176471
0.15625	0.09375	0.0625	0.03125	0.65625
0.333333	0.190476	0.047619	0.047619	0.380952
0.111111	0.333333	0.277778	0.111111	0.166667
0.517241	0.0517241	0.137931	0.0172414	0.275862
0.0423573	0.331492	0.0257827	0.0092081	0.59116
0.00311526	0.797508	0.0249221	0.0155763	0.158879
0.52	0.12	0.12	0.04	0.2
0.0294118	0.0588235	0.0882353	0.147059	0.676471
0.111406	0.0477454	0.61008	0.00265252	0.228117
0.012987	0.0519481	0.12987	0.584416	0.220779
0.0333333	0.0761905	0.0666667	0.0190476	0.804762
0.47619	0.214286	0.0238095	0.0238095	0.261905
0.0189125	0.659574	0.0638298	0.0189125	0.238771
0.4	0.0615385	0.0153846	0.00769231	0.515385
0.153846	0.307692	0.230769	0.230769	0.0769231
0.0952381	0.047619	0.047619	0.0952381	0.714286
0.4	0.08	0.28	0.12	0.12
0.0322581	0.27957	0.0430108	0.107527	0.537634
0.0645161	0.0645161	0.16129	0.0322581	0.677419
0.685185	0.037037	0.166667	0.0740741	0.037037
0.0689655	0.258621	0.0172414	0.0344828	0.62069
0.633333	0.133333	0.0666667	0.0333333	0.133333
0.117647	0.176471	0.294118	0.0588235	0.352941
0.0277778	0.583333	0.0277778	0.111111	0.25
0.628571	0.0285714	0.0857143	0.0571429	0.2
0.535714	0.0892857	0.107143	0.0714286	0.196429
0.03125	0.05	0.1625	0.0875	0.66875
0.0909091	0.598485	0.0984848	0.0151515	0.19697
0.125	0.25	0.25	0.125	0.25
0.145833	0.0208333	0.270833	0.0208333	0.541667
0.075	0.475	0.125	0.025	0.3
0.224	0.168	0.032	0.008	0.568
0.25	0.134615	0.153846	0.153846	0.307692
0.263158	0.0526316	0.0526316	0.105263	0.526316
0.0833333	0.375	0.0416667	0.0416667	0.458333
0.777778	0.0505051	0.0606061	0.020202	0.0909091
0.0909091	0.181818	0.0909091	0.0909091	0.545455
0.162162	0.216216	0.0810811	0.027027	0.513514
0.137931	0.275862	0.0689655	0.0689655	0.448276
0.18	0.2	0.14	0.1	0.38
0.0621118	0.546584	0.00621118	0.0124224	0.372671
0.457627	0.101695	0.118644	0.20339	0.118644
0.0923077	0.292308	0.184615	0.0153846	0.415385
0.205607	0.0186916	0.35514	0.00934579	0.411215
0.235294	0.0588235	0.0588235	0.117647	0.529412
0.08	0.56	0.12	0.04	0.2
0.010101	0.737374	0.020202	0.020202	0.212121
0.104167	0.4375	0.208333	0.0833333	0.166667
0.647059	0.137255	0.0392157	0.117647	0.0588235
0.4	0.08	0.04	0.04	0.44
0.37415	0.0136054	0.00680272	0.0204082	0.585034
0.2	0.0666667	0.466667	0.233333	0.0333333
0.059322	0.398305	0.0338983	0.00847458	0.5
0.0714286	0.438776	0.0408163	0.0306122	0.418367
0.2	0.2	0.2	0.2	0.2
0.243243	0.027027	0.189189	0.0540541	0.486486
0.08	0.06	0.26	0.04	0.56
0.0217391	0.521739	0.0217391	0.0217391	0.413043
0.346154	0.307692	0.153846	0.0769231	0.115385
0.0547945	0.191781	0.00456621	0.0273973	0.721461
0.0121951	0.487805	0.0487805	0.0121951	0.439024
0.567742	0.0774194	0.0322581	0.0193548	0.303226
0.0185185	0.537037	0.0185185	0.0740741	0.351852
0.1	0.555556	0.0888889	0.0666667	0.188889
0.6	0.133333	0.133333	0.0666667	0.0666667
0.0344828	0.551724	0.0689655	0.0689655	0.275862
0.0666667	0.533333	0.0666667	0.2	0.133333
0.0267857	0.428571	0.0446429	0.0178571	0.482143
0.1	0.1	0.1	0.15	0.55
0.171429	0.314286	0.114286	0.2	0.2
0.0627803	0.309417	0.0179372	0.0044843	0.605381
0.2	0.2	0.2	0.2	0.2
0.0181818	0.0545455	0.0545455	0.0181818	0.854545
0.0297619	0.0238095	0.0654762	0.0178571	0.863095
0.0833333	0.25	0.111111	0.0833333	0.472222
0.230769	0.307692	0.025641	0.205128	0.230769
0.0704225	0.0901408	0.0056338	0.0084507	0.825352
0.0638298	0.0510638	0.012766	0.00425532	0.868085
0.0117994	0.103245	0.0176991	0.00294985	0.864307
0.0078125	0.0390625	0.117188	0.015625	0.820312
0.1875	0.125	0.1875	0.125	0.375
0.0229508	0.321311	0.0360656	0.00327869	0.616393
0.136364	0.136364	0.0909091	0.136364	0.5
0.0413793	0.0965517	0.037931	0.0241379	0.8
0.0869565	0.0434783	0.0434783	0.130435	0.695652
0.0597015	0.253731	0.0149254	0.0298507	0.641791
0.028	0.084	0.524	0.04	0.324
0.272727	0.0909091	0.0909091	0.181818	0.363636
0.2	0.2	0.1	0.1	0.4
0.230769	0.384615	0.0769231	0.0769231	0.230769
0.0952381	0.142857	0.0952381	0.047619	0.619048
0.208333	0.375	0.0416667	0.0416667	0.333333
0.225	0.05	0.0125	0.05	0.6625
0.0172414	0.422414	0.0344828	0.0344828	0.491379
0.0769231	0.0879121	0.043956	0.197802	0.593407
0.130435	0.347826	0.0434783	0.173913	0.304348
0.00462963	0.037037	0.0231481	0.0694444	0.865741
0.222222	0.222222	0.111111	0.111111	0.333333
0.0285714	0.0571429	0.0571429	0.0571429	0.8
0.024602	0.286541	0.0477569	0.0188133	0.622287
0.171429	0.114286	0.114286	0.0285714	0.571429
0.117647	0.0588235	0.117647	0.0588235	0.647059
0.0135135	0.0135135	0.027027	0.0810811	0.864865
0.0333333	0.366667	0.0333333	0.0333333	0.533333
0.227273	0.0454545	0.272727	0.181818	0.272727
0.12	0.2	0.04	0.16	0.48
0.0625	0.25	0.0625	0.0625	0.5625
0.0277778	0.0277778	0.0416667	0.0555556	0.847222
0.12	0.36	0.1	0.04	0.38
0.125	0.125	0.25	0.1875	0.3125
0.0461538	0.492308	0.0153846	0.0153846	0.430769
0.2	0.2	0.2	0.2	0.2
0.238095	0.142857	0.047619	0.0952381	0.47619
0.0337079	0.247191	0.00280899	0.00842697	0.707865
0.0186335	0.0403727	0.0403727	0.00310559	0.897516
0.347826	0.0434783	0.0434783	0.0434783	0.521739
0.166667	0.166667	0.166667	0.166667	0.333333
0.166667	0.0416667	0.0833333	0.166667	0.541667
0.0178571	0.482143	0.0178571	0.0178571	0.464286
0.0144928	0.202899	0.0289855	0.0289855	0.724638
0.0210526	0.0105263	0.0315789	0.0315789	0.905263
