0.357143	0.166667	0.261905	0.0952381	0.119048
0.24	0.04	0.32	0.24	0.16
0.196429	0.507143	0.157143	0.00714286	0.132143
0.166667	0.0833333	0.625	0.0833333	0.0416667
0.346774	0.0403226	0.0403226	0.00806452	0.564516
0.333333	0.111111	0.0555556	0.111111	0.388889
0.08	0.04	0.04	0.8	0.04
0.2	0.2	0.2	0.2	0.2
0.327273	0.0727273	0.145455	0.345455	0.109091
0.229508	0.278689	0.114754	0.0655738	0.311475
0.265306	0.102041	0.387755	0.204082	0.0408163
0.25	0.5	0.1875	0.03125	0.03125
0.444444	0.0333333	0.433333	0.0777778	0.0111111
0.741935	0.0483871	0.0645161	0.0483871	0.0967742
0.338129	0.176259	0.226619	0.0683453	0.190647
0.070922	0.0638298	0.191489	0.64539	0.0283688
0.35	0.05	0.5	0.05	0.05
0.333333	0.0416667	0.0625	0.541667	0.0208333
0.116279	0.790698	0.0232558	0.0232558	0.0465116
0.185714	0.228571	0.128571	0.385714	0.0714286
0.525424	0.118644	0.0169492	0.0169492	0.322034
0.217391	0.108696	0.5	0.0217391	0.152174
0.416667	0.0416667	0.0208333	0.0208333	0.5
0.166667	0.166667	0.166667	0.333333	0.166667
0.555556	0.0666667	0.0666667	0.0666667	0.244444
0.26087	0.26087	0.0434783	0.0869565	0.347826
0.590909	0.0909091	0.0454545	0.227273	0.0454545
0.272727	0.0909091	0.181818	0.363636	0.0909091
0.0666667	0.466667	0.0666667	0.0666667	0.333333
0.0287278	0.0177839	0.0314637	0.0205198	0.901505
0.482759	0.137931	0.103448	0.206897	0.0689655
0.666667	0.0740741	0.111111	0.037037	0.111111
0.118644	0.457627	0.237288	0.0847458	0.101695
0.590164	0.0655738	0.163934	0.0983607	0.0819672
0.440367	0.366972	0.0825688	0.00917431	0.100917
0.286517	0.00561798	0.00561798	0.0168539	0.685393
0.3125	0.0625	0.0625	0.5	0.0625
0.384615	0.0384615	0.115385	0.423077	0.0384615
0.365079	0.15873	0.142857	0.253968	0.0793651
0.0840336	0.140056	0.711485	0.0196078	0.0448179
0.651685	0.0449438	0.0337079	0.011236	0.258427
0.5	0.0555556	0.0111111	0.111111	0.322222
0.166667	0.333333	0.222222	0.0555556	0.222222
0.257576	0.5	0.181818	0.0151515	0.0454545
0.40099	0.0717822	0.0693069	0.0148515	0.443069
0.0103627	0.84456	0.015544	0.0673575	0.0621762
0.121212	0.272727	0.0606061	0.0909091	0.454545
0.23125	0.09375	0.6375	0.01875	0.01875
0.735294	0.0294118	0.0294118	0.0294118	0.176471
0.885714	0.0693878	0.00816327	0.0244898	0.0122449
0.755102	0.0408163	0.0612245	0.0204082	0.122449
0.1	0.0666667	0.1	0.7	0.0333333
0.404082	0.0285714	0.0938776	0.461224	0.0122449
0.1	0.0333333	0.144444	0.711111	0.0111111
0.375	0.166667	0.0833333	0.166667	0.208333
0.525	0.05	0.125	0.075	0.225
0.452055	0.0821918	0.0547945	0.0136986	0.39726
0.235294	0.0735294	0.0441176	0.0294118	0.617647
0.28	0.12	0.24	0.08	0.28
0.404762	0.428571	0.0238095	0.047619	0.0952381
0.615385	0.0769231	0.0384615	0.230769	0.0384615
0.5625	0.0625	0.0208333	0.0208333	0.333333
0.190476	0.166667	0.47619	0.119048	0.047619
0.141414	0.767677	0.040404	0.010101	0.040404
0.380952	0.047619	0.404762	0.0714286	0.0952381
0.272727	0.454545	0.0606061	0.181818	0.030303
0.2	0.0666667	0.311111	0.377778	0.0444444
0.235294	0.117647	0.147059	0.470588	0.0294118
0.402778	0.0694444	0.0416667	0.0694444	0.416667
0.608696	0.130435	0.108696	0.0652174	0.0869565
0.153846	0.0384615	0.192308	0.461538	0.153846
0.428571	0.0714286	0.285714	0.0714286	0.142857
0.368421	0.0526316	0.210526	0.157895	0.210526
0.521739	0.130435	0.0434783	0.173913	0.130435
0.389937	0.0125786	0.0566038	0.0125786	0.528302
0.867925	0.0566038	0.0188679	0.0188679	0.0377358
0.403509	0.0526316	0.0701754	0.421053	0.0526316
0.428571	0.047619	0.047619	0.428571	0.047619
0.47619	0.142857	0.031746	0.031746	0.31746
0.1	0.25	0.15	0.15	0.35
0.285714	0.285714	0.142857	0.214286	0.0714286
0.318182	0.0227273	0.113636	0.522727	0.0227273
0.328125	0.234375	0.265625	0.0625	0.109375
0.382353	0.0588235	0.117647	0.411765	0.0294118
0.111111	0.333333	0.222222	0.111111	0.222222
0.2	0.2	0.2	0.2	0.2
0.285714	0.142857	0.142857	0.357143	0.0714286
0.2	0.2	0.2	0.2	0.2
0.439024	0.0731707	0.439024	0.0243902	0.0243902
0.142857	0.190476	0.261905	0.333333	0.0714286
0.36	0.28	0.16	0.16	0.04
0.366379	0.0732759	0.00431034	0.0258621	0.530172
0.868852	0.0655738	0.0163934	0.0163934	0.0327869
0.575	0.275	0.025	0.05	0.075
0.222222	0.0222222	0.0888889	0.644444	0.0222222
0.0520833	0.0208333	0.0104167	0.0208333	0.895833
0.684211	0.157895	0.0526316	0.0526316	0.0526316
0.21875	0.109375	0.0234375	0.0078125	0.640625
0.166667	0.166667	0.166667	0.25	0.25
0.470588	0.235294	0.0588235	0.176471	0.0588235
0.538462	0.153846	0.0769231	0.153846	0.0769231
0.872054	0.0606061	0.016835	0.016835	0.03367
0.162005	0.0738786	0.279156	0.466491	0.0184697
0.0769231	0.153846	0.153846	0.538462	0.0769231
0.661017	0.144068	0.00847458	0.0254237	0.161017
0.54902	0.0196078	0.117647	0.176471	0.137255
0.204846	0.0638767	0.621145	0.0704846	0.0396476
0.4	0.333333	0.0666667	0.0666667	0.133333
0.415803	0.0702603	0.00806266	0.00506796	0.500806
0.25	0.357143	0.0714286	0.178571	0.142857
0.387097	0.0322581	0.258065	0.0967742	0.225806
0.416667	0.25	0.0416667	0.166667	0.125
0.371257	0.0718563	0.0479042	0.00598802	0.502994
0.482143	0.0892857	0.178571	0.214286	0.0357143
0.125	0.125	0.09375	0.59375	0.0625
0.0909091	0.0454545	0.0909091	0.636364	0.136364
0.0833333	0.138889	0.722222	0.0277778	0.0277778
0.565217	0.0869565	0.130435	0.0869565	0.130435
0.104167	0.1875	0.0416667	0.0347222	0.631944
0.472222	0.0277778	0.0277778	0.111111	0.361111
0.55814	0.0697674	0.116279	0.0465116	0.209302
0.16129	0.591398	0.11828	0.112903	0.016129
0.360656	0.0819672	0.0819672	0.459016	0.0163934
0.647887	0.197183	0.056338	0.028169	0.0704225
0.346154	0.423077	0.0769231	0.0384615	0.115385
0.152047	0.25731	0.453216	0.0701754	0.0672515
0.286822	0.0387597	0.20155	0.44186	0.0310078
0.476103	0.0974265	0.0165441	0.0147059	0.395221
0.176471	0.117647	0.0588235	0.588235	0.0588235
0.508772	0.0350877	0.0263158	0.359649	0.0701754
0.6875	0.0416667	0.0625	0.1875	0.0208333
0.333333	0.177778	0.2	0.266667	0.0222222
0.472727	0.0272727	0.0272727	0.0272727	0.445455
0.253886	0.0569948	0.0829016	0.569948	0.0362694
0.657143	0.0285714	0.0857143	0.0571429	0.171429
0.392857	0.160714	0.0535714	0.375	0.0178571
0.185185	0.259259	0.0740741	0.111111	0.37037
0.0049505	0.113861	0.816832	0.0049505	0.0594059
0.26087	0.195652	0.0434783	0.0217391	0.478261
0.555556	0.111111	0.111111	0.111111	0.111111
0.507042	0.246479	0.0422535	0.0352113	0.169014
0.352941	0.0294118	0.235294	0.323529	0.0588235
0.2	0.2	0.2	0.2	0.2
0.105263	0.105263	0.157895	0.473684	0.157895
0.222222	0.333333	0.111111	0.111111	0.222222
0.142857	0.285714	0.142857	0.285714	0.142857
0.4	0.04	0.36	0.12	0.08
0.210526	0.0526316	0.210526	0.421053	0.105263
0.717949	0.025641	0.153846	0.025641	0.0769231
0.346154	0.538462	0.0384615	0.025641	0.0512821
0.433333	0.108333	0.291667	0.116667	0.05
0.31454	0.0356083	0.00890208	0.0148368	0.626113
0.235294	0.0294118	0.0588235	0.647059	0.0294118
0.614035	0.0789474	0.0175439	0.219298	0.0701754
0.714286	0.0714286	0.0714286	0.0714286	0.0714286
0.0526316	0.0526316	0.157895	0.578947	0.157895
0.45	0.15	0.15	0.2	0.05
0.245902	0.131148	0.42623	0.147541	0.0491803
0.235294	0.235294	0.117647	0.0588235	0.352941
0.309278	0.113402	0.0618557	0.0103093	0.505155
0.375	0.125	0.125	0.125	0.25
0.294118	0.411765	0.0588235	0.0588235	0.176471
0.428571	0.0952381	0.285714	0.142857	0.047619
0.214286	0.0714286	0.142857	0.5	0.0714286
0.5	0.181818	0.0681818	0.0454545	0.204545
0.115385	0.0897436	0.628205	0.0512821	0.115385
0.2	0.2	0.2	0.2	0.2
0.302326	0.0232558	0.22093	0.406977	0.0465116
0.3213	0.617329	0.0469314	0.00722022	0.00722022
0.151515	0.030303	0.151515	0.636364	0.030303
0.523364	0.0186916	0.046729	0.0560748	0.35514
0.227273	0.5	0.181818	0.0454545	0.0454545
0.230769	0.423077	0.153846	0.153846	0.0384615
0.346667	0.0266667	0.0666667	0.04	0.52
0.1	0.2	0.2	0.4	0.1
0.741573	0.0561798	0.0337079	0.0224719	0.146067
0.444444	0.111111	0.0555556	0.0833333	0.305556
0.225914	0.156146	0.142857	0.0465116	0.428571
0.473684	0.0263158	0.289474	0.131579	0.0789474
0.278017	0.0646552	0.0237069	0.0193966	0.614224
0.351648	0.032967	0.0879121	0.472527	0.0549451
0.269231	0.56044	0.0494505	0.0494505	0.0714286
0.242604	0.0414201	0.0236686	0.0236686	0.668639
0.631579	0.105263	0.105263	0.0526316	0.105263
0.111111	0.111111	0.111111	0.111111	0.555556
0.224719	0.0449438	0.247191	0.303371	0.179775
0.670455	0.102273	0.0909091	0.0965909	0.0397727
0.0995135	0.0734188	0.758514	0.0473242	0.0212295
0.361702	0.531915	0.0531915	0.0106383	0.0425532
0.424658	0.424658	0.0958904	0.0273973	0.0273973
0.446809	0.0638298	0.347518	0.0992908	0.0425532
0.25	0.375	0.125	0.125	0.125
0.7	0.1	0.0333333	0.133333	0.0333333
0.323529	0.235294	0.264706	0.0294118	0.147059
0.169492	0.644068	0.0169492	0.0338983	0.135593
0.403509	0.0350877	0.0233918	0.00584795	0.532164
0.105263	0.0526316	0.315789	0.421053	0.105263
0.172414	0.16092	0.252874	0.327586	0.0862069
0.428571	0.333333	0.047619	0.0952381	0.0952381
0.506494	0.155844	0.038961	0.012987	0.285714
0.444444	0.277778	0.0555556	0.0555556	0.166667
0.314815	0.111111	0.240741	0.314815	0.0185185
0.410714	0.142857	0.0178571	0.0178571	0.410714
0.305556	0.0694444	0.555556	0.0555556	0.0138889
0.280488	0.0365854	0.0365854	0.0121951	0.634146
0.510638	0.0638298	0.276596	0.12766	0.0212766
0.318182	0.0454545	0.0909091	0.5	0.0454545
0.204082	0.530612	0.0408163	0.122449	0.102041
0.72093	0.0697674	0.116279	0.0697674	0.0232558
0.152174	0.73913	0.0217391	0.0434783	0.0434783
0.176471	0.117647	0.588235	0.0294118	0.0882353
0.730769	0.0769231	0.0192308	0.153846	0.0192308
0.114699	0.0723831	0.0167038	0.00334076	0.792873
0.282258	0.645161	0.0322581	0.016129	0.0241935
0.176471	0.294118	0.376471	0.0117647	0.141176
0.318182	0.0681818	0.113636	0.477273	0.0227273
0.5	0.0714286	0.0714286	0.285714	0.0714286
0.363636	0.181818	0.0909091	0.181818	0.181818
0.392405	0.0981013	0.417722	0.0411392	0.0506329
0.506631	0.0981432	0.0265252	0.0424403	0.32626
0.382716	0.0493827	0.037037	0.0617284	0.469136
0.32	0.04	0.16	0.28	0.2
0.189189	0.108108	0.0540541	0.0810811	0.567568
0.389313	0.0610687	0.137405	0.0152672	0.396947
0.12766	0.191489	0.425532	0.212766	0.0425532
0.162791	0.0930233	0.372093	0.348837	0.0232558
0.461538	0.211538	0.0961538	0.0961538	0.134615
0.52381	0.047619	0.0714286	0.309524	0.047619
0.411765	0.0882353	0.235294	0.205882	0.0588235
0.390244	0.0243902	0.341463	0.195122	0.0487805
0.375	0.25	0.0625	0.21875	0.09375
0.741935	0.0645161	0.0967742	0.0645161	0.0322581
0.37377	0.481967	0.0918033	0.0491803	0.00327869
0.452381	0.0238095	0.0714286	0.428571	0.0238095
0.488889	0.244444	0.0666667	0.0444444	0.155556
0.181818	0.0909091	0.0909091	0.363636	0.272727
0.261905	0.0714286	0.0238095	0.0952381	0.547619
0.0714286	0.142857	0.5	0.0714286	0.214286
0.419355	0.0645161	0.129032	0.322581	0.0645161
0.387205	0.178451	0.040404	0.0673401	0.326599
0.262295	0.131148	0.0163934	0.508197	0.0819672
0.585366	0.195122	0.0731707	0.121951	0.0243902
0.0535714	0.107143	0.0892857	0.732143	0.0178571
0.256198	0.115702	0.380165	0.239669	0.00826446
0.384615	0.192308	0.0769231	0.269231	0.0769231
0.14433	0.0103093	0.762887	0.0721649	0.0103093
0.377358	0.471698	0.0188679	0.0943396	0.0377358
0.111111	0.0185185	0.666667	0.166667	0.037037
0.52	0.04	0.04	0.24	0.16
0.0714286	0.0357143	0.142857	0.678571	0.0714286
0.233766	0.12987	0.577922	0.00649351	0.0519481
0.25	0.333333	0.166667	0.0833333	0.166667
0.0810811	0.0675676	0.0405405	0.797297	0.0135135
0.37931	0.0689655	0.0258621	0.491379	0.0344828
0.333333	0.238095	0.333333	0.047619	0.047619
0.272727	0.484848	0.121212	0.030303	0.0909091
0.373134	0.0895522	0.149254	0.253731	0.134328
0.296296	0.185185	0.333333	0.0740741	0.111111
0.9	0.02	0.03	0.04	0.01
0.215686	0.490196	0.137255	0.0588235	0.0980392
0.05	0.025	0.1	0.8	0.025
0.469388	0.387755	0.0204082	0.0204082	0.102041
0.311475	0.622951	0.0163934	0.0163934	0.0327869
0.68125	0.04375	0.175	0.0125	0.0875
0.08	0.16	0.08	0.6	0.08
0.214286	0.0714286	0.178571	0.464286	0.0714286
0.454545	0.181818	0.0454545	0.227273	0.0909091
0.142857	0.0714286	0.714286	0.0357143	0.0357143
0.158537	0.783537	0.027439	0.0152439	0.0152439
0.642857	0.214286	0.0285714	0.0714286	0.0428571
0.185185	0.703704	0.037037	0.037037	0.037037
0.25	0.1	0.2	0.05	0.4
0.307692	0.512821	0.0854701	0.0598291	0.034188
0.5	0.0416667	0.0833333	0.125	0.25
0.2	0.2	0.2	0.2	0.2
0.0754717	0.0566038	0.0754717	0.754717	0.0377358
0.35	0.425	0.05	0.075	0.1
0.35	0.05	0.2	0.2	0.2
0.2	0.2	0.2	0.2	0.2
0.118182	0.381818	0.136364	0.172727	0.190909
0.636364	0.0909091	0.0454545	0.136364	0.0909091
0.338983	0.305085	0.118644	0.0677966	0.169492
0.463415	0.0487805	0.0243902	0.439024	0.0243902
0.157143	0.0857143	0.185714	0.557143	0.0142857
0.482759	0.172414	0.172414	0.137931	0.0344828
0.117647	0.0294118	0.176471	0.647059	0.0294118
0.0909091	0.0454545	0.136364	0.681818	0.0454545
0.324324	0.0702703	0.0972973	0.491892	0.0162162
0.428571	0.047619	0.047619	0.047619	0.428571
0.55814	0.0697674	0.186047	0.0232558	0.162791
0.307692	0.0923077	0.430769	0.0307692	0.138462
0.288889	0.0888889	0.266667	0.0888889	0.266667
0.375	0.125	0.125	0.125	0.25
0.714286	0.0714286	0.0357143	0.0357143	0.142857
0.117647	0.264706	0.441176	0.117647	0.0588235
0.606061	0.0606061	0.272727	0.030303	0.030303
0.24	0.28	0.24	0.04	0.2
0.5	0.318182	0.0909091	0.0454545	0.0454545
0.421053	0.157895	0.0526316	0.0526316	0.315789
0.261905	0.238095	0.142857	0.309524	0.047619
0.766667	0.0333333	0.0333333	0.0666667	0.1
0.25	0.0833333	0.166667	0.416667	0.0833333
0.272727	0.0454545	0.0454545	0.545455	0.0909091
0.31746	0.0952381	0.015873	0.539683	0.031746
0.476923	0.0615385	0.0461538	0.4	0.0153846
0.684685	0.018018	0.0540541	0.108108	0.135135
0.413043	0.282609	0.23913	0.0434783	0.0217391
0.0655738	0.295082	0.131148	0.0327869	0.47541
0.530435	0.226087	0.165217	0.0608696	0.0173913
0.137363	0.0549451	0.0494505	0.010989	0.747253
0.0588235	0.0588235	0.235294	0.529412	0.117647
0.277778	0.5	0.0555556	0.0555556	0.111111
0.666667	0.0833333	0.0833333	0.0833333	0.0833333
0.2	0.1	0.525	0.15	0.025
0.380952	0.047619	0.142857	0.380952	0.047619
0.264706	0.0294118	0.0882353	0.441176	0.176471
0.230769	0.205128	0.102564	0.128205	0.333333
0.37931	0.0344828	0.103448	0.0344828	0.448276
0.696552	0.0344828	0.0275862	0.0275862	0.213793
0.677778	0.122222	0.0444444	0.0111111	0.144444
0.4	0.1	0.1	0.2	0.2
0.475	0.075	0.175	0.075	0.2
0.235294	0.0588235	0.176471	0.470588	0.0588235
0.689655	0.155172	0.0172414	0.0172414	0.12069
0.309278	0.0515464	0.185567	0.402062	0.0515464
0.205882	0.176471	0.0294118	0.470588	0.117647
0.351724	0.5	0.0793103	0.0275862	0.0413793
0.13913	0.0434783	0.269565	0.513043	0.0347826
0.166667	0.0333333	0.0666667	0.5	0.233333
0.219178	0.0410959	0.0684932	0.0821918	0.589041
0.132075	0.0754717	0.0377358	0.566038	0.188679
0.125	0.03125	0.625	0.1875	0.03125
0.111111	0.111111	0.62963	0.111111	0.037037
0.196078	0.176471	0.529412	0.0588235	0.0392157
0.0208333	0.0416667	0.0416667	0.875	0.0208333
0.368421	0.0526316	0.105263	0.368421	0.105263
0.289474	0.105263	0.157895	0.421053	0.0263158
0.129032	0.322581	0.225806	0.258065	0.0645161
0.615385	0.115385	0.0192308	0.115385	0.134615
0.155172	0.172414	0.224138	0.362069	0.0862069
0.46875	0.03125	0.0625	0.34375	0.09375
0.2	0.2	0.2	0.2	0.2
0.875	0.0340909	0.0227273	0.0227273	0.0454545
0.3	0.3	0.05	0.25	0.1
0.0204082	0.142857	0.0816327	0.734694	0.0204082
0.463415	0.0243902	0.0243902	0.0731707	0.414634
0.191176	0.0588235	0.132353	0.602941	0.0147059
0.55	0.142857	0.0857143	0.0214286	0.2
0.117117	0.144144	0.0720721	0.00900901	0.657658
0.402299	0.0747126	0.37931	0.126437	0.0172414
0.115942	0.15942	0.478261	0.188406	0.057971
0.0434783	0.0869565	0.0434783	0.695652	0.130435
0.444444	0.111111	0.111111	0.111111	0.222222
0.153846	0.0512821	0.564103	0.205128	0.025641
0.264151	0.226415	0.415094	0.0377358	0.0566038
0.42029	0.0869565	0.188406	0.15942	0.144928
0.277778	0.111111	0.388889	0.194444	0.0277778
0.185185	0.259259	0.148148	0.296296	0.111111
0.135135	0.0540541	0.27027	0.486486	0.0540541
0.1875	0.15625	0.09375	0.0625	0.5
0.218182	0.0181818	0.418182	0.236364	0.109091
0.0909091	0.0545455	0.436364	0.4	0.0181818
0.37931	0.206897	0.241379	0.103448	0.0689655
0.166667	0.0416667	0.0416667	0.708333	0.0416667
0.340909	0.136364	0.0454545	0.454545	0.0227273
0.154762	0.345238	0.154762	0.309524	0.0357143
0.546875	0.09375	0.046875	0.03125	0.28125
0.266667	0.266667	0.1	0.0333333	0.333333
0.169811	0.188679	0.132075	0.490566	0.0188679
0.444444	0.148148	0.111111	0.222222	0.0740741
0.25	0.125	0.3125	0.0625	0.25
0.47561	0.0243902	0.0243902	0.268293	0.207317
0.488095	0.031746	0.0714286	0.00793651	0.400794
0.571429	0.0714286	0.142857	0.142857	0.0714286
0.173913	0.0434783	0.0362319	0.0289855	0.717391
0.176471	0.0882353	0.0294118	0.676471	0.0294118
0.535714	0.130952	0.0595238	0.142857	0.130952
0.466667	0.133333	0.133333	0.2	0.0666667
0.363636	0.0454545	0.136364	0.0909091	0.363636
0.538462	0.0769231	0.0615385	0.0153846	0.307692
0.533333	0.183333	0.1	0.1	0.0833333
0.2	0.2	0.2	0.2	0.2
0.35	0.1	0.225	0.275	0.05
0.189655	0.137931	0.0172414	0.0172414	0.637931
0.675676	0.027027	0.027027	0.027027	0.243243
0.263158	0.157895	0.210526	0.315789	0.0526316
0.661417	0.0367454	0.0262467	0.0472441	0.228346
0.571429	0.047619	0.190476	0.047619	0.142857
0.236364	0.0181818	0.127273	0.545455	0.0727273
0.606061	0.0909091	0.030303	0.121212	0.151515
0.4	0.0666667	0.133333	0.266667	0.133333
0.458333	0.166667	0.0416667	0.229167	0.104167
0.275	0.15	0.5	0.025	0.05
0.531915	0.170213	0.148936	0.0638298	0.0851064
0.285714	0.326531	0.0612245	0.0612245	0.265306
0.283854	0.143229	0.078125	0.453125	0.0416667
0.628571	0.228571	0.0285714	0.0285714	0.0857143
0.0958333	0.2	0.0208333	0.0166667	0.666667
0.208333	0.0833333	0.0833333	0.541667	0.0833333
0.121037	0.0259366	0.576369	0.167147	0.10951
0.0454545	0.0909091	0.136364	0.681818	0.0454545
0.0919209	0.762572	0.0824402	0.00370981	0.059357
0.0882353	0.808824	0.0147059	0.0294118	0.0588235
0.790698	0.0116279	0.104651	0.0232558	0.0697674
0.5	0.272727	0.0454545	0.0909091	0.0909091
0.704918	0.0819672	0.0327869	0.0655738	0.114754
0.465201	0.117216	0.0347985	0.00549451	0.377289
0.0344828	0.0689655	0.724138	0.137931	0.0344828
0.310345	0.103448	0.103448	0.0344828	0.448276
0.325	0.025	0.025	0.075	0.55
0.116279	0.139535	0.0697674	0.604651	0.0697674
0.576923	0.0128205	0.0641026	0.269231	0.0769231
0.716981	0.188679	0.0377358	0.0377358	0.0188679
0.117486	0.153005	0.0519126	0.0300546	0.647541
0.8	0.05	0.05	0.05	0.05
0.3	0.2	0.1	0.2	0.2
0.383459	0.0150376	0.0075188	0.0225564	0.571429
0.192308	0.269231	0.115385	0.0384615	0.384615
0.375	0.125	0.125	0.125	0.25
0.657407	0.111111	0.037037	0.111111	0.0833333
0.441176	0.176471	0.0294118	0.0294118	0.323529
0.257143	0.0571429	0.571429	0.0571429	0.0571429
0.475	0.1	0.225	0.15	0.05
0.404762	0.047619	0.0238095	0.47619	0.047619
0.3	0.3	0.1	0.2	0.1
0.125	0.0625	0.3125	0.375	0.125
0.384615	0.115385	0.115385	0.192308	0.192308
0.373737	0.252525	0.0909091	0.171717	0.111111
0.375	0.395833	0.166667	0.0208333	0.0416667
0.253333	0.0133333	0.52	0.0666667	0.146667
0.0627063	0.148515	0.663366	0.00330033	0.122112
0.162791	0.0232558	0.302326	0.488372	0.0232558
0.494253	0.0804598	0.0344828	0.0344828	0.356322
0.72973	0.108108	0.0810811	0.0540541	0.027027
0.322835	0.15748	0.401575	0.0472441	0.0708661
0.882353	0.0294118	0.0294118	0.00980392	0.0490196
0.421053	0.0526316	0.105263	0.0526316	0.368421
0.595745	0.0425532	0.0638298	0.0425532	0.255319
0.233333	0.0333333	0.15	0.533333	0.05
0.125	0.0384615	0.153846	0.663462	0.0192308
0.595745	0.148936	0.106383	0.106383	0.0425532
0.3125	0.0208333	0.208333	0.416667	0.0416667
0.260664	0.0189573	0.137441	0.540284	0.042654
0.0877193	0.0350877	0.0175439	0.824561	0.0350877
0.461538	0.230769	0.0769231	0.025641	0.205128
0.5625	0.25	0.0625	0.0208333	0.104167
0.873418	0.0632911	0.0126582	0.0253165	0.0253165
0.384615	0.153846	0.0769231	0.307692	0.0769231
0.214286	0.357143	0.285714	0.0714286	0.0714286
0.222222	0.111111	0.111111	0.444444	0.111111
0.15625	0.125	0.0625	0.03125	0.625
0.173913	0.217391	0.0434783	0.0434783	0.521739
0.777778	0.0555556	0.0555556	0.0555556	0.0555556
0.41791	0.41791	0.119403	0.0298507	0.0149254
0.368421	0.0526316	0.0789474	0.0789474	0.421053
0.3125	0.09375	0.203125	0.328125	0.0625
0.230769	0.0384615	0.461538	0.0769231	0.192308
0.166667	0.0833333	0.25	0.333333	0.166667
0.196078	0.0980392	0.54902	0.117647	0.0392157
0.33871	0.129032	0.129032	0.016129	0.387097
0.291667	0.138889	0.0277778	0.513889	0.0277778
0.0749415	0.257611	0.57377	0.0772834	0.0163934
0.307692	0.025641	0.205128	0.410256	0.0512821
0.375	0.410714	0.0535714	0.0535714	0.107143
0.325581	0.255814	0.360465	0.0348837	0.0232558
0.631579	0.0526316	0.0526316	0.0263158	0.236842
0.207792	0.038961	0.207792	0.493506	0.0519481
0.278571	0.0928571	0.0642857	0.5	0.0642857
0.384615	0.0769231	0.115385	0.0769231	0.346154
0.85443	0.056962	0.0126582	0.00632911	0.0696203
0.371429	0.4	0.0285714	0.0285714	0.171429
0.421053	0.184211	0.263158	0.0789474	0.0526316
0.0616438	0.0205479	0.123288	0.767123	0.0273973
0.736842	0.105263	0.0526316	0.0526316	0.0526316
0.12	0.6	0.08	0.16	0.04
0.16	0.12	0.64	0.04	0.04
0.466667	0.0666667	0.366667	0.0166667	0.0833333
0.54902	0.0196078	0.27451	0.0392157	0.117647
0.315789	0.368421	0.157895	0.105263	0.0526316
0.323529	0.529412	0.0882353	0.0294118	0.0294118
0.666667	0.0833333	0.0833333	0.0833333	0.0833333
0.6	0.12	0.08	0.04	0.16
0.304348	0.391304	0.0434783	0.0869565	0.173913
0.619048	0.047619	0.047619	0.190476	0.0952381
0.675325	0.207792	0.0519481	0.012987	0.0519481
0.405405	0.027027	0.027027	0.216216	0.324324
0.42	0.02	0.46	0.08	0.02
0.210526	0.324561	0.166667	0.201754	0.0964912
0.262712	0.59322	0.0508475	0.0338983	0.059322
0.333333	0.0833333	0.166667	0.25	0.166667
0.415385	0.123077	0.107692	0.292308	0.0615385
0.170213	0.276596	0.106383	0.191489	0.255319
0.6875	0.03125	0.125	0.09375	0.0625
0.257143	0.214286	0.1	0.142857	0.285714
0.296296	0.481481	0.111111	0.037037	0.0740741
0.329114	0.164557	0.164557	0.316456	0.0253165
0.558442	0.376623	0.012987	0.038961	0.012987
0.0240385	0.125	0.769231	0.00480769	0.0769231
0.846939	0.0102041	0.0102041	0.0306122	0.102041
0.0555556	0.222222	0.222222	0.444444	0.0555556
0.142857	0.142857	0.333333	0.333333	0.047619
0.222222	0.166667	0.111111	0.388889	0.111111
0.222222	0.0555556	0.0555556	0.0555556	0.611111
0.26087	0.130435	0.0434783	0.347826	0.217391
0.307692	0.0769231	0.346154	0.115385	0.153846
0.441176	0.0882353	0.0882353	0.264706	0.117647
0.208333	0.236111	0.111111	0.0138889	0.430556
0.414414	0.027027	0.045045	0.495495	0.018018
0.711111	0.0888889	0.0888889	0.0444444	0.0666667
0.277778	0.0555556	0.185185	0.0925926	0.388889
0.166667	0.166667	0.333333	0.166667	0.166667
0.267857	0.553571	0.107143	0.0178571	0.0535714
0.442308	0.0384615	0.0384615	0.403846	0.0769231
0.193548	0.0645161	0.322581	0.225806	0.193548
0.166667	0.0833333	0.5	0.166667	0.0833333
0.0465116	0.0232558	0.116279	0.790698	0.0232558
0.5	0.2	0.1	0.05	0.15
0.387755	0.122449	0.0357143	0.0255102	0.428571
0.5625	0.1875	0.125	0.0625	0.0625
0.636364	0.0909091	0.0909091	0.0909091	0.0909091
0.606061	0.030303	0.030303	0.30303	0.030303
0.388889	0.0555556	0.111111	0.222222	0.222222
0.675127	0.0507614	0.00507614	0.0101523	0.258883
0.3	0.06875	0.44375	0.04375	0.14375
0.636364	0.181818	0.0606061	0.0909091	0.030303
0.442857	0.0571429	0.107143	0.107143	0.285714
0.028169	0.0140845	0.0140845	0.028169	0.915493
0.142857	0.142857	0.142857	0.285714	0.285714
0.212766	0.0106383	0.0106383	0.0106383	0.755319
0.328283	0.0555556	0.116162	0.464646	0.0353535
0.171429	0.314286	0.2	0.2	0.114286
0.7625	0.1	0.0375	0.05	0.05
0.2	0.2	0.2	0.2	0.2
0.36	0.12	0.32	0.08	0.12
0.930556	0.0277778	0.0138889	0.0138889	0.0138889
0.376812	0.369565	0.057971	0.0144928	0.181159
0.590909	0.181818	0.0454545	0.0909091	0.0909091
0.105263	0.157895	0.0526316	0.631579	0.0526316
0.246377	0.202899	0.217391	0.0289855	0.304348
0.388889	0.0555556	0.111111	0.111111	0.333333
0.384615	0.230769	0.115385	0.0769231	0.192308
0.541667	0.0416667	0.0833333	0.125	0.208333
0.294872	0.25641	0.205128	0.0128205	0.230769
0.755556	0.111111	0.0222222	0.0444444	0.0666667
0.285714	0.392857	0.0357143	0.0714286	0.214286
0.526316	0.122807	0.157895	0.122807	0.0701754
0.215686	0.0588235	0.313725	0.0392157	0.372549
0.294118	0.0294118	0.352941	0.205882	0.117647
0.1875	0.3125	0.125	0.3125	0.0625
0.352941	0.0588235	0.0588235	0.117647	0.411765
0.384615	0.115385	0.192308	0.0384615	0.269231
0.555556	0.222222	0.111111	0.0555556	0.0555556
0.2	0.2	0.2	0.2	0.2
0.212121	0.0606061	0.151515	0.545455	0.030303
0.362319	0.391304	0.057971	0.0144928	0.173913
0.16	0.12	0.54	0.16	0.02
0.545455	0.0909091	0.136364	0.0681818	0.159091
0.184615	0.0153846	0.169231	0.615385	0.0153846
0.5	0.0384615	0.0192308	0.115385	0.326923
0.409091	0.113636	0.0454545	0.0227273	0.409091
0.173913	0.0434783	0.130435	0.565217	0.0869565
0.342105	0.342105	0.131579	0.0526316	0.131579
0.75	0.0833333	0.0416667	0.0833333	0.0416667
0.179487	0.153846	0.410256	0.217949	0.0384615
0.421053	0.0526316	0.105263	0.157895	0.263158
0.256757	0.0540541	0.175676	0.418919	0.0945946
0.231884	0.137681	0.0144928	0.0289855	0.586957
0.375	0.25	0.0909091	0.193182	0.0909091
0.337662	0.0909091	0.0649351	0.0519481	0.454545
0.34375	0.0625	0.34375	0.03125	0.21875
0.327684	0.20339	0.0225989	0.00564972	0.440678
0.357143	0.0142857	0.0285714	0.0857143	0.514286
0.166667	0.333333	0.166667	0.166667	0.166667
0.133333	0.2	0.4	0.2	0.0666667
0.2	0.2	0.2	0.2	0.2
0.640351	0.0789474	0.0175439	0.0350877	0.22807
0.811111	0.0666667	0.0222222	0.0222222	0.0777778
0.5	0.0625	0.0625	0.15625	0.21875
0.454545	0.166667	0.0151515	0.295455	0.0681818
0.717647	0.2	0.0117647	0.0117647	0.0588235
0.175	0.125	0.2	0.475	0.025
0.289474	0.631579	0.0263158	0.0263158	0.0263158
0.0925926	0.185185	0.648148	0.0555556	0.0185185
0.604651	0.0465116	0.0232558	0.0697674	0.255814
0.1875	0.40625	0.25	0.015625	0.140625
0.536585	0.0731707	0.0487805	0.0243902	0.317073
0.047619	0.52381	0.047619	0.047619	0.333333
0.0769231	0.615385	0.025641	0.025641	0.25641
0.692042	0.0795848	0.0207612	0.0103806	0.197232
0.321429	0.0357143	0.142857	0.428571	0.0714286
0.391304	0.23913	0.108696	0.0217391	0.23913
0.136364	0.136364	0.590909	0.0909091	0.0454545
0.166667	0.0555556	0.166667	0.555556	0.0555556
0.101449	0.0144928	0.231884	0.637681	0.0144928
0.0434783	0.0869565	0.0434783	0.782609	0.0434783
0.410345	0.27931	0.0482759	0.0103448	0.251724
0.25	0.0833333	0.333333	0.166667	0.166667
0.228261	0.217391	0.152174	0.0108696	0.391304
0.615385	0.0769231	0.153846	0.0769231	0.0769231
0.666667	0.0666667	0.0666667	0.0666667	0.133333
0.5	0.0714286	0.214286	0.142857	0.0714286
0.1875	0.0625	0.0625	0.5625	0.125
0.435484	0.0806452	0.0806452	0.387097	0.016129
0.131579	0.184211	0.118421	0.5	0.0657895
0.28	0.333333	0.333333	0.0266667	0.0266667
0.555556	0.0555556	0.0119048	0.00396825	0.373016
0.0884956	0.0442478	0.814159	0.0353982	0.0176991
0.428571	0.0714286	0.142857	0.214286	0.142857
0.662791	0.0406977	0.0232558	0.0348837	0.238372
0.375	0.125	0.25	0.208333	0.0416667
0.331429	0.257143	0.0457143	0.00571429	0.36
0.375	0.03125	0.40625	0.125	0.0625
0.152381	0.0761905	0.209524	0.552381	0.00952381
0.184524	0.136905	0.172619	0.452381	0.0535714
0.741935	0.0322581	0.0322581	0.0322581	0.16129
0.2	0.2	0.2	0.2	0.2
0.5625	0.125	0.1875	0.0625	0.0625
0.294118	0.176471	0.235294	0.0588235	0.235294
0.833333	0.0974843	0.00628931	0.0534591	0.00943396
0.142857	0.0714286	0.642857	0.0714286	0.0714286
0.133333	0.633333	0.1	0.0333333	0.1
0.416667	0.1	0.45	0.0166667	0.0166667
0.109091	0.272727	0.127273	0.381818	0.109091
0.570093	0.130841	0.17757	0.0747664	0.046729
0.303571	0.0892857	0.0535714	0.0357143	0.517857
0.4	0.1	0.1	0.05	0.35
0.340909	0.0625	0.0568182	0.534091	0.00568182
0.16	0.12	0.04	0.6	0.08
0.537634	0.16129	0.0215054	0.0430108	0.236559
0.0555556	0.277778	0.166667	0.388889	0.111111
0.865385	0.0576923	0.0192308	0.0192308	0.0384615
0.272727	0.151515	0.030303	0.515152	0.030303
0.333333	0.206349	0.0793651	0.285714	0.0952381
0.298507	0.0149254	0.0223881	0.00746269	0.656716
0.625	0.208333	0.0833333	0.0416667	0.0416667
0.2	0.2	0.2	0.2	0.2
0.488372	0.255814	0.0697674	0.0232558	0.162791
0.25	0.125	0.125	0.125	0.375
0.363636	0.0909091	0.0227273	0.181818	0.340909
0.222222	0.652778	0.0138889	0.0138889	0.0972222
0.400922	0.37788	0.0967742	0.00921659	0.115207
0.238095	0.047619	0.047619	0.047619	0.619048
0.36	0.08	0.2	0.32	0.04
0.84058	0.0289855	0.0869565	0.0289855	0.0144928
0.0625	0.0625	0.6875	0.125	0.0625
0.00143472	0.0071736	0.00688666	0.983644	0.000860832
0.120983	0.073724	0.026465	0.00189036	0.776938
0.242857	0.0357143	0.185714	0.528571	0.00714286
0.40678	0.118644	0.0169492	0.0508475	0.40678
0.133333	0.2	0.0666667	0.533333	0.0666667
0.1	0.65	0.15	0.05	0.05
0.545455	0.030303	0.0606061	0.333333	0.030303
0.205128	0.102564	0.128205	0.538462	0.025641
0.464286	0.107143	0.25	0.0357143	0.142857
0.273684	0.0736842	0.0315789	0.0947368	0.526316
0.666667	0.133333	0.0666667	0.0666667	0.0666667
0.234375	0.0703125	0.09375	0.578125	0.0234375
0.5	0.41	0.03	0.01	0.05
0.0485437	0.0226537	0.0161812	0.902913	0.00970874
0.129032	0.0322581	0.387097	0.387097	0.0645161
0.25	0.416667	0.0833333	0.166667	0.0833333
0.111111	0.444444	0.111111	0.111111	0.222222
0.026087	0.0173913	0.0173913	0.921739	0.0173913
0.12	0.04	0.02	0.2	0.62
0.444444	0.111111	0.166667	0.222222	0.0555556
0.127962	0.180095	0.056872	0.0189573	0.616114
0.458333	0.0416667	0.0694444	0.416667	0.0138889
0.0357143	0.598214	0.232143	0.00892857	0.125
0.255814	0.0465116	0.511628	0.0697674	0.116279
0.333333	0.119048	0.00297619	0.0208333	0.52381
0.526316	0.157895	0.0526316	0.0526316	0.210526
0.0952381	0.047619	0.285714	0.52381	0.047619
0.166667	0.157895	0.570175	0.0701754	0.0350877
0.416667	0.0833333	0.0833333	0.0833333	0.333333
0.0696379	0.0947075	0.735376	0.0835655	0.0167131
0.0457355	0.0309023	0.89864	0.0197775	0.00494438
0.285714	0.142857	0.214286	0.142857	0.214286
0.652174	0.0869565	0.130435	0.0434783	0.0869565
0.555556	0.111111	0.0555556	0.111111	0.166667
0.396285	0.513932	0.0154799	0.0154799	0.0588235
0.401639	0.114754	0.393443	0.0655738	0.0245902
0.469697	0.151515	0.0454545	0.227273	0.106061
0.666667	0.117647	0.0980392	0.0588235	0.0588235
0.45098	0.127451	0.0882353	0.0882353	0.245098
0.378378	0.027027	0.513514	0.0540541	0.027027
0.289474	0.0789474	0.0789474	0.394737	0.157895
0.333333	0.125	0.333333	0.0833333	0.125
0.117647	0.352941	0.0882353	0.294118	0.147059
0.2	0.2	0.2	0.2	0.2
0.268293	0.146341	0.146341	0.365854	0.0731707
0.232558	0.27907	0.0930233	0.325581	0.0697674
0.245283	0.603774	0.0188679	0.0943396	0.0377358
0.00383142	0.0498084	0.0363985	0.0172414	0.89272
0.324324	0.027027	0.297297	0.27027	0.0810811
0.703704	0.037037	0.037037	0.148148	0.0740741
0.0833333	0.208333	0.180556	0.486111	0.0416667
0.0666667	0.166667	0.1	0.6	0.0666667
0.279302	0.142145	0.0174564	0.0548628	0.506234
0.0454545	0.0454545	0.0909091	0.772727	0.0454545
0.358974	0.192308	0.0769231	0.0384615	0.333333
0.495413	0.302752	0.0458716	0.146789	0.00917431
0.377551	0.44898	0.0408163	0.0204082	0.112245
0.6	0.06	0.26	0.04	0.04
0.263158	0.552632	0.0263158	0.131579	0.0263158
0.506494	0.311688	0.142857	0.012987	0.025974
0.2	0.2	0.2	0.2	0.2
0.111111	0.0555556	0.222222	0.555556	0.0555556
0.394737	0.5	0.0263158	0.0263158	0.0526316
0.195767	0.0740741	0.047619	0.010582	0.671958
0.128205	0.615385	0.0512821	0.025641	0.179487
0.2	0.2	0.2	0.2	0.2
0.727273	0.136364	0.0454545	0.0454545	0.0454545
0.325301	0.0481928	0.39759	0.192771	0.0361446
0.471429	0.0857143	0.0571429	0.0142857	0.371429
0.419355	0.129032	0.387097	0.0322581	0.0322581
0.4	0.125	0.3	0.05	0.125
0.454545	0.181818	0.0909091	0.181818	0.0909091
0.263158	0.0526316	0.315789	0.315789	0.0526316
0.416667	0.166667	0.0833333	0.0833333	0.25
0.0612245	0.122449	0.0408163	0.714286	0.0612245
0.473684	0.315789	0.0526316	0.105263	0.0526316
0.581395	0.0232558	0.139535	0.0465116	0.209302
0.317073	0.146341	0.0731707	0.439024	0.0243902
0.145594	0.122605	0.130268	0.478927	0.122605
0.40625	0.0625	0.25	0.25	0.03125
0.413333	0.04	0.0133333	0.52	0.0133333
0.037037	0.111111	0.111111	0.703704	0.037037
0.411765	0.129412	0.294118	0.0470588	0.117647
0.363636	0.409091	0.0909091	0.0454545	0.0909091
0.214286	0.142857	0.428571	0.0714286	0.142857
0.204082	0.673469	0.0408163	0.0612245	0.0204082
0.45	0.15	0.1	0.25	0.05
0.181818	0.0909091	0.0454545	0.636364	0.0454545
0.833333	0.0714286	0.0238095	0.0119048	0.0595238
0.436364	0.145455	0.0727273	0.0545455	0.290909
0.0625	0.40625	0.46875	0.03125	0.03125
0.118881	0.258741	0.195804	0.314685	0.111888
0.245902	0.114754	0.163934	0.42623	0.0491803
0.193548	0.290323	0.322581	0.129032	0.0645161
0.142857	0.190476	0.047619	0.571429	0.047619
0.263158	0.0789474	0.0789474	0.368421	0.210526
0.2	0.2	0.2	0.2	0.2
0.181818	0.0151515	0.0151515	0.772727	0.0151515
0.813953	0.0697674	0.0232558	0.0232558	0.0697674
0.483146	0.0224719	0.0786517	0.404494	0.011236
0.253968	0.539683	0.174603	0.015873	0.015873
0.307692	0.0384615	0.538462	0.0769231	0.0384615
0.480392	0.411765	0.0588235	0.0392157	0.00980392
0.120482	0.240964	0.0722892	0.554217	0.0120482
0.461538	0.153846	0.115385	0.230769	0.0384615
0.0882353	0.117647	0.176471	0.323529	0.294118
0.324324	0.459459	0.0540541	0.135135	0.027027
0.411765	0.176471	0.0588235	0.235294	0.117647
0.0588235	0.0588235	0.117647	0.705882	0.0588235
0.294118	0.117647	0.117647	0.352941	0.117647
0.714286	0.0714286	0.0714286	0.0714286	0.0714286
0.0188679	0.0754717	0.0566038	0.830189	0.0188679
0.153846	0.130769	0.115385	0.584615	0.0153846
0.2	0.2	0.2	0.2	0.2
0.75	0.09375	0.03125	0.03125	0.09375
0.402778	0.0555556	0.152778	0.263889	0.125
0.630824	0.139785	0.0250896	0.00358423	0.200717
0.269231	0.0769231	0.0384615	0.0384615	0.576923
0.333333	0.0666667	0.0666667	0.2	0.333333
0.291667	0.125	0.5	0.0416667	0.0416667
0.3	0.075	0.0625	0.025	0.5375
0.166667	0.166667	0.166667	0.444444	0.0555556
0.4	0.133333	0.133333	0.166667	0.166667
0.5	0.214286	0.0357143	0.107143	0.142857
0.334016	0.272541	0.106557	0.0143443	0.272541
0.285714	0.047619	0.047619	0.0952381	0.52381
0.454545	0.0909091	0.0909091	0.181818	0.181818
0.342105	0.0328947	0.0921053	0.5	0.0328947
0.209677	0.290323	0.443548	0.016129	0.0403226
0.130285	0.079646	0.0619469	0.00491642	0.723206
0.738095	0.0714286	0.0238095	0.0952381	0.0714286
0.310345	0.0344828	0.172414	0.448276	0.0344828
0.123333	0.0366667	0.183333	0.573333	0.0833333
0.213115	0.0655738	0.213115	0.491803	0.0163934
0.333333	0.125	0.333333	0.125	0.0833333
0.738462	0.0923077	0.0461538	0.0461538	0.0769231
0.666667	0.0740741	0.12963	0.0740741	0.0555556
0.469072	0.0154639	0.0309278	0.0360825	0.448454
0.483871	0.0430108	0.0537634	0.408602	0.0107527
0.037037	0.333333	0.037037	0.259259	0.333333
0.106849	0.0876712	0.0356164	0.0219178	0.747945
0.189189	0.702703	0.0540541	0.027027	0.027027
0.344828	0.0114943	0.0114943	0.0114943	0.62069
0.27027	0.108108	0.459459	0.108108	0.0540541
0.137681	0.210145	0.0869565	0.0217391	0.543478
0.545455	0.030303	0.030303	0.0606061	0.333333
0.666667	0.0555556	0.166667	0.0555556	0.0555556
0.584615	0.330769	0.0384615	0.00769231	0.0384615
0.2	0.133333	0.433333	0.166667	0.0666667
0.166667	0.0416667	0.458333	0.166667	0.166667
0.416667	0.166667	0.0166667	0.166667	0.233333
0.141414	0.505051	0.313131	0.020202	0.020202
0.457627	0.0508475	0.0847458	0.389831	0.0169492
0.136364	0.0757576	0.0909091	0.681818	0.0151515
0.357143	0.0357143	0.107143	0.428571	0.0714286
0.294118	0.0196078	0.27451	0.352941	0.0588235
0.272727	0.659091	0.0227273	0.0227273	0.0227273
0.111111	0.111111	0.111111	0.333333	0.333333
0.2	0.114286	0.171429	0.485714	0.0285714
0.253112	0.0497925	0.0290456	0.0165975	0.651452
0.337793	0.0451505	0.0317726	0.0250836	0.560201
0.481481	0.0740741	0.222222	0.185185	0.037037
0.233766	0.038961	0.038961	0.025974	0.662338
0.642857	0.0714286	0.142857	0.0714286	0.0714286
0.222222	0.015873	0.111111	0.634921	0.015873
0.369748	0.092437	0.121849	0.365546	0.0504202
0.26087	0.108696	0.0652174	0.152174	0.413043
0.333333	0.0701754	0.0701754	0.508772	0.0175439
0.133333	0.133333	0.133333	0.4	0.2
0.861111	0.0277778	0.0277778	0.0555556	0.0277778
0.130298	0.0680794	0.738954	0.012624	0.0500451
0.333333	0.166667	0.166667	0.166667	0.166667
0.356436	0.207921	0.039604	0.019802	0.376238
0.454545	0.0909091	0.272727	0.0909091	0.0909091
0.0626536	0.0515971	0.0614251	0.764128	0.0601966
0.538624	0.0391534	0.00634921	0.0126984	0.403175
0.107143	0.75	0.0357143	0.0357143	0.0714286
0.350649	0.012987	0.025974	0.012987	0.597403
0.172347	0.196689	0.537488	0.0214216	0.0720545
0.777778	0.0555556	0.0833333	0.0555556	0.0277778
0.444444	0.166667	0.111111	0.111111	0.166667
0.714286	0.0714286	0.0357143	0.0357143	0.142857
0.2	0.4	0.2	0.0666667	0.133333
0.483516	0.010989	0.043956	0.450549	0.010989
0.28125	0.21875	0.09375	0.28125	0.125
0.214286	0.261905	0.285714	0.214286	0.0238095
0.574074	0.0925926	0.111111	0.0185185	0.203704
0.322581	0.0967742	0.0645161	0.0645161	0.451613
0.378788	0.272727	0.0454545	0.272727	0.030303
0.65	0.15	0.05	0.05	0.1
0.691176	0.0514706	0.102941	0.0294118	0.125
0.428571	0.047619	0.142857	0.333333	0.047619
0.0588235	0.0882353	0.176471	0.647059	0.0294118
0.206897	0.172414	0.344828	0.0344828	0.241379
0.459459	0.027027	0.351351	0.0540541	0.108108
0.521739	0.130435	0.0869565	0.0434783	0.217391
0.789474	0.0526316	0.0526316	0.0526316	0.0526316
0.153846	0.230769	0.0769231	0.461538	0.0769231
0.211538	0.0384615	0.0576923	0.634615	0.0576923
0.2	0.2	0.2	0.2	0.2
0.462687	0.0298507	0.298507	0.19403	0.0149254
0.245283	0.226415	0.301887	0.132075	0.0943396
0.4375	0.0625	0.3125	0.125	0.0625
0.0526316	0.131579	0.684211	0.0789474	0.0526316
0.402985	0.0149254	0.0746269	0.00995025	0.497512
0.382022	0.0337079	0.0898876	0.449438	0.0449438
0.294118	0.117647	0.0588235	0.470588	0.0588235
0.283333	0.183333	0.0833333	0.4	0.05
0.848485	0.0606061	0.030303	0.030303	0.030303
0.673913	0.173913	0.0217391	0.0217391	0.108696
0.26	0.62	0.04	0.04	0.04
0.635514	0.121495	0.00934579	0.0654206	0.168224
0.111111	0.222222	0.185185	0.259259	0.222222
0.2	0.2	0.2	0.2	0.2
0.30622	0.0574163	0.583732	0.00478469	0.0478469
0.369565	0.152174	0.173913	0.0434783	0.26087
0.631579	0.157895	0.0526316	0.0526316	0.105263
0.282609	0.0869565	0.0652174	0.456522	0.108696
0.35	0.2	0.05	0.3	0.1
0.470588	0.0294118	0.0294118	0.382353	0.0882353
0.377049	0.491803	0.0163934	0.0491803	0.0655738
0.368421	0.263158	0.0526316	0.210526	0.105263
0.375	0.0625	0.1875	0.1875	0.1875
0.123077	0.123077	0.0923077	0.584615	0.0769231
0.4	0.05	0.1	0.25	0.2
0.261792	0.0636792	0.0518868	0.00235849	0.620283
0.482353	0.0941176	0.0941176	0.0117647	0.317647
0.416667	0.0277778	0.0277778	0.472222	0.0555556
0.785714	0.0714286	0.0357143	0.0357143	0.0714286
0.0612245	0.183673	0.653061	0.0816327	0.0204082
0.356322	0.045977	0.045977	0.528736	0.0229885
0.210526	0.0526316	0.0526316	0.473684	0.210526
0.304348	0.0434783	0.173913	0.434783	0.0434783
0.296296	0.259259	0.037037	0.148148	0.259259
0.344828	0.0344828	0.206897	0.310345	0.103448
0.259259	0.111111	0.37037	0.0740741	0.185185
0.483333	0.416667	0.05	0.0166667	0.0333333
0.137931	0.586207	0.103448	0.0689655	0.103448
0.375	0.125	0.125	0.25	0.125
0.141026	0.0641026	0.0128205	0.0384615	0.74359
0.349398	0.120482	0.301205	0.180723	0.0481928
0.591837	0.0408163	0.183673	0.0204082	0.163265
0.5	0.1	0.1	0.1	0.2
0.207207	0.027027	0.216216	0.513514	0.036036
0.55102	0.0816327	0.0204082	0.306122	0.0408163
0.35	0.1	0.1	0.2	0.25
0.735294	0.147059	0.0588235	0.0294118	0.0294118
0.553571	0.0178571	0.321429	0.0535714	0.0535714
0.0614525	0.206704	0.592179	0.0446927	0.0949721
0.0606061	0.121212	0.393939	0.393939	0.030303
0.577465	0.0140845	0.0422535	0.0422535	0.323944
0.333333	0.233333	0.233333	0.1	0.1
0.522727	0.238636	0.0113636	0.0113636	0.215909
0.747423	0.0360825	0.146907	0.0463918	0.0231959
0.0714286	0.0714286	0.107143	0.607143	0.142857
0.2	0.2	0.4	0.1	0.1
0.528302	0.245283	0.0754717	0.0566038	0.0943396
0.227273	0.0454545	0.590909	0.0909091	0.0454545
0.483871	0.129032	0.0645161	0.0322581	0.290323
0.272727	0.0909091	0.0909091	0.363636	0.181818
0.352273	0.170455	0.0340909	0.409091	0.0340909
0.0923077	0.131624	0.102564	0.025641	0.647863
0.311111	0.133333	0.311111	0.222222	0.0222222
0.2	0.2	0.2	0.2	0.2
0.85	0.075	0.025	0.025	0.025
0.434783	0.0869565	0.0869565	0.347826	0.0434783
0.253521	0.0704225	0.112676	0.549296	0.0140845
0.266667	0.0666667	0.0666667	0.466667	0.133333
0.0909091	0.0909091	0.181818	0.545455	0.0909091
0.388889	0.166667	0.25	0.0277778	0.166667
0.302326	0.0930233	0.0232558	0.534884	0.0465116
0.352941	0.352941	0.0588235	0.117647	0.117647
0.583333	0.291667	0.0416667	0.0416667	0.0416667
0.453704	0.0185185	0.212963	0.296296	0.0185185
0.251196	0.0358852	0.00717703	0.00956938	0.696172
0.3125	0.0625	0.0625	0.5	0.0625
0.166667	0.0833333	0.583333	0.0833333	0.0833333
0.1	0.05	0.32	0.5	0.03
0.777778	0.0277778	0.0277778	0.111111	0.0555556
0.488889	0.0666667	0.244444	0.111111	0.0888889
0.0458716	0.00917431	0.0458716	0.0275229	0.87156
0.553191	0.0851064	0.0212766	0.0638298	0.276596
0.241935	0.66129	0.0483871	0.0322581	0.016129
0.428571	0.151786	0.142857	0.232143	0.0446429
0.380952	0.142857	0.333333	0.0952381	0.047619
0.317647	0.133333	0.027451	0.0392157	0.482353
0.158055	0.12462	0.0881459	0.0151976	0.613982
0.293333	0.64	0.0133333	0.0266667	0.0266667
0.111111	0.111111	0.333333	0.222222	0.222222
0.261494	0.574713	0.066092	0.00862069	0.0890805
0.0119048	0.119048	0.285714	0.571429	0.0119048
0.227545	0.0778443	0.0179641	0.0179641	0.658683
0.215761	0.0923913	0.645109	0.011413	0.0353261
0.657143	0.131429	0.0114286	0.108571	0.0914286
0.342105	0.0789474	0.5	0.0526316	0.0263158
0.444444	0.488889	0.0222222	0.0222222	0.0222222
0.3	0.1	0.2	0.3	0.1
0.215686	0.686275	0.0196078	0.0588235	0.0196078
0.2	0.2	0.2	0.2	0.2
0.432432	0.0135135	0.0135135	0.027027	0.513514
0.318182	0.0909091	0.409091	0.136364	0.0454545
0.470588	0.235294	0.0588235	0.117647	0.117647
0.171717	0.0808081	0.0606061	0.676768	0.010101
0.822222	0.0833333	0.0333333	0.05	0.0111111
0.254237	0.186441	0.254237	0.271186	0.0338983
0.5	0.0833333	0.0833333	0.25	0.0833333
0.285714	0.142857	0.142857	0.142857	0.285714
0.363636	0.159091	0.113636	0.340909	0.0227273
0.285714	0.047619	0.238095	0.0952381	0.333333
0.0952381	0.190476	0.571429	0.0952381	0.047619
0.2	0.2	0.2	0.2	0.2
0.25	0.25	0.125	0.125	0.25
0.184211	0.105263	0.105263	0.210526	0.394737
0.811321	0.0188679	0.0188679	0.0754717	0.0754717
0.411765	0.0588235	0.117647	0.294118	0.117647
0.2	0.2	0.2	0.2	0.2
0.333333	0.133333	0.0666667	0.266667	0.2
0.375	0.125	0.125	0.125	0.25
0.291667	0.0694444	0.111111	0.152778	0.375
0.12	0.08	0.08	0.04	0.68
0.153846	0.0769231	0.153846	0.153846	0.461538
0.805755	0.0503597	0.0359712	0.057554	0.0503597
0.326531	0.183673	0.0408163	0.0204082	0.428571
0.261538	0.0307692	0.107692	0.584615	0.0153846
0.770492	0.114754	0.0163934	0.0819672	0.0163934
0.3125	0.0625	0.125	0.0625	0.4375
0.2	0.2	0.2	0.2	0.2
0.772727	0.030303	0.0757576	0.0757576	0.0454545
0.571429	0.0285714	0.0857143	0.114286	0.2
0.52381	0.166667	0.0238095	0.119048	0.166667
0.123457	0.382716	0.0987654	0.0740741	0.320988
0.28169	0.352113	0.239437	0.112676	0.0140845
0.409091	0.227273	0.0909091	0.136364	0.136364
0.545455	0.0909091	0.0454545	0.272727	0.0454545
0.311475	0.606557	0.0163934	0.0163934	0.0491803
0.125	0.0555556	0.25	0.555556	0.0138889
0.0625	0.03125	0.09375	0.78125	0.03125
0.625	0.0340909	0.0227273	0.306818	0.0113636
0.342857	0.428571	0.0285714	0.0571429	0.142857
0.419355	0.0645161	0.387097	0.0322581	0.0967742
0.631579	0.0526316	0.0526316	0.0526316	0.210526
0.181818	0.0909091	0.181818	0.363636	0.181818
0.565217	0.108696	0.23913	0.0434783	0.0434783
0.176471	0.117647	0.0588235	0.617647	0.0294118
0.25	0.5	0.125	0.0625	0.0625
0.2	0.2	0.2	0.1	0.3
0.604651	0.0232558	0.255814	0.0697674	0.0465116
0.36	0.08	0.12	0.2	0.24
0.428571	0.0714286	0.0714286	0.214286	0.214286
0.517241	0.241379	0.0344828	0.172414	0.0344828
0.336	0.048	0.072	0.528	0.016
0.3125	0.3125	0.0625	0.25	0.0625
0.306306	0.630631	0.00900901	0.045045	0.00900901
0.16	0.64	0.04	0.08	0.08
0.166667	0.0833333	0.305556	0.361111	0.0833333
0.630435	0.152174	0.152174	0.057971	0.00724638
0.363636	0.0909091	0.181818	0.272727	0.0909091
0.311475	0.0819672	0.377049	0.131148	0.0983607
0.377358	0.0566038	0.471698	0.0188679	0.0754717
0.181818	0.0909091	0.0909091	0.272727	0.363636
0.412844	0.0733945	0.46789	0.0366972	0.00917431
0.111111	0.222222	0.222222	0.388889	0.0555556
0.25	0.25	0.25	0.125	0.125
0.285714	0.142857	0.285714	0.142857	0.142857
0.3	0.1	0.1	0.3	0.2
0.612245	0.0816327	0.0816327	0.0612245	0.163265
0.380952	0.238095	0.142857	0.0952381	0.142857
0.210526	0.315789	0.263158	0.0526316	0.157895
0.1875	0.0208333	0.395833	0.333333	0.0625
0.333333	0.0952381	0.333333	0.190476	0.047619
0.3	0.1	0.2	0.05	0.35
0.813333	0.0266667	0.0266667	0.0266667	0.106667
0.142857	0.0714286	0.0357143	0.714286	0.0357143
0.471264	0.045977	0.0229885	0.425287	0.0344828
0.568182	0.0454545	0.159091	0.0681818	0.159091
0.326087	0.0380435	0.00543478	0.00543478	0.625
0.5125	0.1375	0.0375	0.2875	0.025
0.315789	0.184211	0.131579	0.0263158	0.342105
0.0952381	0.0238095	0.666667	0.190476	0.0238095
0.249417	0.0652681	0.0559441	0.00932401	0.620047
0.157895	0.210526	0.263158	0.0526316	0.315789
0.132075	0.0943396	0.207547	0.54717	0.0188679
0.375	0.291667	0.145833	0.166667	0.0208333
0.72093	0.0549683	0.0401691	0.0845666	0.0993658
0.2	0.64	0.08	0.04	0.04
0.291667	0.0833333	0.25	0.291667	0.0833333
0.0645161	0.0645161	0.580645	0.16129	0.129032
0.621622	0.0540541	0.108108	0.189189	0.027027
0.0555556	0.0555556	0.111111	0.666667	0.111111
0.136364	0.136364	0.181818	0.5	0.0454545
0.310811	0.027027	0.310811	0.283784	0.0675676
0.240741	0.0185185	0.148148	0.555556	0.037037
0.306818	0.102273	0.0795455	0.0227273	0.488636
0.454545	0.0909091	0.327273	0.0727273	0.0545455
0.235294	0.0588235	0.156863	0.529412	0.0196078
0.194595	0.0108108	0.00540541	0.00540541	0.783784
0.631579	0.0263158	0.118421	0.197368	0.0263158
0.2	0.2	0.2	0.2	0.2
0.397163	0.432624	0.0070922	0.035461	0.12766
0.526316	0.210526	0.0263158	0.0394737	0.197368
0.166667	0.166667	0.0833333	0.25	0.333333
0.362069	0.103448	0.0172414	0.0344828	0.482759
0.651515	0.0454545	0.030303	0.0151515	0.257576
0.541667	0.319444	0.0277778	0.0138889	0.0972222
0.384615	0.107692	0.0153846	0.0153846	0.476923
0.557377	0.270492	0.00819672	0.057377	0.106557
0.380952	0.380952	0.142857	0.047619	0.047619
0.0588235	0.117647	0.0588235	0.588235	0.176471
0.328947	0.421053	0.0263158	0.0657895	0.157895
0.447368	0.0789474	0.131579	0.289474	0.0526316
0.44	0.04	0.04	0.04	0.44
0.431818	0.136364	0.0340909	0.295455	0.102273
0.15625	0.75	0.03125	0.03125	0.03125
0.342466	0.0136986	0.150685	0.479452	0.0136986
0.333333	0.454545	0.0909091	0.030303	0.0909091
0.53125	0.03125	0.25	0.125	0.0625
0.153846	0.0384615	0.653846	0.0769231	0.0769231
0.212121	0.363636	0.242424	0.151515	0.030303
0.52381	0.0793651	0.015873	0.031746	0.349206
0.384615	0.0769231	0.0769231	0.0769231	0.384615
0.311111	0.488889	0.0888889	0.0666667	0.0444444
0.594595	0.364865	0.0135135	0.0135135	0.0135135
0.0909091	0.181818	0.454545	0.181818	0.0909091
0.318182	0.181818	0.136364	0.318182	0.0454545
0.2	0.2	0.1	0.2	0.3
0.651163	0.209302	0.0232558	0.0930233	0.0232558
0.647059	0.117647	0.0588235	0.117647	0.0588235
0.565217	0.115942	0.0724638	0.057971	0.188406
0.0447514	0.0342541	0.881215	0.0342541	0.00552486
0.594595	0.0810811	0.0810811	0.216216	0.027027
0.208333	0.645833	0.0208333	0.0625	0.0625
0.411765	0.0588235	0.0588235	0.0588235	0.411765
0.0877193	0.0526316	0.0701754	0.736842	0.0526316
0.431818	0.295455	0.0681818	0.0454545	0.159091
0.0980392	0.0980392	0.0196078	0.764706	0.0196078
0.0666667	0.0933333	0.0666667	0.746667	0.0266667
0.2	0.0285714	0.571429	0.142857	0.0571429
0.371595	0.114786	0.0428016	0.00389105	0.466926
0.647059	0.117647	0.117647	0.0588235	0.0588235
0.307692	0.358974	0.128205	0.153846	0.0512821
0.2	0.2	0.2	0.2	0.2
0.2	0.2	0.2	0.2	0.2
0.509589	0.257534	0.0821918	0.0164384	0.134247
0.0520833	0.0729167	0.291667	0.572917	0.0104167
0.470588	0.235294	0.0588235	0.176471	0.0588235
0.00682594	0.0170648	0.0119454	0.950512	0.0136519
0.0967742	0.0322581	0.0322581	0.806452	0.0322581
0.213333	0.0266667	0.04	0.693333	0.0266667
0.377358	0.0377358	0.528302	0.0377358	0.0188679
0.533333	0.0666667	0.133333	0.2	0.0666667
0.180328	0.0163934	0.295082	0.491803	0.0163934
0.25	0.25	0.125	0.25	0.125
0.317073	0.0243902	0.268293	0.292683	0.097561
0.189189	0.135135	0.108108	0.540541	0.027027
0.391304	0.347826	0.0434783	0.0869565	0.130435
0.5	0.0555556	0.222222	0.166667	0.0555556
0.285714	0.0357143	0.107143	0.5	0.0714286
0.431373	0.374332	0.083779	0.087344	0.0231729
0.396226	0.188679	0.358491	0.0188679	0.0377358
0.8125	0.0208333	0.0208333	0.0416667	0.104167
0.789474	0.0526316	0.0526316	0.0526316	0.0526316
0.2	0.2	0.2	0.2	0.2
0.393939	0.0606061	0.121212	0.030303	0.393939
0.454545	0.227273	0.136364	0.0454545	0.136364
0.176471	0.176471	0.117647	0.470588	0.0588235
0.222222	0.222222	0.222222	0.111111	0.222222
0.233333	0.6	0.1	0.0333333	0.0333333
0.295775	0.112676	0.0422535	0.028169	0.521127
0.368421	0.0526316	0.0526316	0.473684	0.0526316
0.541667	0.0416667	0.1875	0.208333	0.0208333
0.307692	0.446154	0.123077	0.0153846	0.107692
0.107969	0.0989717	0.0488432	0.00128535	0.742931
0.247706	0.137615	0.440367	0.0825688	0.0917431
0.450704	0.0704225	0.15493	0.295775	0.028169
0.35	0.05	0.35	0.2	0.05
0.0987654	0.0246914	0.0864198	0.777778	0.0123457
0.258065	0.145161	0.354839	0.209677	0.0322581
0.407407	0.0987654	0.419753	0.0246914	0.0493827
0.55814	0.0697674	0.325581	0.0232558	0.0232558
0.351852	0.037037	0.0462963	0.00925926	0.555556
0.0444444	0.155556	0.0222222	0.711111	0.0666667
0.166667	0.166667	0.166667	0.166667	0.333333
0.666667	0.208333	0.0416667	0.0416667	0.0416667
0.578947	0.157895	0.105263	0.105263	0.0526316
0.234177	0.120253	0.474684	0.0759494	0.0949367
0.2	0.2	0.2	0.2	0.2
0.2	0.2	0.2	0.2	0.2
0.363636	0.0454545	0.454545	0.0909091	0.0454545
0.392157	0.117647	0.196078	0.27451	0.0196078
0.136439	0.121464	0.0490849	0.0166389	0.676373
0.454545	0.181818	0.0909091	0.181818	0.0909091
0.0526316	0.105263	0.0526316	0.684211	0.105263
0.166667	0.1	0.0666667	0.6	0.0666667
0.26087	0.130435	0.26087	0.304348	0.0434783
0.192308	0.00961538	0.0673077	0.519231	0.211538
0.2	0.2	0.2	0.2	0.2
0.0555556	0.0277778	0.0555556	0.694444	0.166667
0.833333	0.0681818	0.030303	0.030303	0.0378788
0.515152	0.0454545	0.0757576	0.030303	0.333333
0.294118	0.0392157	0.117647	0.470588	0.0784314
0.45	0.25	0.05	0.05	0.2
0.122449	0.755102	0.0204082	0.0204082	0.0816327
0.55	0.35	0.0166667	0.0166667	0.0666667
0.627907	0.0697674	0.255814	0.0232558	0.0232558
0.5	0.125	0.125	0.125	0.125
0.166667	0.277778	0.444444	0.0555556	0.0555556
0.388889	0.166667	0.222222	0.166667	0.0555556
0.255814	0.325581	0.232558	0.162791	0.0232558
0.534591	0.0220126	0.0125786	0.0471698	0.383648
0.555556	0.0555556	0.166667	0.0555556	0.166667
0.142857	0.428571	0.142857	0.142857	0.142857
0.321429	0.0714286	0.142857	0.214286	0.25
0.24	0.08	0.52	0.12	0.04
0.140221	0.095941	0.0664207	0.0332103	0.664207
0.912281	0.0175439	0.0175439	0.0175439	0.0350877
0.434783	0.0869565	0.0869565	0.0869565	0.304348
0.277778	0.0740741	0.5	0.0925926	0.0555556
0.555556	0.166667	0.0555556	0.111111	0.111111
0.142857	0.530612	0.265306	0.0204082	0.0408163
0.858974	0.0384615	0.0128205	0.0769231	0.0128205
0.333333	0.222222	0.222222	0.194444	0.0277778
0.2	0.2	0.2	0.2	0.2
0.2	0.2	0.2	0.2	0.2
0.612903	0.0322581	0.193548	0.0645161	0.0967742
0.5	0.0714286	0.0714286	0.285714	0.0714286
0.266667	0.166667	0.5	0.0333333	0.0333333
0.0582878	0.517304	0.0692168	0.00728597	0.347905
0.470588	0.352941	0.0588235	0.0588235	0.0588235
0.423729	0.440678	0.039548	0.0564972	0.039548
0.190476	0.142857	0.0952381	0.5	0.0714286
0.260163	0.0243902	0.593496	0.105691	0.0162602
0.464286	0.0535714	0.196429	0.25	0.0357143
0.513514	0.0540541	0.162162	0.135135	0.135135
0.613861	0.158416	0.0693069	0.118812	0.039604
0.235294	0.0588235	0.352941	0.0588235	0.294118
0.198895	0.160221	0.375691	0.0441989	0.220994
0.233333	0.2	0.1	0.366667	0.1
0.444444	0.166667	0.111111	0.222222	0.0555556
0.309524	0.047619	0.404762	0.0238095	0.214286
0.142857	0.678571	0.0357143	0.107143	0.0357143
0.180556	0.0138889	0.138889	0.583333	0.0833333
0.2	0.2	0.2	0.2	0.2
0.2	0.2	0.2	0.2	0.2
0.44	0.0666667	0.426667	0.0266667	0.04
0.504065	0.138211	0.0243902	0.178862	0.154472
0.166667	0.166667	0.166667	0.333333	0.166667
0.4	0.2	0.1	0.15	0.15
0.793478	0.0543478	0.0652174	0.076087	0.0108696
0.457143	0.157143	0.114286	0.0285714	0.242857
0.173077	0.0576923	0.134615	0.576923	0.0576923
0.35503	0.207101	0.159763	0.236686	0.0414201
0.380952	0.119048	0.047619	0.428571	0.0238095
0.4	0.16	0.28	0.12	0.04
0.0363636	0.0363636	0.0545455	0.836364	0.0363636
0.142857	0.142857	0.142857	0.142857	0.428571
0.62963	0.111111	0.037037	0.0740741	0.148148
0.355932	0.0847458	0.457627	0.0338983	0.0677966
0.508197	0.0327869	0.377049	0.0655738	0.0163934
0.0769231	0.153846	0.0961538	0.0384615	0.634615
0.666667	0.0238095	0.0714286	0.119048	0.119048
0.230769	0.0769231	0.0769231	0.307692	0.307692
0.307692	0.184615	0.323077	0.0461538	0.138462
0.1875	0.25	0.25	0.25	0.0625
0.314607	0.123596	0.258427	0.101124	0.202247
0.333333	0.111111	0.111111	0.222222	0.222222
0.125	0.0416667	0.0833333	0.0833333	0.666667
0.333333	0.166667	0.166667	0.166667	0.166667
0.0163934	0.114754	0.180328	0.672131	0.0163934
0.128686	0.243968	0.493298	0.077748	0.0563003
0.466667	0.0666667	0.266667	0.0666667	0.133333
0.2	0.2	0.2	0.2	0.2
0.358974	0.0512821	0.25641	0.307692	0.025641
0.0869565	0.434783	0.217391	0.0869565	0.173913
0.370968	0.0645161	0.193548	0.322581	0.0483871
0.301075	0.0215054	0.0107527	0.0537634	0.612903
0.246622	0.280405	0.317568	0.0743243	0.0810811
0.565217	0.0434783	0.0869565	0.26087	0.0434783
0.235294	0.0196078	0.294118	0.333333	0.117647
0.2	0.133333	0.0666667	0.533333	0.0666667
0.4	0.2	0.0909091	0.0181818	0.290909
0.616279	0.261628	0.104651	0.00581395	0.0116279
0.375	0.0416667	0.0833333	0.375	0.125
0.393258	0.202247	0.0561798	0.292135	0.0561798
0.0561404	0.0280702	0.122807	0.785965	0.00701754
0.540541	0.135135	0.027027	0.0810811	0.216216
0.290909	0.0545455	0.2	0.436364	0.0181818
0.132075	0.0943396	0.0754717	0.150943	0.54717
0.111111	0.222222	0.111111	0.333333	0.222222
0.174051	0.0537975	0.0221519	0.00632911	0.743671
0.107274	0.0242469	0.829537	0.0117561	0.0271859
0.0909091	0.0909091	0.0454545	0.0454545	0.727273
0.742857	0.0571429	0.114286	0.0285714	0.0571429
0.611111	0.277778	0.0185185	0.0555556	0.037037
0.238095	0.047619	0.047619	0.52381	0.142857
0.185185	0.111111	0.185185	0.333333	0.185185
0.190476	0.190476	0.333333	0.238095	0.047619
0.40625	0.1875	0.25	0.09375	0.0625
0.153846	0.115385	0.576923	0.115385	0.0384615
0.2	0.2	0.2	0.2	0.2
0.5	0.0384615	0.115385	0.0384615	0.307692
0.545455	0.0909091	0.0909091	0.0909091	0.181818
0.0319149	0.0425532	0.0106383	0.0319149	0.882979
0.0434783	0.228261	0.684783	0.0217391	0.0217391
0.288462	0.0769231	0.269231	0.230769	0.134615
0.5	0.09375	0.09375	0.296875	0.015625
0.27451	0.0392157	0.0196078	0.0196078	0.647059
0.307692	0.153846	0.0769231	0.384615	0.0769231
0.166667	0.111111	0.416667	0.277778	0.0277778
0.223881	0.313433	0.00995025	0.0298507	0.422886
0.2	0.0666667	0.533333	0.0666667	0.133333
0.529412	0.176471	0.117647	0.147059	0.0294118
0.285714	0.238095	0.047619	0.0952381	0.333333
0.0909091	0.204545	0.181818	0.0227273	0.5
0.405405	0.108108	0.0810811	0.243243	0.162162
0.4	0.2	0.2	0.1	0.1
0.820513	0.025641	0.025641	0.0512821	0.0769231
0.416667	0.0833333	0.166667	0.125	0.208333
0.352941	0.117647	0.0588235	0.411765	0.0588235
0.514286	0.285714	0.0571429	0.114286	0.0285714
0.590164	0.0163934	0.114754	0.0327869	0.245902
0.26	0.06	0.2	0.04	0.44
0.8	0.0333333	0.0333333	0.0666667	0.0666667
0.357143	0.0714286	0.142857	0.0714286	0.357143
0.190476	0.0952381	0.0952381	0.0952381	0.52381
0.333333	0.111111	0.222222	0.222222	0.111111
0.678571	0.0357143	0.0357143	0.0714286	0.178571
0.360656	0.147541	0.0327869	0.0327869	0.42623
0.375	0.125	0.125	0.25	0.125
0.333333	0.166667	0.166667	0.166667	0.166667
0.298246	0.0526316	0.0175439	0.614035	0.0175439
0.293103	0.0517241	0.327586	0.0517241	0.275862
0.652174	0.0434783	0.0434783	0.217391	0.0434783
0.0833333	0.0833333	0.166667	0.5	0.166667
0.44898	0.44898	0.0204082	0.0204082	0.0612245
0.323864	0.0681818	0.0397727	0.5625	0.00568182
0.597561	0.0853659	0.097561	0.109756	0.109756
0.625	0.166667	0.0833333	0.0833333	0.0416667
0.48	0.04	0.16	0.12	0.2
0.307692	0.0769231	0.153846	0.0769231	0.384615
0.125	0.5	0.125	0.125	0.125
0.285714	0.0238095	0.0952381	0.547619	0.047619
0.572464	0.057971	0.0144928	0.0362319	0.318841
0.380952	0.5	0.0238095	0.047619	0.047619
0.428571	0.0714286	0.285714	0.0714286	0.142857
0.3	0.3	0.1	0.1	0.2
0.122807	0.0526316	0.631579	0.175439	0.0175439
0.291971	0.437956	0.131387	0.0583942	0.080292
0.2	0.05	0.05	0.05	0.65
0.214286	0.214286	0.357143	0.0238095	0.190476
0.25	0.0625	0.1875	0.0625	0.4375
0.222222	0.037037	0.0740741	0.037037	0.62963
0.142857	0.285714	0.214286	0.214286	0.142857
0.504	0.224	0.08	0.176	0.016
0.59375	0.03125	0.1875	0.0625	0.125
0.1	0.05	0.2	0.45	0.2
0.5	0.0833333	0.333333	0.0416667	0.0416667
0.192308	0.0384615	0.0384615	0.653846	0.0769231
0.383721	0.0581395	0.104651	0.430233	0.0232558
0.631579	0.0526316	0.105263	0.105263	0.105263
0.4	0.1	0.2	0.1	0.2
0.291667	0.0625	0.333333	0.291667	0.0208333
0.26087	0.217391	0.0869565	0.304348	0.130435
0.181818	0.0909091	0.409091	0.272727	0.0454545
0.285714	0.0952381	0.142857	0.428571	0.047619
0.538462	0.153846	0.0769231	0.153846	0.0769231
0.404762	0.119048	0.238095	0.0238095	0.214286
0.2	0.2	0.2	0.2	0.2
0.352941	0.0588235	0.323529	0.205882	0.0588235
0.219512	0.426829	0.109756	0.0121951	0.231707
0.444444	0.0555556	0.166667	0.277778	0.0555556
0.235294	0.676471	0.0294118	0.0294118	0.0294118
0.1	0.3	0.3	0.1	0.2
0.0526316	0.0526316	0.157895	0.526316	0.210526
0.466667	0.26	0.00666667	0.00666667	0.26
0.457143	0.0285714	0.2	0.0285714	0.285714
0.558824	0.235294	0.0294118	0.0588235	0.117647
0.307692	0.107692	0.138462	0.0615385	0.384615
0.40625	0.0625	0.34375	0.125	0.0625
0.363636	0.0909091	0.0909091	0.0909091	0.363636
0.0526316	0.0526316	0.0526316	0.789474	0.0526316
0.805825	0.0291262	0.0485437	0.0776699	0.038835
0.0041841	0.820084	0.0083682	0.0711297	0.0962343
0.517241	0.172414	0.206897	0.0689655	0.0344828
0.25	0.3125	0.25	0.0625	0.125
0.4375	0.0625	0.09375	0.375	0.03125
0.317881	0.102649	0.304636	0.221854	0.0529801
0.470588	0.117647	0.0588235	0.0588235	0.294118
0.375	0.125	0.125	0.25	0.125
0.181818	0.136364	0.5	0.136364	0.0454545
0.416667	0.25	0.0833333	0.0833333	0.166667
0.75	0.0416667	0.0833333	0.0833333	0.0416667
0.047619	0.333333	0.285714	0.285714	0.047619
0.230769	0.0769231	0.269231	0.384615	0.0384615
0.166667	0.119048	0.333333	0.309524	0.0714286
0.2	0.133333	0.133333	0.488889	0.0444444
0.287671	0.493151	0.0136986	0.0136986	0.191781
0.307692	0.025641	0.179487	0.435897	0.0512821
0.382353	0.147059	0.411765	0.0294118	0.0294118
0.418182	0.236364	0.0727273	0.0727273	0.2
0.40625	0.15625	0.15625	0.03125	0.25
0.0909091	0.363636	0.181818	0.136364	0.227273
0.26	0.04	0.02	0.02	0.66
0.125	0.25	0.0625	0.0625	0.5
0.636364	0.121212	0.0606061	0.0606061	0.121212
0.454023	0.0545977	0.0574713	0.00574713	0.428161
0.191489	0.0212766	0.170213	0.531915	0.0851064
0.176471	0.647059	0.0294118	0.0882353	0.0588235
0.365079	0.0714286	0.246032	0.301587	0.015873
0.222222	0.111111	0.111111	0.444444	0.111111
0.227273	0.454545	0.159091	0.0909091	0.0681818
0.25	0.03125	0.625	0.0625	0.03125
0.3	0.2	0.25	0.15	0.1
0.433333	0.1	0.0666667	0.35	0.05
0.444444	0.0277778	0.0555556	0.0555556	0.416667
0.0461538	0.0461538	0.861538	0.0153846	0.0307692
0.461538	0.192308	0.0769231	0.0384615	0.230769
0.703704	0.037037	0.037037	0.037037	0.185185
0.326923	0.134615	0.442308	0.0192308	0.0769231
0.294118	0.0588235	0.0588235	0.235294	0.352941
0.444444	0.0555556	0.0555556	0.166667	0.277778
0.446154	0.0307692	0.184615	0.292308	0.0461538
0.113208	0.0566038	0.0628931	0.0440252	0.72327
0.350649	0.0454545	0.0714286	0.525974	0.00649351
0.318182	0.363636	0.0454545	0.0454545	0.227273
0.294964	0.0920863	0.0805755	0.0129496	0.519424
0.537634	0.172043	0.0107527	0.0215054	0.258065
0.903654	0.0531561	0.00664452	0.00332226	0.0332226
0.346056	0.0992366	0.00763359	0.0101781	0.536896
0.0414071	0.803591	0.0916086	0.0315134	0.0318798
0.428571	0.0285714	0.0857143	0.142857	0.314286
0.047619	0.619048	0.0952381	0.0952381	0.142857
0.641026	0.0512821	0.230769	0.0512821	0.025641
0.170455	0.0539773	0.698864	0.0255682	0.0511364
0.117647	0.0196078	0.0392157	0.588235	0.235294
0.479167	0.0208333	0.0833333	0.395833	0.0208333
0.2	0.2	0.133333	0.266667	0.2
0.222222	0.333333	0.111111	0.222222	0.111111
0.363636	0.121212	0.0606061	0.333333	0.121212
0.277778	0.222222	0.0277778	0.416667	0.0555556
0.48	0.04	0.08	0.32	0.08
0.5	0.0833333	0.0208333	0.0208333	0.375
0.266667	0.133333	0.0666667	0.0333333	0.5
0.666667	0.0634921	0.031746	0.126984	0.111111
0.405405	0.351351	0.0810811	0.0945946	0.0675676
0.162162	0.77027	0.0135135	0.0135135	0.0405405
0.59322	0.0169492	0.169492	0.0338983	0.186441
0.115566	0.0636792	0.0471698	0.00707547	0.766509
0.619048	0.142857	0.047619	0.047619	0.142857
0.856813	0.00692841	0.00461894	0.0577367	0.073903
0.0789474	0.210526	0.236842	0.447368	0.0263158
0.2	0.1	0.4	0.2	0.1
0.444444	0.037037	0.148148	0.296296	0.0740741
0.555556	0.348485	0.0151515	0.040404	0.040404
0.717949	0.025641	0.0769231	0.0512821	0.128205
0.4	0.1	0.1	0.1	0.3
0.380282	0.140845	0.15493	0.309859	0.0140845
0.227273	0.0227273	0.0454545	0.659091	0.0454545
0.266667	0.0311111	0.137778	0.555556	0.00888889
0.677419	0.0322581	0.16129	0.0645161	0.0645161
0.346667	0.28	0.173333	0.12	0.08
0.333333	0.0416667	0.0833333	0.0416667	0.5
0.68	0.08	0.12	0.04	0.08
0.481481	0.037037	0.037037	0.037037	0.407407
0.304348	0.0652174	0.326087	0.282609	0.0217391
0.5	0.194444	0.0833333	0.166667	0.0555556
0.529412	0.0784314	0.0392157	0.215686	0.137255
0.294118	0.176471	0.176471	0.0588235	0.294118
0.815385	0.0923077	0.0307692	0.0307692	0.0307692
0.0689655	0.0344828	0.0344828	0.827586	0.0344828
0.419355	0.16129	0.225806	0.0322581	0.16129
0.571429	0.0714286	0.214286	0.0714286	0.0714286
0.437888	0.00310559	0.0186335	0.00621118	0.534161
0.456522	0.282609	0.130435	0.0434783	0.0869565
0.0555556	0.277778	0.166667	0.333333	0.166667
0.538462	0.102564	0.025641	0.00512821	0.328205
0.416667	0.3	0.05	0.0666667	0.166667
0.349398	0.26506	0.0722892	0.301205	0.0120482
0.421053	0.157895	0.0526316	0.315789	0.0526316
0.245283	0.0566038	0.264151	0.320755	0.113208
0.217391	0.108696	0.0978261	0.456522	0.119565
0.125	0.125	0.25	0.25	0.25
0.695652	0.130435	0.0434783	0.0434783	0.0869565
0.27027	0.405405	0.216216	0.0810811	0.027027
0.227273	0.0454545	0.363636	0.227273	0.136364
0.166667	0.166667	0.5	0.0833333	0.0833333
0.615385	0.0769231	0.0769231	0.0769231	0.153846
0.376812	0.202899	0.101449	0.275362	0.0434783
0.238806	0.208955	0.0149254	0.0149254	0.522388
0.384615	0.0769231	0.115385	0.384615	0.0384615
0.647059	0.176471	0.0588235	0.0588235	0.0588235
0.142857	0.047619	0.142857	0.619048	0.047619
0.118644	0.0338983	0.20339	0.610169	0.0338983
0.525346	0.101382	0.193548	0.147465	0.0322581
0.567568	0.216216	0.162162	0.027027	0.027027
0.15	0.05	0.05	0.7	0.05
0.142857	0.190476	0.333333	0.285714	0.047619
0.235294	0.0196078	0.0588235	0.666667	0.0196078
0.75	0.0625	0.0625	0.03125	0.09375
0.362805	0.109756	0.0182927	0.0182927	0.490854
0.238095	0.0952381	0.47619	0.0952381	0.0952381
0.59375	0.145833	0.0833333	0.0625	0.114583
0.103448	0.103448	0.103448	0.586207	0.103448
0.0909091	0.0699301	0.104895	0.699301	0.034965
0.52381	0.047619	0.047619	0.047619	0.333333
0.333333	0.511111	0.0444444	0.0888889	0.0222222
0.238095	0.0595238	0.654762	0.0357143	0.0119048
0.673913	0.0652174	0.108696	0.0652174	0.0869565
0.666667	0.196078	0.0196078	0.0392157	0.0784314
0.313725	0.0784314	0.392157	0.0980392	0.117647
0.732143	0.0803571	0.0357143	0.0714286	0.0803571
0.339623	0.283019	0.0566038	0.207547	0.113208
0.382353	0.0294118	0.352941	0.0588235	0.176471
0.214286	0.0714286	0.285714	0.357143	0.0714286
0.5	0.0166667	0.0333333	0.05	0.4
0.290909	0.0727273	0.509091	0.0181818	0.109091
0.222222	0.037037	0.037037	0.666667	0.037037
0.362319	0.275362	0.0289855	0.0144928	0.318841
0.166667	0.166667	0.166667	0.333333	0.166667
0.382353	0.0294118	0.0294118	0.0882353	0.470588
0.444444	0.0555556	0.0555556	0.333333	0.111111
0.428571	0.142857	0.142857	0.142857	0.142857
0.230769	0.333333	0.153846	0.0512821	0.230769
0.642857	0.107143	0.142857	0.0357143	0.0714286
0.0869565	0.217391	0.0434783	0.565217	0.0869565
0.0847458	0.118644	0.288136	0.440678	0.0677966
0.344444	0.222222	0.0555556	0.0111111	0.366667
0.269841	0.0634921	0.047619	0.031746	0.587302
0.377049	0.409836	0.0163934	0.0327869	0.163934
0.315789	0.105263	0.421053	0.105263	0.0526316
0.111111	0.407407	0.037037	0.37037	0.0740741
0.541284	0.00917431	0.0458716	0.321101	0.0825688
0.647368	0.173684	0.0368421	0.0210526	0.121053
0.358025	0.037037	0.0493827	0.481481	0.0740741
0.352941	0.0588235	0.0588235	0.0588235	0.470588
0.2	0.0666667	0.366667	0.333333	0.0333333
0.0588235	0.235294	0.117647	0.470588	0.117647
0.522727	0.0454545	0.227273	0.136364	0.0681818
0.5625	0.1875	0.0625	0.125	0.0625
0.52381	0.190476	0.142857	0.047619	0.0952381
0.677852	0.100671	0.0469799	0.100671	0.0738255
0.166667	0.0833333	0.5	0.166667	0.0833333
0.451613	0.129032	0.016129	0.016129	0.387097
0.363636	0.0454545	0.530303	0.0151515	0.0454545
0.44898	0.0816327	0.326531	0.0204082	0.122449
0.35	0.125	0.3	0.05	0.175
0.735324	0.0288363	0.0319258	0.00360453	0.200309
0.636364	0.0909091	0.0909091	0.0909091	0.0909091
0.5	0.0652174	0.0217391	0.0217391	0.391304
0.173554	0.0330579	0.338843	0.305785	0.14876
0.116071	0.0642857	0.0107143	0.00178571	0.807143
0.25	0.0833333	0.333333	0.25	0.0833333
0.542857	0.0857143	0.2	0.142857	0.0285714
0.186207	0.137931	0.489655	0.124138	0.062069
0.277778	0.111111	0.388889	0.0555556	0.166667
0.227273	0.181818	0.0909091	0.409091	0.0909091
0.233871	0.532258	0.0967742	0.0967742	0.0403226
0.545455	0.0909091	0.0909091	0.227273	0.0454545
0.0909091	0.0454545	0.590909	0.159091	0.113636
0.4125	0.0375	0.15	0.375	0.025
0.821101	0.0688073	0.0550459	0.0458716	0.00917431
0.110429	0.361963	0.00613497	0.0245399	0.496933
0.0810811	0.027027	0.135135	0.594595	0.162162
0.275862	0.0344828	0.0344828	0.551724	0.103448
0.122905	0.173184	0.106145	0.0223464	0.575419
0.816327	0.0408163	0.0204082	0.0408163	0.0816327
0.336283	0.0619469	0.0619469	0.0176991	0.522124
0.15625	0.09375	0.125	0.53125	0.09375
0.314815	0.518519	0.037037	0.0740741	0.0555556
0.165049	0.0776699	0.0194175	0.038835	0.699029
0.133333	0.04	0.0533333	0.0266667	0.746667
0.285714	0.0714286	0.0714286	0.285714	0.285714
0.4	0.171429	0.0285714	0.0285714	0.371429
0.227273	0.318182	0.227273	0.181818	0.0454545
0.6	0.04	0.12	0.12	0.12
0.285714	0.0714286	0.0714286	0.142857	0.428571
0.442177	0.0680272	0.0408163	0.428571	0.0204082
0.208333	0.5625	0.104167	0.0833333	0.0416667
0.222222	0.305556	0.111111	0.222222	0.138889
0.12	0.08	0.08	0.04	0.68
0.666667	0.125	0.0833333	0.0833333	0.0416667
0.277778	0.305556	0.0555556	0.111111	0.25
0.285714	0.0714286	0.214286	0.357143	0.0714286
0.0964912	0.0526316	0.719298	0.122807	0.00877193
0.2	0.2	0.2	0.266667	0.133333
0.240741	0.037037	0.62963	0.0740741	0.0185185
0.39521	0.491018	0.0419162	0.011976	0.0598802
0.79845	0.0852713	0.0310078	0.0232558	0.0620155
0.654321	0.135802	0.185185	0.0123457	0.0123457
0.483333	0.116667	0.0333333	0.0166667	0.35
0.0774404	0.0274789	0.78555	0.093774	0.0157571
0.632653	0.0408163	0.204082	0.0204082	0.102041
0.314286	0.257143	0.171429	0.2	0.0571429
0.558559	0.0720721	0.045045	0.018018	0.306306
0.359551	0.353933	0.0449438	0.0561798	0.185393
0.264317	0.202643	0.396476	0.0572687	0.0792952
0.828947	0.118421	0.0131579	0.0131579	0.0263158
0.380952	0.104762	0.12381	0.333333	0.0571429
0.524752	0.178218	0.128713	0.049505	0.118812
0.571429	0.0714286	0.214286	0.0714286	0.0714286
0.459459	0.108108	0.0540541	0.27027	0.108108
0.2	0.2	0.2	0.2	0.2
0.926136	0.0142045	0.0284091	0.0113636	0.0198864
0.358974	0.0512821	0.0512821	0.525641	0.0128205
0.145923	0.00858369	0.536481	0.287554	0.0214592
0.282609	0.282609	0.0326087	0.391304	0.0108696
0.0701754	0.105263	0.22807	0.578947	0.0175439
0.537367	0.0142349	0.298932	0.0142349	0.135231
0.392857	0.107143	0.0535714	0.303571	0.142857
0.183908	0.0689655	0.0344828	0.0114943	0.701149
0.197531	0.17284	0.271605	0.308642	0.0493827
0.2	0.2	0.2	0.2	0.2
0.727273	0.121212	0.0909091	0.030303	0.030303
0.236593	0.0189274	0.637224	0.0694006	0.0378549
0.432099	0.493827	0.037037	0.0246914	0.0123457
0.216216	0.540541	0.0810811	0.027027	0.135135
0.222222	0.0277778	0.25	0.444444	0.0555556
0.8375	0.0625	0.05	0.0125	0.0375
0.142857	0.047619	0.047619	0.714286	0.047619
0.4	0.2	0.1	0.1	0.2
0.0555556	0.388889	0.0555556	0.388889	0.111111
0.513514	0.243243	0.0540541	0.027027	0.162162
0.307692	0.564103	0.025641	0.0512821	0.0512821
0.477528	0.0842697	0.0224719	0.0730337	0.342697
0.047619	0.0621118	0.879917	0.0010352	0.00931677
0.834123	0.014218	0.07109	0.0663507	0.014218
0.25	0.0416667	0.0833333	0.5	0.125
0.130841	0.196262	0.205607	0.392523	0.0747664
0.466667	0.2	0.2	0.0666667	0.0666667
0.793103	0.0344828	0.0344828	0.0344828	0.103448
0.380952	0.047619	0.428571	0.0952381	0.047619
0.583333	0.125	0.0416667	0.0833333	0.166667
0.555556	0.308642	0.0987654	0.0123457	0.0246914
0.206897	0.0689655	0.137931	0.0689655	0.517241
0.636364	0.0909091	0.0909091	0.0909091	0.0909091
0.0972222	0.0277778	0.180556	0.666667	0.0277778
0.742857	0.0571429	0.0571429	0.0285714	0.114286
0.0357143	0.392857	0.0357143	0.0714286	0.464286
0.218182	0.0545455	0.6	0.0727273	0.0545455
0.708333	0.125	0.0416667	0.0833333	0.0416667
0.888889	0.047619	0.0238095	0.015873	0.0238095
0.0384615	0.0512821	0.846154	0.0384615	0.025641
0.241758	0.032967	0.582418	0.131868	0.010989
0.315315	0.00900901	0.621622	0.036036	0.018018
0.170732	0.195122	0.512195	0.109756	0.0121951
0.263889	0.0277778	0.0555556	0.0416667	0.611111
0.396825	0.015873	0.396825	0.15873	0.031746
0.0749507	0.102564	0.741617	0.035503	0.0453649
0.166667	0.111111	0.0555556	0.0555556	0.611111
0.506849	0.0410959	0.109589	0.0136986	0.328767
0.0294118	0.0588235	0.176471	0.705882	0.0294118
0.178571	0.0357143	0.678571	0.0357143	0.0714286
0.230769	0.0769231	0.230769	0.307692	0.153846
0.532258	0.0483871	0.322581	0.0806452	0.016129
0.0909091	0.272727	0.0909091	0.454545	0.0909091
0.3	0.025	0.2	0.45	0.025
0.2	0.2	0.2	0.2	0.2
0.270588	0.541176	0.0352941	0.0470588	0.105882
0.375	0.0416667	0.0416667	0.5	0.0416667
0.617021	0.0851064	0.0212766	0.0212766	0.255319
0.678571	0.107143	0.0357143	0.142857	0.0357143
0.230769	0.0192308	0.115385	0.0192308	0.615385
0.333333	0.166667	0.166667	0.166667	0.166667
0.402985	0.462687	0.0298507	0.0746269	0.0298507
0.322581	0.0967742	0.258065	0.193548	0.129032
0.634615	0.0769231	0.0961538	0.0576923	0.134615
0.852459	0.0819672	0.0163934	0.0163934	0.0327869
0.2	0.08	0.16	0.52	0.04
0.431818	0.0454545	0.0454545	0.0681818	0.409091
0.288136	0.0169492	0.0338983	0.0508475	0.610169
0.173077	0.346154	0.0384615	0.115385	0.326923
0.520833	0.0833333	0.0833333	0.208333	0.104167
0.235294	0.0294118	0.176471	0.529412	0.0294118
0.244444	0.0666667	0.266667	0.377778	0.0444444
0.0714286	0.214286	0.0714286	0.571429	0.0714286
0.527273	0.163636	0.0181818	0.0363636	0.254545
0.547619	0.047619	0.166667	0.119048	0.119048
0.2	0.2	0.2	0.2	0.2
0.224138	0.103448	0.568966	0.0344828	0.0689655
0.394366	0.084507	0.140845	0.366197	0.0140845
0.789474	0.0175439	0.0350877	0.0175439	0.140351
0.308943	0.0813008	0.0243902	0.0243902	0.560976
0.596154	0.0384615	0.134615	0.0384615	0.192308
0.529412	0.0588235	0.176471	0.176471	0.0588235
0.215789	0.0578947	0.126316	0.568421	0.0315789
0.6	0.0285714	0.0857143	0.171429	0.114286
0.482759	0.172414	0.0344828	0.206897	0.103448
0.352273	0.170455	0.0340909	0.0113636	0.431818
0.19403	0.0597015	0.283582	0.447761	0.0149254
0.533333	0.0666667	0.2	0.0666667	0.133333
0.608696	0.0869565	0.130435	0.130435	0.0434783
0.298182	0.0109091	0.0363636	0.0509091	0.603636
0.567568	0.135135	0.0900901	0.00900901	0.198198
0.402913	0.0436893	0.490291	0.0242718	0.038835
0.136364	0.0454545	0.0909091	0.681818	0.0454545
0.2	0.2	0.2	0.2	0.2
0.396552	0.37931	0.103448	0.0517241	0.0689655
0.434783	0.492754	0.00724638	0.0144928	0.0507246
0.184211	0.0789474	0.105263	0.578947	0.0526316
0.325301	0.108434	0.0963855	0.108434	0.361446
0.478261	0.0724638	0.101449	0.0289855	0.318841
0.588235	0.147059	0.147059	0.0882353	0.0294118
0.27433	0.0739234	0.190912	0.395049	0.065785
0.388889	0.0555556	0.194444	0.277778	0.0833333
0.0462428	0.0578035	0.0346821	0.00578035	0.855491
0.722222	0.111111	0.0277778	0.0555556	0.0833333
0.296296	0.111111	0.0740741	0.333333	0.185185
0.483871	0.016129	0.241935	0.177419	0.0806452
0.447917	0.197917	0.270833	0.0104167	0.0729167
0.176471	0.117647	0.205882	0.470588	0.0294118
0.35	0.05	0.05	0.05	0.5
0.55	0.1	0.05	0.25	0.05
0.233333	0.2	0.2	0.333333	0.0333333
0.0518483	0.0556889	0.837254	0.0489678	0.006241
0.414634	0.231707	0.268293	0.0365854	0.0487805
0.549342	0.0427632	0.0164474	0.00986842	0.381579
0.0833333	0.166667	0.25	0.416667	0.0833333
0.194444	0.166667	0.527778	0.0833333	0.0277778
0.266667	0.266667	0.266667	0.133333	0.0666667
0.265993	0.296296	0.205387	0.030303	0.20202
0.230769	0.215385	0.230769	0.276923	0.0461538
0.166667	0.0833333	0.166667	0.5	0.0833333
0.484848	0.151515	0.151515	0.0606061	0.151515
0.274809	0.0458015	0.00763359	0.0267176	0.645038
0.276316	0.552632	0.0131579	0.0394737	0.118421
0.577778	0.177778	0.0222222	0.2	0.0222222
0.217172	0.0252525	0.0909091	0.651515	0.0151515
0.333333	0.111111	0.111111	0.333333	0.111111
0.290323	0.0967742	0.016129	0.016129	0.580645
0.4	0.0666667	0.0666667	0.333333	0.133333
0.37931	0.137931	0.103448	0.310345	0.0689655
0.148148	0.0246914	0.0123457	0.0246914	0.790123
0.388235	0.105882	0.235294	0.247059	0.0235294
0.25	0.05	0.4	0.25	0.05
0.328859	0.510067	0.0536913	0.0201342	0.0872483
0.198895	0.143646	0.0165746	0.0165746	0.624309
0.555556	0.111111	0.111111	0.111111	0.111111
0.189189	0.108108	0.540541	0.135135	0.027027
0.108635	0.0324977	0.800371	0.0417827	0.0167131
0.3125	0.0625	0.0625	0.375	0.1875
0.411765	0.235294	0.0588235	0.205882	0.0882353
0.173913	0.0434783	0.0434783	0.0434783	0.695652
0.24	0.08	0.4	0.08	0.2
0.35	0.0916667	0.125	0.4	0.0333333
0.0555556	0.166667	0.277778	0.333333	0.166667
0.375	0.125	0.125	0.0833333	0.291667
0.511111	0.133333	0.222222	0.111111	0.0222222
0.357143	0.214286	0.142857	0.142857	0.142857
0.0429448	0.0981595	0.723926	0.0552147	0.0797546
0.666667	0.1	0.0666667	0.0666667	0.1
0.535211	0.0704225	0.056338	0.0704225	0.267606
0.25	0.25	0.25	0.0833333	0.166667
0.323944	0.140845	0.0140845	0.112676	0.408451
0.325581	0.0697674	0.0697674	0.488372	0.0465116
0.386059	0.0375335	0.0563003	0.00268097	0.517426
0.351852	0.574074	0.037037	0.0185185	0.0185185
0.511111	0.177778	0.266667	0.0222222	0.0222222
0.405797	0.0869565	0.376812	0.0724638	0.057971
0.368421	0.0350877	0.403509	0.175439	0.0175439
0.367347	0.183673	0.0612245	0.0612245	0.326531
0.1	0.3	0.1	0.1	0.4
0.580645	0.0645161	0.129032	0.0967742	0.129032
0.322917	0.59375	0.03125	0.03125	0.0208333
0.411765	0.117647	0.117647	0.294118	0.0588235
0.727273	0.0454545	0.136364	0.0454545	0.0454545
0.787879	0.030303	0.106061	0.0454545	0.030303
0.20202	0.737374	0.030303	0.020202	0.010101
0.672727	0.109091	0.0181818	0.127273	0.0727273
0.172414	0.62069	0.103448	0.0344828	0.0689655
0.225434	0.543353	0.132948	0.0115607	0.0867052
0.526316	0.105263	0.0526316	0.105263	0.210526
0.541667	0.0833333	0.166667	0.0416667	0.166667
0.307692	0.179487	0.128205	0.025641	0.358974
0.307692	0.0384615	0.0769231	0.0384615	0.538462
0.133333	0.466667	0.2	0.133333	0.0666667
0.481481	0.0740741	0.296296	0.0740741	0.0740741
0.315789	0.105263	0.0526316	0.473684	0.0526316
0.293447	0.014245	0.00569801	0.00854701	0.678063
0.416667	0.15	0.05	0.366667	0.0166667
0.285714	0.142857	0.142857	0.285714	0.142857
0.181818	0.0909091	0.181818	0.136364	0.409091
0.848	0.064	0.016	0.016	0.056
0.194444	0.0833333	0.166667	0.25	0.305556
0.130841	0.607477	0.0841121	0.0747664	0.102804
0.210526	0.157895	0.105263	0.105263	0.421053
0.260274	0.0821918	0.0410959	0.60274	0.0136986
0.169811	0.0754717	0.0566038	0.660377	0.0377358
0.555556	0.333333	0.037037	0.037037	0.037037
0.142857	0.142857	0.142857	0.428571	0.142857
0.835341	0.0200803	0.0682731	0.0240964	0.0522088
0.464912	0.0263158	0.0350877	0.0175439	0.45614
0.385417	0.114583	0.125	0.0625	0.3125
0.428571	0.0714286	0.333333	0.0714286	0.0952381
0.34136	0.553116	0.0446176	0.0113314	0.0495751
0.162162	0.0810811	0.189189	0.540541	0.027027
0.677419	0.0967742	0.0322581	0.129032	0.0645161
0.165605	0.133758	0.55414	0.0764331	0.0700637
0.578947	0.0526316	0.0175439	0.0526316	0.298246
0.181818	0.0454545	0.0909091	0.590909	0.0909091
0.209677	0.112903	0.387097	0.258065	0.0322581
0.555556	0.142857	0.031746	0.206349	0.0634921
0.363636	0.136364	0.0454545	0.272727	0.181818
0.710526	0.0526316	0.157895	0.0263158	0.0526316
0.524823	0.184397	0.113475	0.0921986	0.0851064
0.27027	0.027027	0.135135	0.540541	0.027027
0.111111	0.185185	0.555556	0.111111	0.037037
0.418605	0.0930233	0.0697674	0.209302	0.209302
0.114286	0.010582	0.678307	0.195767	0.0010582
0.25	0.45	0.2	0.05	0.05
0.178571	0.357143	0.0357143	0.142857	0.285714
0.25	0.0714286	0.214286	0.428571	0.0357143
0.111111	0.222222	0.111111	0.444444	0.111111
0.3125	0.0625	0.125	0.0625	0.4375
0.779412	0.132353	0.0147059	0.0294118	0.0441176
0.87037	0.0185185	0.0185185	0.037037	0.0555556
0.433566	0.167832	0.0909091	0.181818	0.125874
0.416667	0.257576	0.113636	0.159091	0.0530303
0.0875	0.1625	0.5	0.0625	0.1875
0.447273	0.0618182	0.0654545	0.0145455	0.410909
0.478261	0.115942	0.0289855	0.0724638	0.304348
0.153846	0.0769231	0.461538	0.282051	0.025641
0.0135135	0.027027	0.121622	0.824324	0.0135135
0.444444	0.311111	0.0666667	0.0888889	0.0888889
0.379205	0.146789	0.030581	0.00917431	0.434251
0.0941176	0.576471	0.211765	0.0470588	0.0705882
0.163793	0.166667	0.626437	0.0143678	0.0287356
0.666667	0.144928	0.0724638	0.0144928	0.101449
0.446429	0.107143	0.0714286	0.321429	0.0535714
0.485714	0.114286	0.0285714	0.0142857	0.357143
0.222222	0.037037	0.259259	0.037037	0.444444
0.862385	0.0642202	0.0550459	0.00917431	0.00917431
0.586345	0.349398	0.0401606	0.00401606	0.0200803
0.592593	0.0740741	0.148148	0.148148	0.037037
0.25	0.285714	0.142857	0.285714	0.0357143
0.780488	0.0487805	0.0243902	0.0487805	0.097561
0.266667	0.466667	0.0333333	0.2	0.0333333
0.428571	0.2	0.171429	0.142857	0.0571429
0.2	0.713636	0.05	0.0136364	0.0227273
0.278689	0.0491803	0.0655738	0.590164	0.0163934
0.565217	0.0652174	0.130435	0.0217391	0.217391
0.313725	0.205882	0.117647	0.22549	0.137255
0.391304	0.0434783	0.0869565	0.0434783	0.434783
0.128205	0.538462	0.153846	0.0512821	0.128205
0.28	0.14	0.54	0.02	0.02
0.454545	0.0909091	0.181818	0.181818	0.0909091
0.163636	0.636364	0.127273	0.0545455	0.0181818
0.16129	0.0322581	0.645161	0.0322581	0.129032
0.236364	0.527273	0.0363636	0.127273	0.0727273
0.285714	0.321429	0.0357143	0.0357143	0.321429
0.298701	0.0519481	0.0909091	0.506494	0.0519481
0.367521	0.017094	0.025641	0.042735	0.547009
0.349398	0.0963855	0.13253	0.409639	0.0120482
0.212121	0.230303	0.0666667	0.0666667	0.424242
0.213115	0.163934	0.0163934	0.0327869	0.57377
0.527778	0.138889	0.0555556	0.222222	0.0555556
0.4	0.05	0.1	0.3	0.15
0.111111	0.0555556	0.111111	0.611111	0.111111
0.0829268	0.097561	0.760976	0.0390244	0.0195122
0.333333	0.0444444	0.4	0.177778	0.0444444
0.933775	0.0264901	0.00662252	0.00662252	0.0264901
0.128571	0.185714	0.628571	0.0428571	0.0142857
0.4	0.0188679	0.464151	0.101887	0.0150943
0.333333	0.130435	0.115942	0.376812	0.0434783
0.761905	0.047619	0.047619	0.047619	0.0952381
0.424242	0.121212	0.121212	0.30303	0.030303
0.230769	0.384615	0.153846	0.153846	0.0769231
0.410714	0.0178571	0.0535714	0.428571	0.0892857
0.0185185	0.037037	0.148148	0.777778	0.0185185
0.435065	0.318182	0.194805	0.0194805	0.0324675
0.0652174	0.0869565	0.565217	0.23913	0.0434783
0.136364	0.0909091	0.227273	0.5	0.0454545
0.163265	0.306122	0.183673	0.285714	0.0612245
0.646154	0.0923077	0.0615385	0.0153846	0.184615
0.768293	0.0365854	0.0121951	0.0365854	0.146341
0.571429	0.0571429	0.228571	0.114286	0.0285714
0.617021	0.153191	0.0978723	0.00851064	0.123404
0.483871	0.0645161	0.129032	0.290323	0.0322581
0.424658	0.30137	0.0684932	0.164384	0.0410959
0.0714286	0.714286	0.0714286	0.0714286	0.0714286
0.539474	0.0394737	0.144737	0.144737	0.131579
0.358491	0.0566038	0.0188679	0.433962	0.132075
0.2	0.2	0.2	0.2	0.2
0.326087	0.0434783	0.0434783	0.565217	0.0217391
0.608696	0.0434783	0.0434783	0.0434783	0.26087
0.105263	0.0526316	0.105263	0.421053	0.315789
0.214286	0.333333	0.0238095	0.357143	0.0714286
0.300813	0.585366	0.0365854	0.0162602	0.0609756
0.354167	0.229167	0.0208333	0.354167	0.0416667
0.434783	0.173913	0.217391	0.130435	0.0434783
0.190476	0.142857	0.428571	0.190476	0.047619
0.441379	0.0206897	0.0275862	0.00689655	0.503448
0.340206	0.175258	0.319588	0.0618557	0.103093
0.833333	0.0666667	0.0333333	0.0333333	0.0333333
0.395833	0.25	0.25	0.0833333	0.0208333
0.805825	0.0291262	0.0679612	0.0776699	0.0194175
0.391892	0.0810811	0.432432	0.0540541	0.0405405
0.148148	0.481481	0.259259	0.037037	0.0740741
0.319149	0.106383	0.340426	0.191489	0.0425532
0.0967742	0.0322581	0.806452	0.0322581	0.0322581
0.2	0.2	0.2	0.3	0.1
0.642857	0.0714286	0.178571	0.0714286	0.0357143
0.648649	0.189189	0.108108	0.027027	0.027027
0.291667	0.0625	0.0208333	0.583333	0.0416667
0.342105	0.210526	0.0789474	0.210526	0.157895
0.272727	0.0454545	0.136364	0.0454545	0.5
0.0714286	0.357143	0.0714286	0.428571	0.0714286
0.30814	0.284884	0.0116279	0.0174419	0.377907
0.296296	0.111111	0.185185	0.0740741	0.333333
0.384615	0.153846	0.153846	0.153846	0.153846
0.181818	0.030303	0.121212	0.575758	0.0909091
0.32	0.024	0.208	0.408	0.04
0.283951	0.197531	0.444444	0.0246914	0.0493827
0.864407	0.0508475	0.0169492	0.0508475	0.0169492
0.757576	0.121212	0.0606061	0.0151515	0.0454545
0.444444	0.194444	0.0555556	0.277778	0.0277778
0.121212	0.212121	0.333333	0.0606061	0.272727
0.176471	0.0588235	0.0294118	0.205882	0.529412
0.351145	0.503817	0.0229008	0.0305344	0.0916031
0.241379	0.568966	0.137931	0.0172414	0.0344828
0.181818	0.0909091	0.181818	0.363636	0.181818
0.0909091	0.0909091	0.0681818	0.681818	0.0681818
0.515152	0.181818	0.030303	0.030303	0.242424
0.44898	0.0408163	0.183673	0.285714	0.0408163
0.247863	0.025641	0.145299	0.504274	0.0769231
0.375	0.125	0.25	0.125	0.125
0.4	0.1	0.3	0.1	0.1
0.208556	0.106952	0.0802139	0.00534759	0.59893
0.173077	0.605769	0.0865385	0.0192308	0.115385
0.619048	0.0952381	0.0952381	0.047619	0.142857
0.404762	0.0238095	0.047619	0.047619	0.47619
0.56	0.22	0.06	0.02	0.14
0.0909091	0.181818	0.545455	0.0909091	0.0909091
0.75	0.09375	0.09375	0.03125	0.03125
0.321429	0.0357143	0.0714286	0.107143	0.464286
0.205882	0.0588235	0.529412	0.147059	0.0588235
0.71875	0.125	0.09375	0.03125	0.03125
0.571429	0.047619	0.142857	0.0952381	0.142857
0.277778	0.166667	0.333333	0.0555556	0.166667
0.37931	0.0862069	0.103448	0.344828	0.0862069
0.506446	0.0644567	0.0331492	0.0257827	0.370166
0.0934579	0.0685358	0.0155763	0.00311526	0.819315
0.56	0.08	0.04	0.04	0.28
0.441176	0.352941	0.0882353	0.0294118	0.0882353
0.183024	0.127321	0.599469	0.0185676	0.071618
0.0519481	0.779221	0.038961	0.012987	0.116883
0.571429	0.0666667	0.0571429	0.0238095	0.280952
0.761905	0.047619	0.0238095	0.0714286	0.0952381
0.205674	0.0756501	0.0543735	0.0236407	0.640662
0.761538	0.0538462	0.00769231	0.0538462	0.123077
0.230769	0.0769231	0.461538	0.153846	0.0769231
0.761905	0.0952381	0.047619	0.047619	0.047619
0.16	0.12	0.12	0.56	0.04
0.419355	0.247312	0.0322581	0.0967742	0.204301
0.451613	0.193548	0.225806	0.0645161	0.0645161
0.222222	0.0925926	0.12963	0.518519	0.037037
0.534483	0.0517241	0.0172414	0.0344828	0.362069
0.233333	0.0333333	0.133333	0.466667	0.133333
0.235294	0.176471	0.352941	0.117647	0.117647
0.166667	0.166667	0.0277778	0.0277778	0.611111
0.171429	0.0571429	0.0285714	0.657143	0.0857143
0.232143	0.0714286	0.0892857	0.535714	0.0714286
0.43125	0.39375	0.0625	0.04375	0.06875
0.219697	0.106061	0.0151515	0.030303	0.628788
0.125	0.25	0.25	0.125	0.25
0.416667	0.1875	0.25	0.104167	0.0416667
0.3	0.05	0.075	0.05	0.525
0.4	0.368	0.024	0.04	0.168
0.403846	0.346154	0.0961538	0.0769231	0.0769231
0.368421	0.157895	0.0526316	0.368421	0.0526316
0.208333	0.125	0.0833333	0.0416667	0.541667
0.282828	0.020202	0.040404	0.59596	0.0606061
0.454545	0.0909091	0.181818	0.0909091	0.181818
0.459459	0.0540541	0.162162	0.108108	0.216216
0.551724	0.137931	0.103448	0.0344828	0.172414
0.28	0.36	0.12	0.02	0.22
0.360248	0.0372671	0.0124224	0.0248447	0.565217
0.169492	0.322034	0.152542	0.288136	0.0677966
0.584615	0.0923077	0.215385	0.0615385	0.0461538
0.420561	0.0373832	0.476636	0.046729	0.0186916
0.588235	0.0588235	0.0588235	0.117647	0.176471
0.04	0.08	0.08	0.08	0.72
0.10101	0.0505051	0.020202	0.010101	0.818182
0.166667	0.229167	0.104167	0.104167	0.395833
0.137255	0.294118	0.0784314	0.470588	0.0196078
0.8	0.04	0.04	0.08	0.04
0.666667	0.0680272	0.0136054	0.22449	0.0272109
0.0333333	0.0333333	0.466667	0.433333	0.0333333
0.474576	0.177966	0.00847458	0.00847458	0.330508
0.428571	0.102041	0.0204082	0.0204082	0.428571
0.2	0.2	0.2	0.2	0.2
0.540541	0.0540541	0.216216	0.108108	0.0810811
0.46	0.12	0.3	0.04	0.08
0.326087	0.173913	0.0217391	0.0217391	0.456522
0.346154	0.307692	0.0769231	0.0384615	0.230769
0.438356	0.0684932	0.00456621	0.0182648	0.47032
0.341463	0.0731707	0.0243902	0.0121951	0.54878
0.348387	0.0645161	0.0193548	0.483871	0.083871
0.240741	0.166667	0.0185185	0.037037	0.537037
0.177778	0.0777778	0.0555556	0.144444	0.544444
0.333333	0.133333	0.133333	0.266667	0.133333
0.206897	0.172414	0.0344828	0.0344828	0.551724
0.0666667	0.0666667	0.133333	0.2	0.533333
0.25	0.0982143	0.0714286	0.0178571	0.5625
0.3	0.25	0.15	0.1	0.2
0.285714	0.171429	0.0857143	0.0857143	0.371429
0.618834	0.0134529	0.0269058	0.0044843	0.336323
0.2	0.2	0.2	0.2	0.2
0.690909	0.0363636	0.0363636	0.0181818	0.218182
0.47619	0.00595238	0.0416667	0.0297619	0.446429
0.222222	0.0833333	0.194444	0.0555556	0.444444
0.230769	0.153846	0.179487	0.153846	0.282051
0.723944	0.0619718	0.0169014	0.0028169	0.194366
0.634043	0.0170213	0.00851064	0.0170213	0.323404
0.327434	0.00589971	0.0147493	0.0117994	0.640118
0.75	0.03125	0.125	0.0078125	0.0859375
0.25	0.0625	0.1875	0.125	0.375
0.514754	0.0557377	0.0229508	0.00983607	0.396721
0.363636	0.0454545	0.136364	0.136364	0.318182
0.641379	0.103448	0.00344828	0.037931	0.213793
0.347826	0.130435	0.0434783	0.0869565	0.391304
0.313433	0.119403	0.0149254	0.0597015	0.492537
0.148	0.108	0.036	0.072	0.636
0.272727	0.0909091	0.0909091	0.272727	0.272727
0.3	0.1	0.1	0.2	0.3
0.153846	0.153846	0.153846	0.153846	0.384615
0.571429	0.047619	0.0952381	0.142857	0.142857
0.333333	0.166667	0.0416667	0.0833333	0.375
0.8125	0.0625	0.0125	0.0625	0.05
0.37069	0.310345	0.0344828	0.00862069	0.275862
0.230769	0.494505	0.0769231	0.010989	0.186813
0.217391	0.173913	0.0434783	0.0869565	0.478261
0.574074	0.203704	0.0324074	0.00925926	0.180556
0.444444	0.111111	0.111111	0.111111	0.222222
0.657143	0.171429	0.0857143	0.0285714	0.0571429
0.428365	0.0723589	0.0347323	0.0173661	0.447178
0.714286	0.0571429	0.0857143	0.0571429	0.0857143
0.647059	0.176471	0.0588235	0.0588235	0.0588235
0.810811	0.108108	0.0540541	0.0135135	0.0135135
0.5	0.1	0.0333333	0.0333333	0.333333
0.181818	0.181818	0.409091	0.0454545	0.181818
0.08	0.12	0.04	0.08	0.68
0.4375	0.0625	0.0625	0.0625	0.375
0.777778	0.0277778	0.0416667	0.0277778	0.125
0.3	0.1	0.04	0.08	0.48
0.5	0.0625	0.0625	0.25	0.125
0.415385	0.0461538	0.0153846	0.0307692	0.492308
0.2	0.2	0.2	0.2	0.2
0.47619	0.0952381	0.047619	0.047619	0.333333
0.401685	0.0561798	0.00842697	0.0224719	0.511236
0.503106	0.0341615	0.0248447	0.015528	0.42236
0.521739	0.0869565	0.173913	0.0434783	0.173913
0.166667	0.166667	0.166667	0.166667	0.333333
0.0833333	0.5	0.0416667	0.125	0.25
0.25	0.0535714	0.0357143	0.0178571	0.642857
0.405797	0.057971	0.0144928	0.0289855	0.492754
0.6	0.0105263	0.0315789	0.0315789	0.326316
