0.170732	0.146341	0.390244	0.292683
0.208333	0.0416667	0.333333	0.416667
0.0107527	0.229391	0.448029	0.311828
0.173913	0.0434783	0.695652	0.0869565
0.0325203	0.439024	0.0325203	0.495935
0.117647	0.352941	0.117647	0.411765
0.791667	0.0833333	0.0416667	0.0833333
0.25	0.25	0.25	0.25
0.62963	0.0555556	0.0555556	0.259259
0.1	0.283333	0.15	0.466667
0.270833	0.0833333	0.375	0.270833
0.290323	0.354839	0.129032	0.225806
0.123596	0.0786517	0.404494	0.393258
0.163934	0.114754	0.0655738	0.655738
0.194946	0.122744	0.155235	0.527076
0.792857	0.0142857	0.142857	0.05
0.578947	0.0526316	0.105263	0.263158
0.680851	0.0212766	0.0425532	0.255319
0.238095	0.404762	0.0238095	0.333333
0.463768	0.130435	0.217391	0.188406
0.0172414	0.327586	0.0172414	0.637931
0.0444444	0.133333	0.577778	0.244444
0.0212766	0.297872	0.0425532	0.638298
0.4	0.2	0.2	0.2
0.159091	0.318182	0.0909091	0.431818
0.181818	0.545455	0.0454545	0.227273
0.428571	0.047619	0.0952381	0.428571
0.4	0.2	0.3	0.1
0.285714	0.357143	0.0714286	0.285714
0.0191781	0.928767	0.0178082	0.0342466
0.392857	0.178571	0.0357143	0.392857
0.0384615	0.0769231	0.115385	0.769231
0.0862069	0.362069	0.275862	0.275862
0.0333333	0.0333333	0.333333	0.6
0.037037	0.0462963	0.212963	0.703704
0.00564972	0.677966	0.0112994	0.305085
0.733333	0.0666667	0.133333	0.0666667
0.64	0.04	0.12	0.2
0.112903	0.129032	0.33871	0.419355
0.0365169	0.0421348	0.808989	0.11236
0.0113636	0.204545	0.0454545	0.738636
0.101124	0.337079	0.011236	0.550562
0.0588235	0.352941	0.411765	0.176471
0.153846	0.246154	0.0461538	0.553846
0.044665	0.146402	0.0719603	0.736973
0.015625	0.880208	0.0989583	0.00520833
0.1875	0.28125	0.125	0.40625
0.113208	0.144654	0.528302	0.213836
0.0909091	0.212121	0.030303	0.666667
0.79918	0.0204918	0.00409836	0.17623
0.479167	0.0416667	0.0833333	0.395833
0.758621	0.0689655	0.0344828	0.137931
0.598361	0.00409836	0.0860656	0.311475
0.786517	0.011236	0.123596	0.0786517
0.478261	0.304348	0.130435	0.0869565
0.25641	0.282051	0.0769231	0.384615
0.0555556	0.180556	0.0416667	0.722222
0.0746269	0.343284	0.0447761	0.537313
0.291667	0.0416667	0.25	0.416667
0.0243902	0.439024	0.0243902	0.512195
0.2	0.32	0.08	0.4
0.0638298	0.170213	0.0212766	0.744681
0.0731707	0.195122	0.487805	0.243902
0.183673	0.367347	0.0408163	0.408163
0.317073	0.0243902	0.268293	0.390244
0.03125	0.1875	0.3125	0.46875
0.522727	0.0454545	0.295455	0.136364
0.454545	0.151515	0.121212	0.272727
0.056338	0.309859	0.0422535	0.591549
0.0666667	0.0222222	0.266667	0.644444
0.48	0.12	0.24	0.16
0.230769	0.384615	0.153846	0.230769
0.5	0.111111	0.0555556	0.333333
0.363636	0.0909091	0.136364	0.409091
0.0126582	0.417722	0.0126582	0.556962
0.75	0.0576923	0.0576923	0.134615
0.625	0.0357143	0.0535714	0.285714
0.6	0.05	0.15	0.2
0.0967742	0.354839	0.016129	0.532258
0.210526	0.368421	0.0526316	0.368421
0.307692	0.230769	0.0769231	0.384615
0.604651	0.0232558	0.116279	0.255814
0.31746	0.126984	0.15873	0.396825
0.181818	0.0606061	0.424242	0.333333
0.125	0.25	0.125	0.5
0.25	0.25	0.25	0.25
0.615385	0.0769231	0.153846	0.153846
0.25	0.25	0.25	0.25
0.275	0.05	0.275	0.4
0.463415	0.0731707	0.268293	0.195122
0.458333	0.0833333	0.0833333	0.375
0.034632	0.147186	0.012987	0.805195
0.533333	0.1	0.05	0.316667
0.025641	0.0769231	0.025641	0.871795
0.704545	0.0227273	0.204545	0.0681818
0.0105263	0.863158	0.0105263	0.115789
0.388889	0.0555556	0.0555556	0.5
0.0314961	0.527559	0.015748	0.425197
0.272727	0.363636	0.272727	0.0909091
0.4375	0.0625	0.0625	0.4375
0.0833333	0.166667	0.166667	0.583333
0.483108	0.0439189	0.00675676	0.466216
0.577086	0.0369588	0.258184	0.127772
0.666667	0.0833333	0.166667	0.0833333
0.102564	0.025641	0.00854701	0.863248
0.58	0.08	0.04	0.3
0.121413	0.0198675	0.560706	0.298013
0.571429	0.214286	0.142857	0.0714286
0.0352535	0.529954	0.00483871	0.429954
0.444444	0.0740741	0.0740741	0.407407
0.0666667	0.1	0.3	0.533333
0.347826	0.0434783	0.130435	0.478261
0.0361446	0.421687	0.0060241	0.536145
0.4	0.0181818	0.163636	0.418182
0.709677	0.193548	0.0645161	0.0322581
0.809524	0.047619	0.0952381	0.047619
0.0857143	0.0285714	0.828571	0.0571429
0.136364	0.181818	0.0909091	0.590909
0.013986	0.58042	0.041958	0.363636
0.0857143	0.142857	0.0571429	0.714286
0.261905	0.166667	0.142857	0.428571
0.578378	0.0216216	0.145946	0.254054
0.6	0.05	0.05	0.3
0.542857	0.1	0.0142857	0.342857
0.12	0.28	0.08	0.52
0.0997067	0.234604	0.475073	0.190616
0.453125	0.0078125	0.226562	0.3125
0.112339	0.445672	0.00552486	0.436464
0.75	0.0625	0.125	0.0625
0.60177	0.0176991	0.00884956	0.371681
0.595745	0.0212766	0.212766	0.170213
0.772727	0.0227273	0.0454545	0.159091
0.119266	0.201835	0.0366972	0.642202
0.630208	0.046875	0.046875	0.276042
0.205882	0.117647	0.0294118	0.647059
0.563636	0.0181818	0.0363636	0.381818
0.0384615	0.230769	0.153846	0.576923
0.0199005	0.154229	0.776119	0.0497512
0.0222222	0.333333	0.0222222	0.622222
0.5	0.125	0.125	0.25
0.0851064	0.0921986	0.035461	0.787234
0.424242	0.030303	0.212121	0.333333
0.25	0.25	0.25	0.25
0.277778	0.222222	0.277778	0.222222
0.125	0.125	0.25	0.5
0.333333	0.333333	0.166667	0.166667
0.333333	0.0416667	0.25	0.375
0.555556	0.166667	0.111111	0.166667
0.315789	0.0789474	0.131579	0.473684
0.038961	0.0909091	0.025974	0.844156
0.134454	0.0504202	0.277311	0.537815
0.014881	0.52381	0.00297619	0.458333
0.545455	0.030303	0.30303	0.121212
0.309735	0.0265487	0.00884956	0.654867
0.0769231	0.0769231	0.0769231	0.769231
0.388889	0.222222	0.166667	0.222222
0.263158	0.0526316	0.210526	0.473684
0.233333	0.1	0.483333	0.183333
0.125	0.375	0.125	0.375
0.0208333	0.614583	0.0104167	0.354167
0.428571	0.285714	0.142857	0.142857
0.0625	0.1875	0.1875	0.5625
0.25	0.15	0.3	0.3
0.461538	0.0769231	0.153846	0.307692
0.0697674	0.27907	0.0697674	0.581395
0.0519481	0.155844	0.558442	0.233766
0.25	0.25	0.25	0.25
0.505882	0.0235294	0.0941176	0.376471
0.0905797	0.0905797	0.0471014	0.771739
0.71875	0.15625	0.09375	0.03125
0.0566038	0.122642	0.0188679	0.801887
0.0952381	0.0952381	0.238095	0.571429
0.32	0.16	0.08	0.44
0.0405405	0.513514	0.0135135	0.432432
0.555556	0.111111	0.222222	0.111111
0.0340909	0.0681818	0.0113636	0.886364
0.457143	0.228571	0.171429	0.142857
0.0366667	0.416667	0.13	0.416667
0.027027	0.0810811	0.324324	0.567568
0.0518359	0.596112	0.0107991	0.341253
0.566667	0.0333333	0.0777778	0.322222
0.0552486	0.0497238	0.160221	0.734807
0.0416667	0.636905	0.0416667	0.279762
0.666667	0.222222	0.0555556	0.0555556
0.125	0.125	0.125	0.625
0.340909	0.159091	0.193182	0.306818
0.388571	0.0628571	0.0342857	0.514286
0.119027	0.0429204	0.735398	0.102655
0.215054	0.247312	0.107527	0.430108
0.0138889	0.0833333	0.0416667	0.861111
0.207143	0.0714286	0.235714	0.485714
0.142857	0.142857	0.142857	0.571429
0.137931	0.0344828	0.0344828	0.793103
0.30303	0.333333	0.212121	0.151515
0.465517	0.275862	0.0172414	0.241379
0.0176471	0.476471	0.0470588	0.458824
0.555556	0.0555556	0.277778	0.111111
0.462428	0.0924855	0.289017	0.156069
0.15	0.2	0.05	0.6
0.184211	0.25	0.0131579	0.552632
0.117647	0.352941	0.0588235	0.470588
0.471698	0.0188679	0.207547	0.301887
0.0181818	0.236364	0.0181818	0.727273
0.183099	0.028169	0.408451	0.380282
0.0246914	0.135802	0.0123457	0.82716
0.152174	0.0434783	0.326087	0.478261
0.666667	0.0952381	0.0952381	0.142857
0.479167	0.333333	0.104167	0.0833333
0.214286	0.0238095	0.0952381	0.666667
0.0444444	0.0444444	0.0888889	0.822222
0.030303	0.030303	0.666667	0.272727
0.372549	0.0196078	0.0196078	0.588235
0.0211817	0.778149	0.0133779	0.187291
0.0813008	0.138211	0.0243902	0.756098
0.452381	0.22619	0.214286	0.107143
0.55814	0.0465116	0.116279	0.27907
0.307692	0.153846	0.0769231	0.461538
0.3	0.3	0.1	0.3
0.120635	0.0349206	0.453968	0.390476
0.0904255	0.223404	0.0159574	0.670213
0.1	0.5125	0.0375	0.35
0.708333	0.125	0.0416667	0.125
0.0833333	0.694444	0.0277778	0.194444
0.00769231	0.346154	0.0846154	0.561538
0.130435	0.0652174	0.543478	0.26087
0.404762	0.0238095	0.380952	0.190476
0.0980392	0.235294	0.137255	0.529412
0.585366	0.0243902	0.097561	0.292683
0.212121	0.0606061	0.393939	0.333333
0.15	0.075	0.55	0.225
0.193548	0.16129	0.225806	0.419355
0.466667	0.0333333	0.166667	0.333333
0.161184	0.161184	0.0789474	0.598684
0.463415	0.0243902	0.170732	0.341463
0.0454545	0.25	0.136364	0.568182
0.2	0.2	0.1	0.5
0.0243902	0.341463	0.0487805	0.585366
0.0769231	0.230769	0.538462	0.153846
0.533333	0.0333333	0.133333	0.3
0.125	0.290541	0.0304054	0.554054
0.8	0.0333333	0.0166667	0.15
0.325	0.2	0.1	0.375
0.836364	0.0181818	0.0909091	0.0545455
0.35	0.00833333	0.416667	0.225
0.32	0.08	0.12	0.48
0.0416667	0.03125	0.71875	0.208333
0.115385	0.365385	0.0192308	0.5
0.0377358	0.0377358	0.716981	0.207547
0.291667	0.0416667	0.0416667	0.625
0.703704	0.037037	0.185185	0.0740741
0.00653595	0.0653595	0.51634	0.411765
0.727273	0.0909091	0.0909091	0.0909091
0.876712	0.0410959	0.0410959	0.0410959
0.573913	0.026087	0.130435	0.269565
0.1	0.05	0.35	0.5
0.1875	0.125	0.21875	0.46875
0.348485	0.0757576	0.106061	0.469697
0.230769	0.0769231	0.423077	0.269231
0.59596	0.0808081	0.010101	0.313131
0.28	0.2	0.08	0.44
0.871795	0.025641	0.0769231	0.025641
0.0625	0.166667	0.0208333	0.75
0.0333333	0.2	0.0166667	0.75
0.00628931	0.0188679	0.0628931	0.91195
0.708333	0.125	0.0416667	0.125
0.666667	0.148148	0.148148	0.037037
0.142857	0.0952381	0.142857	0.619048
0.148148	0.037037	0.62963	0.185185
0.088685	0.590214	0.0428135	0.278287
0.42029	0.0869565	0.0724638	0.42029
0.730769	0.0769231	0.0384615	0.153846
0.105263	0.0526316	0.105263	0.736842
0.181034	0.0344828	0.103448	0.681034
0.0434783	0.173913	0.347826	0.434783
0.25	0.25	0.25	0.25
0.846154	0.0192308	0.0192308	0.115385
0.410256	0.128205	0.153846	0.307692
0.105263	0.0526316	0.315789	0.526316
0.25	0.25	0.25	0.25
0.0733945	0.293578	0.504587	0.12844
0.047619	0.047619	0.142857	0.761905
0.224138	0.310345	0.137931	0.327586
0.825	0.05	0.05	0.075
0.681159	0.0434783	0.173913	0.101449
0.107143	0.107143	0.107143	0.678571
0.424242	0.121212	0.212121	0.242424
0.809524	0.047619	0.0952381	0.047619
0.532609	0.0163043	0.146739	0.304348
0.05	0.05	0.05	0.85
0.190476	0.166667	0.047619	0.595238
0.078125	0.046875	0.5	0.375
0.25	0.295455	0.272727	0.181818
0.142857	0.142857	0.142857	0.571429
0.111111	0.185185	0.111111	0.592593
0.0909091	0.0909091	0.606061	0.212121
0.0307692	0.0769231	0.169231	0.723077
0.291667	0.25	0.375	0.0833333
0.0952381	0.238095	0.0952381	0.571429
0.0555556	0.222222	0.111111	0.611111
0.365854	0.170732	0.268293	0.195122
0.0689655	0.137931	0.0689655	0.724138
0.363636	0.0909091	0.363636	0.181818
0.619048	0.047619	0.0952381	0.238095
0.596774	0.016129	0.0645161	0.322581
0.671875	0.015625	0.015625	0.296875
0.2	0.0818182	0.0363636	0.681818
0.177778	0.111111	0.111111	0.6
0.1	0.466667	0.0833333	0.35
0.482456	0.0614035	0.105263	0.350877
0.030303	0.595041	0.0247934	0.349862
0.75	0.0625	0.0625	0.125
0.294118	0.117647	0.0588235	0.529412
0.0909091	0.0909091	0.0909091	0.727273
0.0769231	0.025641	0.717949	0.179487
0.7	0.05	0.1	0.15
0.575758	0.181818	0.121212	0.121212
0.157895	0.210526	0.105263	0.526316
0.0714286	0.214286	0.0714286	0.642857
0.00694444	0.0625	0.0208333	0.909722
0.0337079	0.0337079	0.0224719	0.910112
0.111111	0.222222	0.111111	0.555556
0.0769231	0.128205	0.102564	0.692308
0.363636	0.030303	0.393939	0.212121
0.0175439	0.122807	0.0175439	0.842105
0.6875	0.0520833	0.1875	0.0729167
0.636364	0.030303	0.151515	0.181818
0.017301	0.0380623	0.0795848	0.865052
0.587719	0.0789474	0.254386	0.0789474
0.586207	0.275862	0.0344828	0.103448
0.0694444	0.513889	0.0277778	0.388889
0.788462	0.134615	0.0192308	0.0576923
0.16129	0.0322581	0.580645	0.225806
0.269231	0.0769231	0.576923	0.0769231
0.2	0.1	0.4	0.3
0.87234	0.0212766	0.0638298	0.0425532
0.166667	0.0555556	0.222222	0.555556
0.702703	0.027027	0.0810811	0.189189
0.380435	0.163043	0.304348	0.152174
0.333333	0.176471	0.0392157	0.45098
0.385965	0.0175439	0.210526	0.385965
0.387097	0.0645161	0.129032	0.419355
0.25	0.25	0.25	0.25
0.655172	0.0689655	0.045977	0.229885
0.473684	0.105263	0.105263	0.315789
0.875	0.0208333	0.0625	0.0416667
0.075	0.2	0.025	0.7
0.761194	0.0149254	0.0597015	0.164179
0.0215827	0.201439	0.129496	0.647482
0.0271493	0.660633	0.0723982	0.239819
0.0751445	0.00578035	0.306358	0.612717
0.235294	0.161765	0.514706	0.0882353
0.863636	0.0454545	0.0454545	0.0454545
0.5	0.25	0.125	0.125
0.0789474	0.0263158	0.578947	0.315789
0.461538	0.0384615	0.25	0.25
0.279412	0.176471	0.132353	0.411765
0.228571	0.114286	0.371429	0.285714
0.423077	0.0384615	0.153846	0.384615
0.638889	0.0277778	0.25	0.0833333
0.0322581	0.225806	0.16129	0.580645
0.166667	0.0185185	0.481481	0.333333
0.444444	0.037037	0.462963	0.0555556
0.392857	0.214286	0.142857	0.25
0.826087	0.0434783	0.0434783	0.0869565
0.488372	0.0232558	0.0930233	0.395349
0.143713	0.0598802	0.526946	0.269461
0.126984	0.142857	0.031746	0.698413
0.0689655	0.137931	0.241379	0.551724
0.519231	0.0192308	0.134615	0.326923
0.269231	0.0384615	0.0769231	0.615385
0.266667	0.0666667	0.0666667	0.6
0.493827	0.135802	0.0246914	0.345679
0.0398406	0.0796813	0.0239044	0.856574
0.230769	0.153846	0.0769231	0.538462
0.0218978	0.737226	0.0145985	0.226277
0.757576	0.030303	0.0606061	0.151515
0.301205	0.0722892	0.0361446	0.590361
0.285714	0.142857	0.0714286	0.5
0.0952381	0.285714	0.142857	0.47619
0.046875	0.109375	0.046875	0.796875
0.372881	0.0847458	0.0847458	0.457627
0.25	0.25	0.25	0.25
0.538462	0.0769231	0.102564	0.282051
0.0877193	0.473684	0.0175439	0.421053
0.0277778	0.0833333	0.0277778	0.861111
0.555556	0.111111	0.0555556	0.277778
0.0973684	0.0868421	0.0236842	0.792105
0.1	0.15	0.15	0.6
0.592593	0.037037	0.148148	0.222222
0.15625	0.125	0.03125	0.6875
0.428571	0.0714286	0.142857	0.357143
0.446809	0.106383	0.0638298	0.382979
0.128205	0.0512821	0.487179	0.333333
0.152174	0.108696	0.152174	0.586957
0.125	0.145833	0.0625	0.666667
0.605744	0.0208877	0.0809399	0.292428
0.529412	0.0882353	0.0588235	0.323529
0.0292887	0.807531	0.0209205	0.142259
0.652174	0.0434783	0.173913	0.130435
0.679191	0.118497	0.115607	0.0867052
0.619048	0.142857	0.190476	0.047619
0.0210309	0.64866	0.12701	0.203299
0.104478	0.552239	0.149254	0.19403
0.541176	0.105882	0.0823529	0.270588
0.047619	0.285714	0.047619	0.619048
0.483333	0.133333	0.0166667	0.366667
0.0146789	0.0972477	0.0348624	0.853211
0.535714	0.0357143	0.392857	0.0357143
0.0357143	0.214286	0.0714286	0.678571
0.128205	0.461538	0.025641	0.384615
0.666667	0.0714286	0.0714286	0.190476
0.558442	0.103896	0.025974	0.311688
0.326923	0.173077	0.0192308	0.480769
0.0219178	0.69863	0.0876712	0.191781
0.526316	0.0526316	0.0526316	0.368421
0.222222	0.111111	0.111111	0.555556
0.0454545	0.0151515	0.0227273	0.916667
0.04	0.32	0.04	0.6
0.142857	0.285714	0.142857	0.428571
0.373832	0.0841121	0.00934579	0.53271
0.0606061	0.333333	0.151515	0.454545
0.147059	0.0294118	0.558824	0.264706
0.538462	0.0512821	0.0512821	0.358974
0.585366	0.0243902	0.0487805	0.341463
0.222222	0.111111	0.111111	0.555556
0.266667	0.0666667	0.6	0.0666667
0.4	0.16	0.12	0.32
0.255102	0.0816327	0.142857	0.520408
0.106383	0.255319	0.12766	0.510638
0.0945946	0.162162	0.351351	0.391892
0.0165563	0.225166	0.602649	0.155629
0.571429	0.0238095	0.309524	0.0952381
0.0232558	0.139535	0.0465116	0.790698
0.75	0.0555556	0.0277778	0.166667
0.103175	0.047619	0.460317	0.388889
0.019802	0.019802	0.019802	0.940594
0.222222	0.444444	0.0555556	0.277778
0.0869565	0.23913	0.0217391	0.652174
0.661017	0.0169492	0.0847458	0.237288
0.747573	0.0485437	0.0776699	0.126214
0.0869565	0.152174	0.0652174	0.695652
0.340426	0.0212766	0.382979	0.255319
0.738095	0.00952381	0.0904762	0.161905
0.892857	0.0178571	0.0535714	0.0357143
0.105263	0.210526	0.157895	0.526316
0.0851064	0.12766	0.0851064	0.702128
0.589744	0.0128205	0.0512821	0.346154
0.25	0.333333	0.0833333	0.333333
0.0769231	0.230769	0.538462	0.153846
0.5	0.125	0.125	0.25
0.0322581	0.290323	0.0322581	0.645161
0.0454545	0.454545	0.136364	0.363636
0.529412	0.0588235	0.0588235	0.352941
0.0454545	0.0151515	0.0909091	0.848485
0.135135	0.27027	0.027027	0.567568
0.603175	0.015873	0.222222	0.15873
0.28	0.12	0.36	0.24
0.173913	0.0434783	0.478261	0.304348
0.26	0.06	0.52	0.16
0.0163934	0.262295	0.0983607	0.622951
0.619718	0.126761	0.0704225	0.183099
0.129108	0.07277	0.701878	0.0962441
0.421053	0.0526316	0.236842	0.289474
0.0363636	0.163636	0.0727273	0.727273
0.0235294	0.105882	0.364706	0.505882
0.027027	0.135135	0.0540541	0.783784
0.605263	0.131579	0.171053	0.0921053
0.633094	0.0359712	0.122302	0.208633
0.04	0.24	0.08	0.64
0.66242	0.171975	0.0127389	0.152866
0.0294118	0.0588235	0.0588235	0.852941
0.135135	0.0540541	0.297297	0.513514
0.875862	0.00689655	0.0965517	0.0206897
0.5	0.111111	0.0555556	0.333333
0.125	0.625	0.0833333	0.166667
0.0416667	0.0416667	0.666667	0.25
0.0338983	0.118644	0.305085	0.542373
0.14	0.1	0.12	0.64
0.111111	0.166667	0.277778	0.444444
0.030303	0.242424	0.0909091	0.636364
0.181818	0.0909091	0.0909091	0.636364
0.0833333	0.0833333	0.25	0.583333
0.0454545	0.136364	0.0909091	0.727273
0.45	0.2	0.05	0.3
0.697368	0.105263	0.0263158	0.171053
0.166667	0.25	0.0277778	0.555556
0.244898	0.0408163	0.469388	0.244898
0.469027	0.0442478	0.150442	0.336283
0.102564	0.282051	0.0854701	0.529915
0.363636	0.272727	0.272727	0.0909091
0.53125	0.078125	0.015625	0.375
0.195652	0.347826	0.26087	0.195652
0.225806	0.129032	0.129032	0.516129
0.0434783	0.231884	0.275362	0.449275
0.0384615	0.192308	0.115385	0.653846
0.128205	0.115385	0.358974	0.397436
0.184211	0.0921053	0.0394737	0.684211
0.0193237	0.149758	0.768116	0.0628019
0.762887	0.113402	0.0103093	0.113402
0.411765	0.0588235	0.294118	0.235294
0.25	0.05	0.4	0.3
0.705882	0.0588235	0.0588235	0.176471
0.0588235	0.176471	0.0588235	0.705882
0.409091	0.227273	0.0454545	0.318182
0.08	0.04	0.52	0.36
0.212121	0.212121	0.181818	0.393939
0.0422535	0.507042	0.028169	0.422535
0.681818	0.0181818	0.0545455	0.245455
0.454545	0.0681818	0.0454545	0.431818
0.0943396	0.0377358	0.150943	0.716981
0.2	0.2	0.4	0.2
0.0181818	0.2	0.363636	0.418182
0.568627	0.0196078	0.0196078	0.392157
0.0666667	0.3	0.366667	0.266667
0.272727	0.0909091	0.454545	0.181818
0.833333	0.0238095	0.119048	0.0238095
0.0526316	0.473684	0.105263	0.368421
0.0460358	0.148338	0.0230179	0.782609
0.266667	0.133333	0.133333	0.466667
0.1	0.1	0.1	0.7
0.5625	0.0625	0.0625	0.3125
0.0588235	0.0588235	0.235294	0.647059
0.0153061	0.0867347	0.0204082	0.877551
0.238994	0.125786	0.358491	0.27673
0.28125	0.09375	0.15625	0.46875
0.23741	0.151079	0.129496	0.482014
0.0428571	0.857143	0.0285714	0.0714286
0.5	0.166667	0.166667	0.166667
0.0107527	0.72043	0.0107527	0.258065
0.548223	0.035533	0.116751	0.299492
0.176471	0.382353	0.352941	0.0882353
0.556962	0.0506329	0.0379747	0.35443
0.25	0.25	0.25	0.25
0.0833333	0.0833333	0.0833333	0.75
0.028169	0.0704225	0.0140845	0.887324
0.0729927	0.270073	0.0656934	0.591241
0.190476	0.047619	0.047619	0.714286
0.555556	0.0555556	0.277778	0.111111
0.0882353	0.323529	0.25	0.338235
0.352941	0.235294	0.117647	0.294118
0.2	0.2	0.32	0.28
0.0434783	0.217391	0.0869565	0.652174
0.0909091	0.12987	0.311688	0.467532
0.0227273	0.0681818	0.0227273	0.886364
0.111111	0.444444	0.037037	0.407407
0.267857	0.0714286	0.196429	0.464286
0.04	0.22	0.2	0.54
0.242424	0.0606061	0.424242	0.272727
0.6	0.0666667	0.266667	0.0666667
0.0625	0.25	0.0625	0.625
0.04	0.04	0.12	0.8
0.294118	0.0588235	0.117647	0.529412
0.25	0.25	0.25	0.25
0.5	0.15625	0.09375	0.25
0.220588	0.352941	0.0588235	0.367647
0.183673	0.0408163	0.591837	0.183673
0.0930233	0.139535	0.162791	0.604651
0.734375	0.046875	0.109375	0.109375
0.0784314	0.0588235	0.0392157	0.823529
0.0465116	0.395349	0.116279	0.44186
0.681818	0.0454545	0.0909091	0.181818
0.0810811	0.108108	0.135135	0.675676
0.26087	0.0434783	0.0434783	0.652174
0.428571	0.012987	0.363636	0.194805
0.111111	0.111111	0.166667	0.611111
0.575342	0.0136986	0.219178	0.191781
0.0218978	0.233577	0.0145985	0.729927
0.413793	0.091954	0.045977	0.448276
0.0657895	0.394737	0.0526316	0.486842
0.129032	0.322581	0.258065	0.290323
0.0340909	0.295455	0.0113636	0.659091
0.0724638	0.405797	0.0144928	0.507246
0.2	0.2	0.4	0.2
0.428571	0.142857	0.285714	0.142857
0.25	0.25	0.25	0.25
0.0442478	0.238938	0.00884956	0.707965
0.0561798	0.0224719	0.011236	0.910112
0.387097	0.0322581	0.0645161	0.516129
0.374046	0.221374	0.0534351	0.351145
0.0238095	0.0952381	0.0357143	0.845238
0.74359	0.102564	0.0769231	0.0769231
0.027027	0.0810811	0.0540541	0.837838
0.264151	0.0377358	0.660377	0.0377358
0.0238095	0.119048	0.047619	0.809524
0.0634921	0.31746	0.269841	0.349206
0.05	0.25	0.025	0.675
0.15	0.75	0.05	0.05
0.0263158	0.605263	0.0263158	0.342105
0.0243056	0.138889	0.0173611	0.819444
0.444444	0.037037	0.111111	0.407407
0.0444444	0.0888889	0.222222	0.644444
0.047619	0.0952381	0.619048	0.238095
0.588235	0.0588235	0.294118	0.0588235
0.779412	0.0294118	0.161765	0.0294118
0.818182	0.0454545	0.0454545	0.0909091
0.0276817	0.294118	0.0484429	0.629758
0.272727	0.0909091	0.181818	0.454545
0.186813	0.43956	0.0659341	0.307692
0.166667	0.0833333	0.25	0.5
0.137931	0.0344828	0.0344828	0.793103
0.230769	0.153846	0.153846	0.461538
0.533333	0.133333	0.0666667	0.266667
0.590164	0.0163934	0.0491803	0.344262
0.613333	0.0266667	0.146667	0.213333
0.337838	0.0810811	0.351351	0.22973
0.00398406	0.0836653	0.0159363	0.896414
0.0178571	0.0446429	0.830357	0.107143
0.153846	0.307692	0.153846	0.384615
0.403509	0.122807	0.0175439	0.45614
0.173913	0.0434783	0.347826	0.434783
0.0862069	0.37931	0.0172414	0.517241
0.290323	0.0967742	0.354839	0.258065
0.663462	0.00961538	0.201923	0.125
0.622754	0.101796	0.0958084	0.179641
0.733333	0.133333	0.0333333	0.1
0.25	0.25	0.25	0.25
0.0666667	0.0666667	0.2	0.666667
0.3125	0.25	0.125	0.3125
0.835962	0.0630915	0.00630915	0.0946372
0.230769	0.230769	0.461538	0.0769231
0.137931	0.103448	0.0689655	0.689655
0.118644	0.0508475	0.372881	0.457627
0.486239	0.256881	0.183486	0.0733945
0.443396	0.0754717	0.103774	0.377358
0.0363636	0.145455	0.0727273	0.745455
0.461538	0.205128	0.025641	0.307692
0.708571	0.00571429	0.0514286	0.234286
0.708333	0.0833333	0.0833333	0.125
0.206522	0.184783	0.0217391	0.586957
0.470588	0.176471	0.176471	0.176471
0.309677	0.0516129	0.00645161	0.632258
0.625	0.125	0.03125	0.21875
0.5	0.0967742	0.16129	0.241935
0.0075188	0.639098	0.0150376	0.338346
0.130435	0.0869565	0.0434783	0.73913
0.25	0.25	0.25	0.25
0.285714	0.238095	0.0238095	0.452381
0.142857	0.428571	0.142857	0.285714
0.0465116	0.27907	0.0465116	0.627907
0.0140845	0.211268	0.028169	0.746479
0.037037	0.199074	0.0648148	0.699074
0.05	0.45	0.05	0.45
0.583333	0.0416667	0.125	0.25
0.823529	0.0294118	0.0882353	0.0588235
0.133333	0.0666667	0.466667	0.333333
0.11969	0.00947187	0.86969	0.00114811
0.00757576	0.780303	0.00568182	0.206439
0.604317	0.0215827	0.18705	0.18705
0.0689655	0.37931	0.0689655	0.482759
0.785714	0.0714286	0.0714286	0.0714286
0.105263	0.105263	0.0526316	0.736842
0.40625	0.03125	0.03125	0.53125
0.657895	0.0263158	0.157895	0.157895
0.0740741	0.0740741	0.333333	0.518519
0.0851064	0.106383	0.0319149	0.776596
0.357143	0.142857	0.0714286	0.428571
0.732283	0.0393701	0.0314961	0.19685
0.111111	0.252525	0.020202	0.616162
0.0162338	0.00649351	0.928571	0.0487013
0.4	0.0333333	0.433333	0.133333
0.363636	0.272727	0.0909091	0.272727
0.125	0.625	0.125	0.125
0.903509	0.00877193	0.0350877	0.0526316
0.44898	0.510204	0.0204082	0.0204082
0.294118	0.117647	0.176471	0.411765
0.0333333	0.747619	0.0619048	0.157143
0.647887	0.0140845	0.0422535	0.295775
0.018018	0.135135	0.738739	0.108108
0.0952381	0.0952381	0.47619	0.333333
0.134328	0.558209	0.0119403	0.295522
0.166667	0.611111	0.0555556	0.166667
0.75	0.05	0.15	0.05
0.185841	0.079646	0.539823	0.19469
0.0909091	0.0909091	0.0909091	0.727273
0.120112	0.0670391	0.75419	0.0586592
0.0457921	0.00247525	0.875	0.0767327
0.0769231	0.230769	0.153846	0.538462
0.227273	0.136364	0.227273	0.409091
0.176471	0.117647	0.0588235	0.647059
0.0838509	0.15528	0.0217391	0.73913
0.0661157	0.0165289	0.446281	0.471074
0.369231	0.0307692	0.0307692	0.569231
0.5	0.04	0.12	0.34
0.108911	0.29703	0.0693069	0.524752
0.166667	0.0277778	0.5	0.305556
0.324324	0.108108	0.297297	0.27027
0.26087	0.130435	0.434783	0.173913
0.515152	0.121212	0.0606061	0.30303
0.25	0.25	0.25	0.25
0.283951	0.135802	0.308642	0.271605
0.357143	0.0952381	0.119048	0.428571
0.480769	0.0961538	0.115385	0.307692
0.0441459	0.773512	0.0287908	0.153551
0.361111	0.0555556	0.305556	0.277778
0.615385	0.0769231	0.0384615	0.269231
0.619718	0.112676	0.239437	0.028169
0.793103	0.0344828	0.103448	0.0689655
0.1425	0.5325	0.025	0.3
0.714286	0.0952381	0.142857	0.047619
0.0779221	0.142857	0.012987	0.766234
0.324074	0.00925926	0.0277778	0.638889
0.164948	0.216495	0.0103093	0.608247
0.102041	0.0408163	0.22449	0.632653
0.0810811	0.0810811	0.0540541	0.783784
0.0131579	0.0657895	0.289474	0.631579
0.25	0.25	0.25	0.25
0.470588	0.235294	0.117647	0.176471
0.108108	0.162162	0.0810811	0.648649
0.0106383	0.106383	0.0265957	0.856383
0.105263	0.157895	0.0526316	0.684211
0.25	0.25	0.25	0.25
0.380952	0.0952381	0.047619	0.47619
0.134146	0.0243902	0.5	0.341463
0.0434783	0.376812	0.0144928	0.565217
0.133333	0.1	0.333333	0.433333
0.333333	0.25641	0.153846	0.25641
0.3	0.3	0.1	0.3
0.277778	0.0555556	0.388889	0.277778
0.0909091	0.272727	0.363636	0.272727
0.770833	0.0416667	0.0416667	0.145833
0.277778	0.277778	0.111111	0.333333
0.0238095	0.119048	0.0238095	0.833333
0.3	0.075	0.2	0.425
0.6	0.15	0.138462	0.111538
0.709677	0.0322581	0.0322581	0.225806
0.621622	0.027027	0.027027	0.324324
0.730769	0.0384615	0.115385	0.115385
0.107143	0.130952	0.27381	0.488095
0.0952381	0.142857	0.047619	0.714286
0.461538	0.0769231	0.153846	0.307692
0.0208333	0.208333	0.208333	0.5625
0.315789	0.105263	0.0526316	0.526316
0.761905	0.047619	0.047619	0.142857
0.566265	0.0240964	0.0240964	0.385542
0.0740741	0.12963	0.0555556	0.740741
0.129032	0.258065	0.548387	0.0645161
0.514085	0.260563	0.147887	0.0774648
0.6	0.0166667	0.216667	0.166667
0.4	0.1	0.2	0.3
0.65	0.05	0.05	0.25
0.135135	0.135135	0.324324	0.405405
0.25	0.25	0.25	0.25
0.846154	0.0153846	0.0153846	0.123077
0.238095	0.214286	0.0238095	0.52381
0.420455	0.0568182	0.0909091	0.431818
0.129032	0.258065	0.112903	0.5
0.04	0.04	0.56	0.36
0.0693069	0.138614	0.049505	0.742574
0.658537	0.0487805	0.170732	0.121951
0.48	0.04	0.16	0.32
0.212121	0.272727	0.363636	0.151515
0.166667	0.0555556	0.0277778	0.75
0.375	0.3125	0.125	0.1875
0.5625	0.125	0.25	0.0625
0.5	0.125	0.0625	0.3125
0.153846	0.0769231	0.0769231	0.692308
0.826923	0.0192308	0.115385	0.0384615
0.744186	0.0310078	0.108527	0.116279
0.25	0.25	0.25	0.25
0.548387	0.0967742	0.0322581	0.322581
0.380282	0.084507	0.140845	0.394366
0.151079	0.158273	0.0107914	0.679856
0.16	0.32	0.08	0.44
0.0714286	0.142857	0.214286	0.571429
0.0869565	0.0434783	0.521739	0.347826
0.101266	0.518987	0.0253165	0.35443
0.485714	0.0285714	0.285714	0.2
0.275862	0.206897	0.172414	0.344828
0.222222	0.148148	0.185185	0.444444
0.0410678	0.301848	0.0944559	0.562628
0.1	0.6	0.1	0.2
0.2	0.1	0.2	0.5
0.701987	0.013245	0.10596	0.178808
0.300813	0.0243902	0.414634	0.260163
0.0167241	0.749139	0.0437777	0.190359
0.585366	0.0731707	0.0731707	0.268293
0.607143	0.0357143	0.0357143	0.321429
0.652174	0.0468227	0.113712	0.187291
0.583333	0.05	0.116667	0.25
0.391304	0.0869565	0.304348	0.217391
0.671875	0.0625	0.015625	0.25
0.509434	0.0188679	0.150943	0.320755
0.0362694	0.0984456	0.0259067	0.839378
0.673913	0.0652174	0.0434783	0.217391
0.307692	0.153846	0.153846	0.384615
0.0247253	0.785714	0.021978	0.167582
0.527778	0.166667	0.0833333	0.222222
0.0116279	0.151163	0.0116279	0.825581
0.0277778	0.0277778	0.472222	0.472222
0.0583942	0.656934	0.080292	0.20438
0.28125	0.03125	0.03125	0.65625
0.176471	0.176471	0.117647	0.529412
0.0465116	0.0775194	0.0697674	0.806202
0.241379	0.0344828	0.413793	0.310345
0.26087	0.217391	0.434783	0.0869565
0.254237	0.152542	0.0677966	0.525424
0.183673	0.0918367	0.408163	0.316327
0.534483	0.0862069	0.0862069	0.293103
0.846154	0.0153846	0.0307692	0.107692
0.481481	0.037037	0.148148	0.333333
0.4	0.02	0.3	0.28
0.0232558	0.232558	0.0232558	0.72093
0.5	0.125	0.125	0.25
0.676471	0.0294118	0.264706	0.0294118
0.0166667	0.666667	0.025	0.291667
0.0268007	0.0552764	0.038526	0.879397
0.423077	0.0384615	0.192308	0.346154
0.0394737	0.565789	0.0131579	0.381579
0.384615	0.0769231	0.0769231	0.461538
0.725806	0.016129	0.0806452	0.177419
0.472574	0.0632911	0.092827	0.371308
0.133333	0.2	0.0888889	0.577778
0.642857	0.107143	0.0892857	0.160714
0.357143	0.357143	0.142857	0.142857
0.628571	0.0285714	0.0285714	0.314286
0.0437528	0.0820929	0.719441	0.154714
0.2	0.4	0.2	0.2
0.0597015	0.432836	0.0447761	0.462687
0.1	0.1	0.1	0.7
0.820418	0.0418204	0.0664207	0.0713407
0.065678	0.471398	0.00529661	0.457627
0.703704	0.0740741	0.037037	0.185185
0.0131579	0.473684	0.0263158	0.486842
0.0692008	0.114035	0.582846	0.233918
0.714286	0.0571429	0.0285714	0.2
0.352941	0.294118	0.117647	0.235294
0.037037	0.222222	0.037037	0.703704
0.0714286	0.285714	0.357143	0.285714
0.633333	0.0444444	0.0333333	0.288889
0.677419	0.0645161	0.0322581	0.225806
0.439024	0.146341	0.268293	0.146341
0.0188679	0.207547	0.132075	0.641509
0.1	0.233333	0.0666667	0.6
0.323077	0.138462	0.153846	0.384615
0.105263	0.157895	0.105263	0.631579
0.0666667	0.111111	0.0518519	0.77037
0.5	0.05	0.25	0.2
0.727273	0.030303	0.151515	0.0909091
0.285714	0.142857	0.285714	0.285714
0.0833333	0.0277778	0.333333	0.555556
0.0909091	0.181818	0.136364	0.590909
0.0555556	0.0555556	0.0555556	0.833333
0.583333	0.25	0.0833333	0.0833333
0.705882	0.0392157	0.117647	0.137255
0.25	0.25	0.25	0.25
0.439394	0.0606061	0.257576	0.242424
0.307692	0.0384615	0.346154	0.307692
0.2	0.0666667	0.266667	0.466667
0.0540541	0.135135	0.675676	0.135135
0.025	0.28	0.05	0.645
0.625	0.0113636	0.0454545	0.318182
0.6875	0.0625	0.0625	0.1875
0.389831	0.0169492	0.338983	0.254237
0.53125	0.03125	0.03125	0.40625
0.0444444	0.2	0.0444444	0.711111
0.0204082	0.204082	0.102041	0.673469
0.160377	0.150943	0.0566038	0.632075
0.461538	0.0384615	0.269231	0.230769
0.25	0.25	0.25	0.25
0.0625	0.0817308	0.552885	0.302885
0.0666667	0.177778	0.111111	0.644444
0.277778	0.0555556	0.111111	0.555556
0.644444	0.0444444	0.0888889	0.222222
0.473684	0.105263	0.0526316	0.368421
0.545455	0.181818	0.030303	0.242424
0.0666667	0.166667	0.0166667	0.75
0.277778	0.166667	0.166667	0.388889
0.6	0.133333	0.0666667	0.2
0.640625	0.015625	0.109375	0.234375
0.421053	0.157895	0.0526316	0.368421
0.0212766	0.550827	0.0236407	0.404255
0.0714286	0.0952381	0.0595238	0.77381
0.828571	0.0857143	0.0285714	0.0571429
0.185185	0.037037	0.037037	0.740741
0.104167	0.0208333	0.791667	0.0833333
0.627907	0.0348837	0.0116279	0.325581
0.555556	0.222222	0.166667	0.0555556
0.727273	0.0454545	0.0454545	0.181818
0.153846	0.153846	0.0769231	0.615385
0.357143	0.142857	0.25	0.25
0.0769231	0.0769231	0.538462	0.307692
0.0677966	0.0847458	0.101695	0.745763
0.714286	0.0714286	0.107143	0.107143
0.142857	0.142857	0.142857	0.571429
0.038961	0.649351	0.038961	0.272727
0.378049	0.0609756	0.256098	0.304878
0.166667	0.166667	0.25	0.416667
0.222222	0.222222	0.111111	0.444444
0.545455	0.00909091	0.236364	0.209091
0.520833	0.104167	0.0208333	0.354167
0.210526	0.105263	0.0526316	0.631579
0.606061	0.0606061	0.030303	0.30303
0.163636	0.127273	0.236364	0.472727
0.101124	0.146067	0.646067	0.106742
0.3125	0.03125	0.5	0.15625
0.0285714	0.142857	0.0285714	0.8
0.517241	0.172414	0.137931	0.172414
0.045977	0.103448	0.045977	0.804598
0.48062	0.0826873	0.126615	0.310078
0.555556	0.222222	0.185185	0.037037
0.222222	0.222222	0.444444	0.111111
0.269231	0.153846	0.134615	0.442308
0.0952381	0.047619	0.666667	0.190476
0.1	0.366667	0.0666667	0.466667
0.5	0.1	0.1	0.3
0.54023	0.0344828	0.0574713	0.367816
0.0410959	0.765411	0.0462329	0.14726
0.409091	0.136364	0.25	0.204545
0.111111	0.555556	0.111111	0.222222
0.025641	0.025641	0.0769231	0.871795
0.636364	0.0454545	0.0454545	0.272727
0.728571	0.0714286	0.0142857	0.185714
0.571429	0.0714286	0.142857	0.214286
0.7	0.1	0.1	0.1
0.4	0.142857	0.257143	0.2
0.52381	0.047619	0.047619	0.380952
0.4375	0.25	0.1875	0.125
0.391304	0.0434783	0.0434783	0.521739
0.46729	0.0747664	0.130841	0.327103
0.00239808	0.664269	0.00719424	0.326139
0.466667	0.0666667	0.2	0.266667
0.130435	0.130435	0.521739	0.217391
0.676768	0.0505051	0.242424	0.030303
0.628571	0.0571429	0.0571429	0.257143
0.25	0.113636	0.159091	0.477273
0.00925926	0.907407	0.0277778	0.0555556
0.108696	0.326087	0.0652174	0.5
0.0327869	0.278689	0.0327869	0.655738
0.531532	0.036036	0.108108	0.324324
0.2	0.15	0.25	0.4
0.0551181	0.362205	0.0590551	0.523622
0.0457317	0.664634	0.0243902	0.265244
0.0945946	0.216216	0.0405405	0.648649
0.625	0.125	0.125	0.125
0.0201729	0.213256	0.092219	0.674352
0.614458	0.0361446	0.325301	0.0240964
0.0060241	0.680723	0.0240964	0.289157
0.0228385	0.0391517	0.593801	0.344209
0.482759	0.143678	0.0114943	0.362069
0.216216	0.0540541	0.567568	0.162162
0.0227273	0.272727	0.0227273	0.681818
0.555556	0.111111	0.222222	0.111111
0.6	0.18	0.02	0.2
0.25	0.25	0.25	0.25
0.0136986	0.452055	0.0273973	0.506849
0.380952	0.047619	0.285714	0.285714
0.25	0.25	0.125	0.375
0.765306	0.0204082	0.0612245	0.153061
0.597765	0.00558659	0.027933	0.368715
0.672414	0.0172414	0.172414	0.137931
0.363636	0.181818	0.181818	0.272727
0.166667	0.166667	0.166667	0.5
0.534884	0.139535	0.0697674	0.255814
0.2	0.1	0.2	0.5
0.25	0.1	0.55	0.1
0.25	0.25	0.25	0.25
0.142857	0.285714	0.285714	0.285714
0.027027	0.324324	0.27027	0.378378
0.576923	0.0384615	0.0192308	0.365385
0.3125	0.0625	0.125	0.5
0.25	0.25	0.25	0.25
0.357143	0.214286	0.142857	0.285714
0.142857	0.285714	0.142857	0.428571
0.183099	0.338028	0.112676	0.366197
0.0833333	0.416667	0.0416667	0.458333
0.333333	0.333333	0.25	0.0833333
0.550725	0.0362319	0.0144928	0.398551
0.0625	0.458333	0.0416667	0.4375
0.65625	0.03125	0.09375	0.21875
0.433333	0.0333333	0.0333333	0.5
0.0666667	0.0666667	0.133333	0.733333
0.25	0.25	0.25	0.25
0.169231	0.0153846	0.0615385	0.753846
0.294118	0.294118	0.0882353	0.323529
0.170732	0.219512	0.0731707	0.536585
0.1875	0.325	0.0625	0.425
0.157143	0.0857143	0.571429	0.185714
0.52381	0.0952381	0.190476	0.190476
0.380952	0.190476	0.047619	0.380952
0.3	0.183333	0.0666667	0.45
0.633803	0.028169	0.211268	0.126761
0.83871	0.0322581	0.0967742	0.0322581
0.494253	0.0114943	0.0344828	0.45977
0.144928	0.0869565	0.0144928	0.753623
0.0666667	0.0666667	0.433333	0.433333
0.111111	0.333333	0.0555556	0.5
0.4	0.1	0.1	0.4
0.222222	0.155556	0.155556	0.466667
0.727273	0.0606061	0.0606061	0.151515
0.133333	0.2	0.133333	0.533333
0.333333	0.111111	0.222222	0.333333
0.357143	0.0238095	0.119048	0.5
0.208333	0.0416667	0.125	0.625
0.538462	0.153846	0.0769231	0.230769
0.464286	0.0714286	0.0357143	0.428571
0.58871	0.0645161	0.120968	0.225806
0.2	0.133333	0.2	0.466667
0.181818	0.354545	0.0272727	0.436364
0.125	0.166667	0.166667	0.541667
0.428571	0.0285714	0.4	0.142857
0.467153	0.0510949	0.0510949	0.430657
0.2	0.1	0.2	0.5
0.2	0.133333	0.25	0.416667
0.192308	0.0769231	0.423077	0.307692
0.2	0.1	0.1	0.6
0.111111	0.0740741	0.388889	0.425926
0.647059	0.0588235	0.235294	0.0588235
0.142857	0.142857	0.428571	0.285714
0.166667	0.333333	0.166667	0.333333
0.222222	0.222222	0.111111	0.444444
0.25	0.291667	0.0416667	0.416667
0.05	0.15	0.15	0.65
0.0555556	0.222222	0.166667	0.555556
0.234043	0.0212766	0.510638	0.234043
0.55	0.05	0.35	0.05
0.157895	0.0526316	0.263158	0.526316
0.432432	0.0540541	0.0135135	0.5
0.62963	0.037037	0.0740741	0.259259
0.534884	0.0232558	0.0813953	0.360465
0.372093	0.27907	0.0465116	0.302326
0.0382514	0.535519	0.00546448	0.420765
0.481013	0.0759494	0.0759494	0.367089
0.135135	0.27027	0.0540541	0.540541
0.097561	0.0243902	0.682927	0.195122
0.0140187	0.175234	0.0514019	0.759346
0.111111	0.333333	0.222222	0.333333
0.653846	0.0192308	0.134615	0.192308
0.553191	0.0638298	0.106383	0.276596
0.211864	0.0635593	0.0211864	0.70339
0.0833333	0.208333	0.208333	0.5
0.304348	0.0434783	0.391304	0.26087
0.133333	0.166667	0.433333	0.266667
0.472222	0.0277778	0.194444	0.305556
0.705882	0.0588235	0.117647	0.117647
0.619048	0.047619	0.0952381	0.238095
0.452055	0.0136986	0.232877	0.30137
0.660377	0.0188679	0.113208	0.207547
0.0574713	0.287356	0.0689655	0.586207
0.201835	0.174312	0.256881	0.366972
0.58	0.02	0.18	0.22
0.00543478	0.733696	0.00543478	0.255435
0.293333	0.0266667	0.0933333	0.586667
0.25	0.25	0.25	0.25
0.0785714	0.257143	0.0142857	0.65
0.04	0.4	0.0266667	0.533333
0.363636	0.181818	0.0909091	0.363636
0.0175439	0.473684	0.0175439	0.491228
0.0153846	0.338462	0.0153846	0.630769
0.267606	0.239437	0.0422535	0.450704
0.046875	0.3125	0.0625	0.578125
0.0413223	0.140496	0.0165289	0.801653
0.1	0.1	0.1	0.7
0.5625	0.3125	0.0625	0.0625
0.32	0.24	0.0133333	0.426667
0.621622	0.0810811	0.0810811	0.216216
0.125	0.375	0.0416667	0.458333
0.456274	0.0912548	0.0456274	0.406844
0.483871	0.258065	0.0322581	0.225806
0.5	0.0277778	0.166667	0.305556
0.15625	0.1875	0.03125	0.625
0.483871	0.0322581	0.225806	0.258065
0.08	0.16	0.68	0.08
0.21875	0.125	0.25	0.40625
0.0322581	0.33871	0.016129	0.612903
0.0833333	0.166667	0.25	0.5
0.113636	0.113636	0.113636	0.659091
0.123288	0.109589	0.0136986	0.753425
0.4	0.1	0.4	0.1
0.333333	0.047619	0.333333	0.285714
0.111111	0.444444	0.111111	0.333333
0.642857	0.0238095	0.0952381	0.238095
0.4375	0.1875	0.1875	0.1875
0.0441176	0.147059	0.0735294	0.735294
0.0514096	0.026534	0.877833	0.0442233
0.638889	0.0277778	0.0555556	0.277778
0.638298	0.0425532	0.0212766	0.297872
0.0625	0.25	0.0625	0.625
0.75	0.0178571	0.107143	0.125
0.186047	0.255814	0.116279	0.44186
0.82	0.02	0.04	0.12
0.851351	0.0405405	0.027027	0.0810811
0.147059	0.0294118	0.558824	0.264706
0.0350877	0.173489	0.042885	0.748538
0.3125	0.1875	0.125	0.375
0.368421	0.0789474	0.131579	0.421053
0.25	0.25	0.25	0.25
0.25	0.25	0.25	0.25
0.0274725	0.107143	0.0796703	0.785714
0.463158	0.0105263	0.463158	0.0631579
0.0625	0.0625	0.1875	0.6875
0.97094	0.0188034	0.00683761	0.0034188
0.7	0.0666667	0.166667	0.0666667
0.851351	0.0135135	0.0540541	0.0810811
0.153846	0.0192308	0.480769	0.346154
0.5	0.142857	0.0714286	0.285714
0.45	0.0166667	0.35	0.183333
0.285714	0.142857	0.428571	0.142857
0.3	0.2	0.3	0.2
0.666667	0.222222	0.0555556	0.0555556
0.0454545	0.227273	0.0909091	0.636364
0.470588	0.117647	0.176471	0.235294
0.703704	0.037037	0.037037	0.222222
0.219643	0.103571	0.108929	0.567857
0.173077	0.134615	0.461538	0.230769
0.468085	0.12766	0.0212766	0.382979
0.111111	0.0555556	0.111111	0.722222
0.25	0.25	0.25	0.25
0.125	0.21875	0.03125	0.625
0.0952381	0.142857	0.0952381	0.666667
0.625	0.25	0.0625	0.0625
0.125	0.125	0.125	0.625
0.0344828	0.172414	0.137931	0.655172
0.214286	0.471429	0.0285714	0.285714
0.333333	0.0555556	0.166667	0.444444
0.404255	0.0212766	0.170213	0.404255
0.03125	0.28125	0.109375	0.578125
0.00514801	0.740026	0.037323	0.217503
0.138889	0.101852	0.435185	0.324074
0.471429	0.0142857	0.0857143	0.428571
0.421053	0.0526316	0.263158	0.263158
0.8375	0.0125	0.125	0.025
0.278689	0.0163934	0.327869	0.377049
0.0745342	0.0310559	0.409938	0.484472
0.166667	0.0714286	0.238095	0.52381
0.0373832	0.514019	0.0280374	0.420561
0.704545	0.0227273	0.159091	0.113636
0.2	0.2	0.2	0.4
0.695652	0.0869565	0.0434783	0.173913
0.444444	0.166667	0.0555556	0.333333
0.0764331	0.10828	0.496815	0.318471
0.25	0.25	0.25	0.25
0.25	0.25	0.25	0.25
0.0952381	0.0952381	0.428571	0.380952
0.5	0.02	0.26	0.22
0.0432973	0.699417	0.029975	0.227311
0.4	0.2	0.1	0.3
0.777778	0.0555556	0.0555556	0.111111
0.517241	0.0344828	0.172414	0.275862
0.454545	0.0454545	0.363636	0.136364
0.592233	0.15534	0.038835	0.213592
0.25	0.25	0.25	0.25
0.571429	0.2	0.2	0.0285714
0.465649	0.0305344	0.0152672	0.48855
0.0615385	0.0153846	0.0923077	0.830769
0.66	0.04	0.12	0.18
0.105263	0.263158	0.0526316	0.578947
0.583333	0.145833	0.0208333	0.25
0.0677966	0.135593	0.0338983	0.762712
0.0714286	0.047619	0.190476	0.690476
0.142857	0.142857	0.142857	0.571429
0.352941	0.0588235	0.411765	0.176471
0.235294	0.176471	0.176471	0.411765
0.190476	0.0952381	0.333333	0.380952
0.0599369	0.0473186	0.00946372	0.883281
0.176471	0.0588235	0.117647	0.647059
0.333333	0.166667	0.166667	0.333333
0.333333	0.259259	0.185185	0.222222
0.125	0.0416667	0.541667	0.291667
0.0148148	0.633333	0.0777778	0.274074
0.571429	0.0535714	0.0178571	0.357143
0.0454545	0.272727	0.0454545	0.636364
0.0566038	0.0377358	0.641509	0.264151
0.235294	0.117647	0.176471	0.470588
0.0208333	0.458333	0.125	0.395833
0.857143	0.025974	0.012987	0.103896
0.285714	0.228571	0.257143	0.228571
0.25	0.25	0.25	0.25
0.25	0.25	0.25	0.25
0.166667	0.1	0.166667	0.566667
0.538462	0.0769231	0.0769231	0.307692
0.551724	0.103448	0.310345	0.0344828
0.0182482	0.779197	0.104015	0.0985401
0.125	0.0625	0.125	0.6875
0.125	0.0340909	0.0511364	0.789773
0.536585	0.097561	0.268293	0.097561
0.139344	0.0491803	0.598361	0.213115
0.436364	0.0181818	0.0909091	0.454545
0.333333	0.0555556	0.0555556	0.555556
0.21	0.08	0.1	0.61
0.125	0.1875	0.3125	0.375
0.0692521	0.232687	0.379501	0.31856
0.275862	0.0344828	0.206897	0.482759
0.235294	0.0588235	0.235294	0.470588
0.0243902	0.243902	0.268293	0.463415
0.740741	0.111111	0.111111	0.037037
0.661972	0.084507	0.126761	0.126761
0.25	0.25	0.25	0.25
0.25	0.25	0.25	0.25
0.202703	0.0405405	0.310811	0.445946
0.42623	0.122951	0.0163934	0.434426
0.4	0.2	0.2	0.2
0.105263	0.0526316	0.157895	0.684211
0.615385	0.010989	0.021978	0.351648
0.130435	0.0869565	0.101449	0.681159
0.174757	0.0291262	0.61165	0.184466
0.47619	0.0535714	0.119048	0.35119
0.634146	0.0487805	0.0487805	0.268293
0.291667	0.0416667	0.25	0.416667
0.87037	0.0185185	0.0925926	0.0185185
0.166667	0.333333	0.166667	0.333333
0.115385	0.115385	0.0384615	0.730769
0.0344828	0.103448	0.465517	0.396552
0.3	0.0166667	0.333333	0.35
0.0392157	0.72549	0.0980392	0.137255
0.146341	0.0487805	0.0731707	0.731707
0.25	0.0833333	0.0833333	0.583333
0.125	0.15625	0.375	0.34375
0.333333	0.0666667	0.333333	0.266667
0.0909091	0.113636	0.284091	0.511364
0.375	0.125	0.125	0.375
0.0869565	0.565217	0.0434783	0.304348
0.2	0.2	0.2	0.4
0.616667	0.0166667	0.35	0.0166667
0.150538	0.0672043	0.580645	0.201613
0.428571	0.142857	0.285714	0.142857
0.25	0.25	0.25	0.25
0.421053	0.0526316	0.263158	0.263158
0.181818	0.136364	0.181818	0.5
0.606557	0.0163934	0.213115	0.163934
0.108696	0.630435	0.0108696	0.25
0.237288	0.0779661	0.318644	0.366102
0.454545	0.0454545	0.0909091	0.409091
0.28	0.02	0.34	0.36
0.714286	0.0714286	0.142857	0.0714286
0.0185185	0.185185	0.0555556	0.740741
0.0175439	0.0175439	0.0818713	0.883041
0.608696	0.0434783	0.0434783	0.304348
0.409091	0.0795455	0.0568182	0.454545
0.855634	0.0246479	0.0950704	0.0246479
0.611111	0.138889	0.0277778	0.222222
0.685185	0.0185185	0.12963	0.166667
0.0384615	0.461538	0.230769	0.269231
0.375	0.25	0.125	0.25
0.031746	0.742857	0.015873	0.209524
0.0536765	0.0286765	0.801471	0.116176
0.0952381	0.666667	0.047619	0.190476
0.0588235	0.0294118	0.0294118	0.882353
0.0934579	0.0841121	0.0280374	0.794393
0.7	0.1	0.05	0.15
0.423077	0.0769231	0.153846	0.346154
0.45	0.05	0.45	0.05
0.225806	0.129032	0.290323	0.354839
0.08	0.08	0.68	0.16
0.25	0.25	0.25	0.25
0.08	0.2	0.12	0.6
0.5	0.1	0.1	0.3
0.0215054	0.860215	0.0107527	0.107527
0.164835	0.0989011	0.681319	0.0549451
0.333333	0.0588235	0.352941	0.254902
0.507937	0.015873	0.0634921	0.412698
0.06	0.66	0.02	0.26
0.5	0.0833333	0.166667	0.25
0.514286	0.0285714	0.285714	0.171429
0.12	0.36	0.045	0.475
0.214286	0.0714286	0.571429	0.142857
0.30303	0.242424	0.0606061	0.393939
0.3	0.5	0.05	0.15
0.0697674	0.55814	0.139535	0.232558
0.444444	0.194444	0.0277778	0.333333
0.111111	0.222222	0.222222	0.444444
0.473684	0.0263158	0.0263158	0.473684
0.565217	0.217391	0.173913	0.0434783
0.4375	0.0625	0.25	0.25
0.0882353	0.382353	0.117647	0.411765
0.0666667	0.116667	0.1	0.716667
0.122449	0.44898	0.0612245	0.367347
0.517241	0.0344828	0.0344828	0.413793
0.230769	0.153846	0.0769231	0.538462
0.1	0.3	0.1	0.5
0.125	0.125	0.25	0.5
0.555556	0.111111	0.037037	0.296296
0.05	0.316667	0.0833333	0.55
0.428571	0.285714	0.142857	0.142857
0.2	0.2	0.2	0.4
0.678571	0.0357143	0.0178571	0.267857
0.122807	0.0175439	0.298246	0.561404
0.636364	0.0454545	0.0909091	0.227273
0.545455	0.181818	0.181818	0.0909091
0.0833333	0.125	0.0208333	0.770833
0.685714	0.00571429	0.0285714	0.28
0.185185	0.037037	0.037037	0.740741
0.173913	0.0869565	0.0434783	0.695652
0.0833333	0.0416667	0.208333	0.666667
0.166667	0.5	0.166667	0.166667
0.285714	0.142857	0.285714	0.285714
0.756098	0.0243902	0.0731707	0.146341
0.0145985	0.0437956	0.0218978	0.919708
0.292683	0.121951	0.0243902	0.560976
0.0769231	0.0769231	0.384615	0.461538
0.333333	0.111111	0.333333	0.222222
0.214286	0.0178571	0.571429	0.196429
0.161765	0.154412	0.154412	0.529412
0.0526316	0.263158	0.0526316	0.631579
0.097561	0.268293	0.317073	0.317073
0.133333	0.333333	0.2	0.333333
0.0769231	0.307692	0.0769231	0.538462
0.538462	0.0769231	0.307692	0.0769231
0.427419	0.0967742	0.0725806	0.403226
0.322581	0.0967742	0.0645161	0.516129
0.526316	0.105263	0.210526	0.157895
0.0869565	0.0434783	0.347826	0.521739
0.48	0.04	0.24	0.24
0.541176	0.0117647	0.117647	0.329412
0.277778	0.0555556	0.111111	0.555556
0.111111	0.222222	0.111111	0.555556
0.468085	0.0212766	0.276596	0.234043
0.227273	0.0454545	0.0454545	0.681818
0.142857	0.0952381	0.571429	0.190476
0.45	0.05	0.2	0.3
0.166667	0.0833333	0.0833333	0.666667
0.146341	0.121951	0.170732	0.560976
0.25	0.25	0.25	0.25
0.393939	0.030303	0.151515	0.424242
0.0123457	0.197531	0.160494	0.62963
0.352941	0.117647	0.176471	0.352941
0.606061	0.0909091	0.030303	0.272727
0.111111	0.555556	0.222222	0.111111
0.5	0.277778	0.166667	0.0555556
0.0805369	0.322148	0.00671141	0.590604
0.0294118	0.294118	0.176471	0.5
0.333333	0.151515	0.030303	0.484848
0.296875	0.28125	0.109375	0.3125
0.322581	0.0322581	0.419355	0.225806
0.1	0.1	0.1	0.7
0.833333	0.0555556	0.0555556	0.0555556
0.468293	0.0097561	0.0097561	0.512195
0.0252101	0.915966	0.00420168	0.0546218
0.785714	0.0357143	0.0714286	0.107143
0.133333	0.333333	0.2	0.333333
0.612903	0.0322581	0.0645161	0.290323
0.348837	0.0232558	0.229236	0.398671
0.25	0.1875	0.0625	0.5
0.142857	0.142857	0.142857	0.571429
0.0952381	0.0952381	0.571429	0.238095
0.0909091	0.181818	0.0909091	0.636364
0.173913	0.0434783	0.0434783	0.73913
0.35	0.15	0.45	0.05
0.52	0.12	0.2	0.16
0.560976	0.097561	0.0731707	0.268293
0.545455	0.0454545	0.0681818	0.340909
0.0277778	0.0833333	0.111111	0.777778
0.526316	0.0526316	0.210526	0.210526
0.121212	0.0606061	0.484848	0.333333
0.12963	0.185185	0.0925926	0.592593
0.0645161	0.225806	0.129032	0.580645
0.238095	0.190476	0.0952381	0.47619
0.0204082	0.44898	0.0204082	0.510204
0.0666667	0.666667	0.0666667	0.2
0.375	0.125	0.15625	0.34375
0.00864553	0.193084	0.0345821	0.763689
0.804348	0.0434783	0.0869565	0.0652174
0.272727	0.272727	0.030303	0.424242
0.392	0.04	0.216	0.352
0.375	0.125	0.125	0.375
0.186047	0.139535	0.209302	0.465116
0.0967742	0.0322581	0.483871	0.387097
0.315789	0.0526316	0.368421	0.263158
0.542373	0.0677966	0.0338983	0.355932
0.171429	0.4	0.0285714	0.4
0.09375	0.0625	0.828125	0.015625
0.04	0.24	0.04	0.68
0.0769231	0.230769	0.0384615	0.653846
0.137255	0.156863	0.372549	0.333333
0.3125	0.1875	0.0625	0.4375
0.117647	0.117647	0.0588235	0.705882
0.390625	0.015625	0.1875	0.40625
0.0189873	0.78481	0.0379747	0.158228
0.686275	0.0261438	0.0261438	0.261438
0.142857	0.380952	0.047619	0.428571
0.0489914	0.0893372	0.0979827	0.763689
0.0217391	0.108696	0.0108696	0.858696
0.426667	0.0233333	0.0166667	0.533333
0.0102041	0.454082	0.00510204	0.530612
0.077346	0.672287	0.156158	0.0942082
0.294118	0.205882	0.0882353	0.411765
0.1	0.15	0.25	0.5
0.526316	0.0526316	0.184211	0.236842
0.116809	0.0569801	0.635328	0.190883
0.52	0.08	0.22	0.18
0.425532	0.0638298	0.0425532	0.468085
0.142857	0.0714286	0.357143	0.428571
0.25	0.25	0.125	0.375
0.4375	0.25	0.09375	0.21875
0.628571	0.142857	0.0571429	0.171429
0.333333	0.0833333	0.0833333	0.5
0.0638298	0.319149	0.0425532	0.574468
0.0344828	0.137931	0.0344828	0.793103
0.532258	0.225806	0.0322581	0.209677
0.0958904	0.164384	0.0410959	0.69863
0.30137	0.424658	0.0547945	0.219178
0.137931	0.137931	0.0172414	0.706897
0.0141844	0.791962	0.0378251	0.156028
0.15	0.05	0.1	0.7
0.831019	0.0439815	0.00694444	0.118056
0.351351	0.0540541	0.459459	0.135135
0.222222	0.111111	0.222222	0.444444
0.653846	0.0384615	0.153846	0.153846
0.0659898	0.279188	0.0304569	0.624365
0.0263158	0.0263158	0.0789474	0.868421
0.111111	0.333333	0.222222	0.333333
0.485714	0.0285714	0.185714	0.3
0.651163	0.0232558	0.0465116	0.27907
0.65625	0.0133929	0.191964	0.138393
0.6	0.0666667	0.0666667	0.266667
0.297297	0.108108	0.189189	0.405405
0.0434783	0.0869565	0.173913	0.695652
0.625	0.0833333	0.0416667	0.25
0.0384615	0.423077	0.0384615	0.5
0.422222	0.0222222	0.377778	0.177778
0.171429	0.171429	0.0285714	0.628571
0.22	0.18	0.02	0.58
0.1875	0.25	0.125	0.4375
0.40625	0.03125	0.03125	0.53125
0.892857	0.0357143	0.0357143	0.0357143
0.2	0.166667	0.2	0.433333
0.230769	0.0769231	0.153846	0.538462
0.0218069	0.0249221	0.0218069	0.931464
0.0888889	0.111111	0.288889	0.511111
0.588235	0.235294	0.117647	0.0588235
0.0463918	0.391753	0.0154639	0.546392
0.0677966	0.305085	0.0847458	0.542373
0.621951	0.0243902	0.0121951	0.341463
0.555556	0.111111	0.0555556	0.277778
0.403846	0.0576923	0.230769	0.307692
0.56044	0.131868	0.0659341	0.241758
0.142857	0.285714	0.428571	0.142857
0.0454545	0.0454545	0.0454545	0.863636
0.0555556	0.277778	0.277778	0.388889
0.714286	0.0952381	0.0952381	0.0952381
0.272727	0.0909091	0.545455	0.0909091
0.25	0.166667	0.166667	0.416667
0.338235	0.0147059	0.0882353	0.558824
0.0606061	0.69697	0.0151515	0.227273
0.52	0.08	0.16	0.24
0.375	0.0625	0.0625	0.5
0.8	0.05	0.1	0.05
0.655172	0.0344828	0.224138	0.0862069
0.24537	0.0138889	0.226852	0.513889
0.0277778	0.0277778	0.166667	0.777778
0.736842	0.105263	0.0526316	0.105263
0.4	0.1	0.3	0.2
0.68	0.02	0.1	0.2
0.419355	0.0645161	0.0322581	0.483871
0.0152905	0.366972	0.030581	0.587156
0.25	0.05	0.4	0.3
0.105263	0.189474	0.0736842	0.631579
0.75	0.107143	0.0357143	0.107143
0.760563	0.0492958	0.0774648	0.112676
0.45	0.2	0.05	0.3
0.136364	0.181818	0.0227273	0.659091
0.156627	0.0240964	0.590361	0.228916
0.2	0.0222222	0.0666667	0.711111
0.46	0.04	0.04	0.46
0.12	0.08	0.42	0.38
0.54955	0.0990991	0.0540541	0.297297
0.307692	0.115385	0.0576923	0.519231
0.030303	0.0909091	0.393939	0.484848
0.461538	0.0769231	0.307692	0.153846
0.118644	0.20339	0.0169492	0.661017
0.0555556	0.111111	0.444444	0.388889
0.5	0.0384615	0.0769231	0.384615
0.205882	0.485294	0.0735294	0.235294
0.4	0.2	0.2	0.2
0.121212	0.121212	0.0909091	0.666667
0.294118	0.117647	0.0588235	0.529412
0.333333	0.166667	0.166667	0.333333
0.105263	0.368421	0.236842	0.289474
0.407407	0.148148	0.148148	0.296296
0.818182	0.0454545	0.0909091	0.0454545
0.5	0.0689655	0.224138	0.206897
0.0786517	0.337079	0.0449438	0.539326
0.016129	0.274194	0.0483871	0.66129
0.133333	0.283333	0.05	0.533333
0.243243	0.0540541	0.540541	0.162162
0.615385	0.192308	0.0769231	0.115385
0.555556	0.0185185	0.0462963	0.37963
0.0687831	0.116402	0.042328	0.772487
0.5375	0.025	0.0625	0.375
0.0625	0.125	0.0625	0.75
0.482759	0.0689655	0.310345	0.137931
0.5	0.0625	0.375	0.0625
0.186047	0.0232558	0.139535	0.651163
0.133333	0.2	0.133333	0.533333
0.55	0.05	0.15	0.25
0.418919	0.0878378	0.0135135	0.47973
0.181818	0.0909091	0.454545	0.272727
0.0327869	0.344262	0.0163934	0.606557
0.0153846	0.138462	0.553846	0.292308
0.166667	0.0833333	0.375	0.375
0.0512821	0.153846	0.25641	0.538462
0.0149408	0.077795	0.0231839	0.88408
0.2	0.1	0.1	0.6
0.0444444	0.288889	0.0666667	0.6
0.391667	0.191667	0.275	0.141667
0.0143113	0.838998	0.0178891	0.128801
0.272727	0.0909091	0.272727	0.363636
0.176471	0.147059	0.205882	0.470588
0.215278	0.118056	0.430556	0.236111
0.0588235	0.0588235	0.529412	0.352941
0.428571	0.285714	0.047619	0.238095
0.146341	0.0487805	0.0731707	0.731707
0.428571	0.142857	0.047619	0.380952
0.162791	0.162791	0.534884	0.139535
0.566038	0.0125786	0.119497	0.301887
0.562212	0.0230415	0.0414747	0.373272
0.0246914	0.716049	0.0308642	0.228395
0.694444	0.138889	0.0833333	0.0833333
0.75	0.0357143	0.0714286	0.142857
0.011236	0.550562	0.123596	0.314607
0.479167	0.0208333	0.0208333	0.479167
0.0178571	0.107143	0.0446429	0.830357
0.709677	0.0967742	0.0645161	0.129032
0.169811	0.150943	0.0754717	0.603774
0.0490196	0.794118	0.0196078	0.137255
0.0405405	0.162162	0.0945946	0.702703
0.538462	0.230769	0.153846	0.0769231
0.205882	0.352941	0.0294118	0.411765
0.0952381	0.047619	0.333333	0.52381
0.166667	0.0416667	0.25	0.541667
0.0769231	0.384615	0.0769231	0.461538
0.616438	0.0273973	0.00684932	0.349315
0.382979	0.148936	0.148936	0.319149
0.0571429	0.342857	0.2	0.4
0.0416667	0.5	0.0416667	0.416667
0.608696	0.0869565	0.130435	0.173913
0.4	0.228571	0.0285714	0.342857
0.692308	0.0769231	0.0769231	0.153846
0.168142	0.00884956	0.699115	0.123894
0.5	0.0714286	0.142857	0.285714
0.377358	0.0188679	0.490566	0.113208
0.0120482	0.126506	0.0542169	0.807229
0.0625	0.0546875	0.0234375	0.859375
0.425	0.025	0.1375	0.4125
0.0169492	0.0677966	0.0677966	0.847458
0.140496	0.0242168	0.751105	0.0841822
0.375	0.104167	0.145833	0.375
0.176471	0.147059	0.147059	0.529412
0.0454545	0.327273	0.0181818	0.609091
0.169492	0.169492	0.039548	0.621469
0.106195	0.10177	0.420354	0.371681
0.746667	0.106667	0.0133333	0.133333
0.538462	0.0865385	0.0865385	0.288462
0.13	0.08	0.14	0.65
0.0769231	0.0769231	0.307692	0.538462
0.305556	0.111111	0.0555556	0.527778
0.25	0.25	0.25	0.25
0.974359	0.011396	0.002849	0.011396
0.649351	0.012987	0.0649351	0.272727
0.650862	0.00862069	0.185345	0.155172
0.681319	0.131868	0.043956	0.142857
0.660714	0.0178571	0.232143	0.0892857
0.0678571	0.110714	0.260714	0.560714
0.309091	0.163636	0.0363636	0.490909
0.0116279	0.686047	0.0813953	0.22093
0.35	0.0375	0.4125	0.2
0.25	0.25	0.25	0.25
0.15625	0.125	0.03125	0.6875
0.212025	0.0759494	0.484177	0.227848
0.0125	0.2625	0.0875	0.6375
0.0833333	0.222222	0.25	0.444444
0.685714	0.0285714	0.228571	0.0571429
0.367089	0.0126582	0.0379747	0.582278
0.75	0.05	0.15	0.05
0.555556	0.111111	0.111111	0.222222
0.705882	0.0588235	0.117647	0.117647
0.0277778	0.222222	0.111111	0.638889
0.289474	0.368421	0.0263158	0.315789
0.146893	0.310734	0.039548	0.502825
0.015544	0.042487	0.878756	0.0632124
0.714286	0.0190476	0.0380952	0.228571
0.73913	0.0434783	0.0869565	0.130435
0.537736	0.0943396	0.150943	0.216981
0.571429	0.142857	0.142857	0.142857
0.392857	0.107143	0.0357143	0.464286
0.5	0.1	0.25	0.15
0.130435	0.173913	0.0869565	0.608696
0.025	0.1125	0.125	0.7375
0.0714286	0.178571	0.214286	0.535714
0.3	0.1	0.1	0.5
0.704225	0.0422535	0.225352	0.028169
0.529412	0.0882353	0.0588235	0.323529
0.111111	0.777778	0.0740741	0.037037
0.12963	0.0740741	0.648148	0.148148
0.478261	0.130435	0.0869565	0.304348
0.64	0.024	0.016	0.32
0.0909091	0.0519481	0.753247	0.103896
0.2	0.0222222	0.511111	0.266667
0.209091	0.00909091	0.490909	0.290909
0.320988	0.0123457	0.469136	0.197531
0.0140845	0.549296	0.028169	0.408451
0.0483871	0.0322581	0.564516	0.354839
0.0671937	0.0612648	0.699605	0.171937
0.0588235	0.588235	0.0588235	0.294118
0.0277778	0.222222	0.138889	0.611111
0.909091	0.030303	0.030303	0.030303
0.120482	0.0843373	0.614458	0.180723
0.666667	0.0833333	0.166667	0.0833333
0.0655738	0.0163934	0.311475	0.606557
0.4	0.3	0.1	0.2
0.641026	0.025641	0.230769	0.102564
0.25	0.25	0.25	0.25
0.166667	0.214286	0.0357143	0.583333
0.130435	0.0434783	0.608696	0.217391
0.0652174	0.0652174	0.0434783	0.826087
0.703704	0.0740741	0.111111	0.111111
0.0196078	0.568627	0.117647	0.294118
0.2	0.2	0.2	0.4
0.0909091	0.0909091	0.030303	0.787879
0.266667	0.233333	0.2	0.3
0.0980392	0.0784314	0.0392157	0.784314
0.0833333	0.0666667	0.0166667	0.833333
0.5	0.0416667	0.25	0.208333
0.139535	0.302326	0.0697674	0.488372
0.0689655	0.431034	0.0517241	0.448276
0.215686	0.470588	0.0588235	0.254902
0.446809	0.0212766	0.0212766	0.510638
0.636364	0.0606061	0.151515	0.151515
0.568182	0.0227273	0.136364	0.272727
0.769231	0.0769231	0.0769231	0.0769231
0.0185185	0.166667	0.037037	0.777778
0.097561	0.170732	0.146341	0.585366
0.25	0.25	0.25	0.25
0.140351	0.105263	0.508772	0.245614
0.528571	0.0428571	0.128571	0.3
0.642857	0.142857	0.0178571	0.196429
0.00819672	0.327869	0.00819672	0.655738
0.0196078	0.137255	0.0980392	0.745098
0.4375	0.125	0.125	0.3125
0.634921	0.021164	0.142857	0.201058
0.411765	0.0882353	0.0588235	0.441176
0.535714	0.0357143	0.0357143	0.392857
0.0114286	0.142857	0.0514286	0.794286
0.530303	0.0151515	0.212121	0.242424
0.357143	0.142857	0.142857	0.357143
0.636364	0.0454545	0.136364	0.181818
0.120438	0.507299	0.00364964	0.368613
0.0272727	0.2	0.0545455	0.718182
0.0731707	0.0195122	0.473171	0.434146
0.857143	0.047619	0.047619	0.047619
0.25	0.25	0.25	0.25
0.0526316	0.298246	0.0877193	0.561404
0.109489	0.0948905	0.0583942	0.737226
0.648649	0.0810811	0.0810811	0.189189
0.134146	0.329268	0.170732	0.365854
0.0441176	0.191176	0.0882353	0.676471
0.0909091	0.030303	0.0909091	0.787879
0.499661	0.082768	0.151628	0.265943
0.6	0.0571429	0.0285714	0.314286
0.0116279	0.889535	0.00581395	0.0930233
0.742857	0.0571429	0.0285714	0.171429
0.384615	0.192308	0.0769231	0.346154
0.163934	0.0655738	0.262295	0.508197
0.0947368	0.105263	0.368421	0.431579
0.484848	0.030303	0.242424	0.242424
0.0512821	0.153846	0.025641	0.769231
0.421053	0.0526316	0.0526316	0.473684
0.275862	0.0689655	0.206897	0.448276
0.0489914	0.0393852	0.854947	0.0566763
0.17284	0.209877	0.209877	0.407407
0.039604	0.224422	0.0231023	0.712871
0.727273	0.0909091	0.0909091	0.0909091
0.4	0.0857143	0.285714	0.228571
0.0714286	0.0714286	0.285714	0.571429
0.236486	0.233108	0.118243	0.412162
0.6875	0.109375	0.140625	0.0625
0.363636	0.181818	0.0909091	0.363636
0.21875	0.0625	0.0625	0.65625
0.0153257	0.570881	0.0153257	0.398467
0.08	0.266667	0.0266667	0.626667
0.25	0.0227273	0.0227273	0.704545
0.761421	0.00507614	0.0761421	0.15736
0.375	0.125	0.125	0.375
0.0163934	0.639344	0.0163934	0.327869
0.357143	0.142857	0.142857	0.357143
0.428571	0.0714286	0.0714286	0.428571
0.05	0.8	0.0125	0.1375
0.404762	0.0595238	0.166667	0.369048
0.315789	0.0526316	0.473684	0.157895
0.0405405	0.189189	0.114865	0.655405
0.0611111	0.35	0.0166667	0.572222
0.375	0.125	0.125	0.375
0.444444	0.0277778	0.444444	0.0833333
0.0799257	0.0204461	0.773234	0.126394
0.4	0.2	0.0666667	0.333333
0.484848	0.121212	0.0606061	0.333333
0.0454545	0.681818	0.0454545	0.227273
0.166667	0.208333	0.416667	0.208333
0.571429	0.0840336	0.092437	0.252101
0.411765	0.117647	0.294118	0.176471
0.173913	0.347826	0.0434783	0.434783
0.204545	0.0454545	0.204545	0.545455
0.230769	0.153846	0.153846	0.461538
0.101538	0.144615	0.710769	0.0430769
0.586207	0.137931	0.0344828	0.241379
0.142857	0.214286	0.0571429	0.585714
0.272727	0.181818	0.272727	0.272727
0.214286	0.457143	0.0428571	0.285714
0.619048	0.047619	0.0952381	0.238095
0.0188172	0.0672043	0.0537634	0.860215
0.339623	0.113208	0.0943396	0.45283
0.181818	0.0227273	0.227273	0.568182
0.0735294	0.117647	0.441176	0.367647
0.125	0.107143	0.428571	0.339286
0.25	0.0833333	0.0208333	0.645833
0.111111	0.444444	0.111111	0.333333
0.166667	0.233333	0.166667	0.433333
0.315789	0.105263	0.0631579	0.515789
0.5625	0.0625	0.3125	0.0625
0.47619	0.047619	0.142857	0.333333
0.338462	0.0307692	0.0923077	0.538462
0.0204082	0.0714286	0.0612245	0.846939
0.333333	0.0185185	0.0185185	0.62963
0.75	0.0714286	0.142857	0.0357143
0.0523256	0.156977	0.203488	0.587209
0.0555556	0.222222	0.111111	0.611111
0.0434783	0.130435	0.217391	0.608696
0.184211	0.289474	0.131579	0.394737
0.12	0.44	0.08	0.36
0.357143	0.214286	0.285714	0.142857
0.153846	0.192308	0.115385	0.538462
0.611111	0.0555556	0.0555556	0.277778
0.0285714	0.648571	0.00285714	0.32
0.440678	0.0169492	0.0338983	0.508475
0.166667	0.166667	0.166667	0.5
0.190476	0.52381	0.0952381	0.190476
0.491935	0.0806452	0.00806452	0.419355
0.428571	0.428571	0.0571429	0.0857143
0.179245	0.0566038	0.0754717	0.688679
0.111111	0.222222	0.0555556	0.611111
0.722222	0.0138889	0.0972222	0.166667
0.903846	0.0192308	0.0576923	0.0192308
0.1625	0.1375	0.0125	0.6875
0.5	0.166667	0.166667	0.166667
0.540323	0.0443548	0.0201613	0.395161
0.0353982	0.283186	0.0176991	0.663717
0.2	0.252632	0.136842	0.410526
0.146341	0.0731707	0.365854	0.414634
0.0368533	0.121191	0.0531538	0.788802
0.638889	0.111111	0.222222	0.0277778
0.533333	0.166667	0.0333333	0.266667
0.173077	0.275641	0.435897	0.115385
0.0357143	0.196429	0.0178571	0.75
0.761905	0.047619	0.0952381	0.0952381
0.180328	0.0327869	0.360656	0.42623
0.419355	0.0322581	0.0322581	0.516129
0.571429	0.142857	0.047619	0.238095
0.297297	0.135135	0.0540541	0.513514
0.271429	0.0785714	0.0785714	0.571429
0.777778	0.0277778	0.0277778	0.166667
0.0769231	0.0384615	0.653846	0.230769
0.309524	0.214286	0.047619	0.428571
0.235169	0.00211864	0.668432	0.0942797
0.210526	0.105263	0.210526	0.473684
0.037037	0.444444	0.037037	0.481481
0.740741	0.111111	0.0740741	0.0740741
0.625	0.125	0.125	0.125
0.0666667	0.533333	0.2	0.2
0.104478	0.0149254	0.0149254	0.865672
0.603774	0.0188679	0.0188679	0.358491
0.352113	0.133803	0.0704225	0.443662
0.282443	0.114504	0.0152672	0.587786
0.0886076	0.379747	0.43038	0.101266
0.0620438	0.324818	0.0328467	0.580292
0.308824	0.294118	0.0588235	0.338235
0.421053	0.0526316	0.368421	0.157895
0.767123	0.0410959	0.178082	0.0136986
0.136364	0.227273	0.0227273	0.613636
0.0306748	0.251534	0.0153374	0.702454
0.52381	0.119048	0.238095	0.119048
0.0634006	0.074928	0.631124	0.230548
0.0294118	0.0588235	0.0735294	0.838235
0.509091	0.109091	0.0363636	0.345455
0.0144928	0.362319	0.0289855	0.594203
0.0769231	0.346154	0.153846	0.423077
0.453704	0.0462963	0.0277778	0.472222
0.0120968	0.0524194	0.0120968	0.923387
0.115385	0.0769231	0.230769	0.576923
0.111111	0.407407	0.111111	0.37037
0.425	0.075	0.05	0.45
0.310345	0.137931	0.0344828	0.517241
0.382353	0.147059	0.117647	0.352941
0.0913242	0.16895	0.0365297	0.703196
0.6	0.0166667	0.216667	0.166667
0.0222222	0.0444444	0.133333	0.8
0.445545	0.0792079	0.148515	0.326733
0.0454545	0.409091	0.0909091	0.454545
0.236842	0.0526316	0.0263158	0.684211
0.0816327	0.0408163	0.55102	0.326531
0.3	0.1	0.2	0.4
0.12844	0.220183	0.247706	0.40367
0.166667	0.133333	0.433333	0.266667
0.203704	0.166667	0.0925926	0.537037
0.148148	0.296296	0.037037	0.518519
0.605263	0.0526316	0.0263158	0.315789
0.0258621	0.448276	0.00862069	0.517241
0.585366	0.0121951	0.109756	0.292683
0.0487805	0.25	0.121951	0.579268
0.0333333	0.6	0.0333333	0.333333
0.485714	0.0285714	0.0857143	0.4
0.421053	0.263158	0.105263	0.210526
0.647059	0.117647	0.117647	0.117647
0.0245098	0.0392157	0.867647	0.0686275
0.25	0.0681818	0.386364	0.295455
0.42	0.02	0.0133333	0.546667
0.0144928	0.0869565	0.681159	0.217391
0.246212	0.030303	0.352273	0.371212
0.573529	0.0588235	0.0588235	0.308824
0.6	0.05	0.1	0.25
0.5	0.0625	0.25	0.1875
0.28	0.4	0.08	0.24
0.636364	0.0545455	0.0545455	0.254545
0.867925	0.0943396	0.0188679	0.0188679
0.0261438	0.0522876	0.176471	0.745098
0.466667	0.0444444	0.333333	0.155556
0.619048	0.047619	0.142857	0.190476
0.649485	0.154639	0.0824742	0.113402
0.125	0.171875	0.09375	0.609375
0.0987654	0.17284	0.0493827	0.679012
0.294118	0.0294118	0.176471	0.5
0.0299145	0.0641026	0.0512821	0.854701
0.566667	0.133333	0.0333333	0.266667
0.416667	0.111111	0.0555556	0.416667
0.62963	0.185185	0.0740741	0.111111
0.306667	0.0533333	0.0933333	0.546667
0.730769	0.0769231	0.0384615	0.153846
0.25	0.25	0.25	0.25
0.688889	0.0222222	0.0222222	0.266667
0.0454545	0.136364	0.0454545	0.772727
0.555556	0.277778	0.0555556	0.111111
0.634146	0.121951	0.0731707	0.170732
0.00816327	0.159184	0.0326531	0.8
0.638298	0.106383	0.0638298	0.191489
0.181818	0.0454545	0.318182	0.454545
0.15	0.15	0.2	0.5
0.00694444	0.368056	0.0277778	0.597222
0.03125	0.145833	0.34375	0.479167
0.62069	0.0344828	0.0689655	0.275862
0.361702	0.0638298	0.106383	0.468085
0.431373	0.0784314	0.0588235	0.431373
0.164384	0.0273973	0.39726	0.410959
0.0769231	0.0384615	0.615385	0.269231
0.108696	0.0434783	0.391304	0.456522
0.0666667	0.166667	0.7	0.0666667
0.111111	0.111111	0.222222	0.555556
0.703704	0.037037	0.0740741	0.185185
0.0833333	0.111111	0.0833333	0.722222
0.787234	0.0212766	0.0212766	0.170213
0.432432	0.108108	0.0540541	0.405405
0.047619	0.142857	0.0952381	0.714286
0.384615	0.307692	0.230769	0.0769231
0.0818713	0.222222	0.0409357	0.654971
0.115385	0.153846	0.192308	0.538462
0.0833333	0.25	0.166667	0.5
0.53125	0.09375	0.125	0.25
0.629032	0.00806452	0.104839	0.258065
0.0993789	0.0869565	0.478261	0.335404
0.482759	0.0689655	0.0517241	0.396552
0.338462	0.0923077	0.0923077	0.476923
0.542857	0.0285714	0.0285714	0.4
0.15625	0.375	0.34375	0.125
0.242424	0.484848	0.030303	0.242424
0.0461538	0.515385	0.0307692	0.407692
0.175439	0.350877	0.22807	0.245614
0.4	0.2	0.3	0.1
0.767442	0.0930233	0.116279	0.0232558
0.15625	0.4375	0.03125	0.375
0.541667	0.0416667	0.0416667	0.375
0.637931	0.00862069	0.103448	0.25
0.142857	0.285714	0.142857	0.428571
0.222222	0.222222	0.333333	0.222222
0.0268817	0.61828	0.0698925	0.284946
0.00970874	0.174757	0.0291262	0.786408
0.3	0.05	0.05	0.6
0.0731707	0.512195	0.0243902	0.390244
0.142857	0.0816327	0.0816327	0.693878
0.2	0.1	0.6	0.1
0.774194	0.0645161	0.0645161	0.0967742
0.0740741	0.148148	0.037037	0.740741
0.181818	0.0606061	0.575758	0.181818
0.16129	0.0645161	0.0967742	0.677419
0.35	0.2	0.05	0.4
0.117647	0.352941	0.294118	0.235294
0.54386	0.0350877	0.0701754	0.350877
0.0387454	0.289668	0.0184502	0.653137
0.003125	0.815625	0.0125	0.16875
0.458333	0.125	0.125	0.291667
0.030303	0.0606061	0.0606061	0.848485
0.0797872	0.0718085	0.582447	0.265957
0.0131579	0.210526	0.144737	0.631579
0.0382775	0.100478	0.0669856	0.794258
0.536585	0.121951	0.0243902	0.317073
0.0189573	0.651659	0.0402844	0.2891
0.449612	0.0775194	0.0232558	0.449612
0.25	0.166667	0.416667	0.166667
0.1	0.05	0.05	0.8
0.541667	0.0416667	0.291667	0.125
0.0434783	0.25	0.076087	0.630435
0.0666667	0.0333333	0.2	0.7
0.698113	0.0566038	0.207547	0.0377358
0.0526316	0.263158	0.0526316	0.631579
0.689655	0.103448	0.0344828	0.172414
0.1875	0.1875	0.3125	0.3125
0.142857	0.514286	0.0285714	0.314286
0.735294	0.0294118	0.0588235	0.176471
0.6	0.163636	0.0727273	0.163636
0.0754717	0.081761	0.125786	0.716981
0.0839695	0.587786	0.0305344	0.29771
0.142857	0.285714	0.285714	0.285714
0.170213	0.0212766	0.297872	0.510638
0.0769231	0.435897	0.0769231	0.410256
0.185484	0.145161	0.0403226	0.629032
0.352941	0.0980392	0.137255	0.411765
0.333333	0.0555556	0.111111	0.5
0.0869565	0.173913	0.0434783	0.695652
0.795918	0.0816327	0.0306122	0.0918367
0.1	0.2	0.1	0.6
0.166667	0.222222	0.0833333	0.527778
0.142857	0.178571	0.0714286	0.607143
0.183673	0.408163	0.122449	0.285714
0.0375	0.53125	0.00625	0.425
0.603448	0.206897	0.0689655	0.12069
0.171875	0.234375	0.03125	0.5625
0.245283	0.0188679	0.367925	0.367925
0.25	0.0625	0.0625	0.625
0.0833333	0.666667	0.0833333	0.166667
0.0102041	0.795918	0.0102041	0.183673
0.170213	0.425532	0.191489	0.212766
0.74	0.04	0.12	0.1
0.291667	0.0833333	0.0833333	0.541667
0.280822	0.0136986	0.0205479	0.684932
0.275862	0.103448	0.586207	0.0344828
0.102564	0.282051	0.00854701	0.606838
0.0618557	0.453608	0.0309278	0.453608
0.25	0.25	0.25	0.25
0.0833333	0.0277778	0.25	0.638889
0.102041	0.0408163	0.285714	0.571429
0.0222222	0.266667	0.0222222	0.688889
0.36	0.4	0.12	0.12
0.100917	0.0917431	0.00917431	0.798165
0.0246914	0.493827	0.037037	0.444444
0.558442	0.0714286	0.025974	0.344156
0.0188679	0.622642	0.0188679	0.339623
0.0898876	0.573034	0.134831	0.202247
0.642857	0.214286	0.0714286	0.0714286
0.0357143	0.607143	0.0357143	0.321429
0.0714286	0.5	0.214286	0.214286
0.027027	0.396396	0.036036	0.540541
0.105263	0.210526	0.0526316	0.631579
0.147059	0.352941	0.176471	0.323529
0.0630631	0.306306	0.00900901	0.621622
0.25	0.25	0.25	0.25
0.0185185	0.0740741	0.037037	0.87037
0.0538922	0.0479042	0.00598802	0.892216
0.171429	0.171429	0.0857143	0.571429
0.368421	0.157895	0.236842	0.236842
0.0677966	0.0451977	0.00282486	0.884181
0.0598291	0.0470085	0.00854701	0.884615
0.0118343	0.109467	0.0118343	0.866864
0.00787402	0.0551181	0.0787402	0.858268
0.2	0.133333	0.266667	0.4
0.0197368	0.207237	0.0427632	0.730263
0.142857	0.0952381	0.142857	0.619048
0.0657439	0.0622837	0.0242215	0.847751
0.0909091	0.0454545	0.0454545	0.818182
0.0606061	0.272727	0.0151515	0.651515
0.104418	0.0923695	0.064257	0.738956
0.3	0.1	0.2	0.4
0.222222	0.222222	0.111111	0.444444
0.166667	0.5	0.0833333	0.25
0.1	0.15	0.1	0.65
0.173913	0.391304	0.130435	0.304348
0.253165	0.0379747	0.0126582	0.696203
0.026087	0.443478	0.026087	0.504348
0.0666667	0.277778	0.0666667	0.588889
0.136364	0.454545	0.0454545	0.363636
0.0139535	0.0232558	0.0139535	0.948837
0.25	0.25	0.125	0.375
0.0294118	0.0588235	0.0882353	0.823529
0.0246377	0.249275	0.0376812	0.688406
0.176471	0.117647	0.0588235	0.647059
0.0625	0.0625	0.125	0.75
0.0136986	0.0136986	0.0410959	0.931507
0.0344828	0.344828	0.0344828	0.586207
0.285714	0.047619	0.047619	0.619048
0.0833333	0.25	0.0416667	0.625
0.0666667	0.0666667	0.0666667	0.8
0.0140845	0.056338	0.0422535	0.887324
0.122449	0.367347	0.0408163	0.469388
0.333333	0.0666667	0.2	0.4
0.03125	0.453125	0.015625	0.5
0.25	0.25	0.25	0.25
0.25	0.2	0.05	0.5
0.0394366	0.214085	0.0028169	0.743662
0.0155763	0.046729	0.0124611	0.925234
0.363636	0.0454545	0.0454545	0.545455
0.2	0.2	0.2	0.4
0.173913	0.130435	0.0869565	0.608696
0.0181818	0.472727	0.0181818	0.490909
0.0147059	0.161765	0.0294118	0.794118
0.0212766	0.0106383	0.0425532	0.925532
