0.560976	0.219512	0.0487805	0.170732
0.375	0.375	0.208333	0.0416667
0.240143	0.333333	0.232975	0.193548
0.695652	0.173913	0.0869565	0.0434783
0.0569106	0.552846	0.0325203	0.357724
0.176471	0.352941	0.0588235	0.411765
0.166667	0.0833333	0.708333	0.0416667
0.25	0.25	0.25	0.25
0.277778	0.351852	0.333333	0.037037
0.233333	0.45	0.1	0.216667
0.458333	0.333333	0.145833	0.0625
0.322581	0.193548	0.129032	0.354839
0.550562	0.393258	0.0337079	0.0224719
0.147541	0.655738	0.0819672	0.114754
0.241877	0.566787	0.111913	0.0794224
0.221429	0.0714286	0.7	0.00714286
0.526316	0.157895	0.263158	0.0526316
0.0851064	0.319149	0.574468	0.0212766
0.0238095	0.52381	0.047619	0.404762
0.304348	0.289855	0.318841	0.0869565
0.0172414	0.603448	0.0172414	0.362069
0.555556	0.288889	0.0222222	0.133333
0.0425532	0.787234	0.0425532	0.12766
0.2	0.2	0.4	0.2
0.0227273	0.704545	0.227273	0.0454545
0.0454545	0.318182	0.181818	0.454545
0.0952381	0.52381	0.238095	0.142857
0.1	0.1	0.6	0.2
0.142857	0.428571	0.142857	0.285714
0.0178082	0.0589041	0.0123288	0.910959
0.25	0.535714	0.142857	0.0714286
0.192308	0.730769	0.0384615	0.0384615
0.258621	0.189655	0.103448	0.448276
0.25	0.533333	0.183333	0.0333333
0.231481	0.675926	0.0185185	0.0740741
0.0169492	0.338983	0.0225989	0.621469
0.133333	0.133333	0.666667	0.0666667
0.24	0.32	0.4	0.04
0.193548	0.548387	0.225806	0.0322581
0.867978	0.101124	0.00280899	0.0280899
0.0681818	0.738636	0.0340909	0.159091
0.0449438	0.685393	0.0674157	0.202247
0.235294	0.176471	0.0588235	0.529412
0.246154	0.446154	0.0461538	0.261538
0.0818859	0.729529	0.0198511	0.168734
0.046875	0.0208333	0.0104167	0.921875
0.1875	0.34375	0.09375	0.375
0.666667	0.207547	0.0188679	0.106918
0.030303	0.727273	0.121212	0.121212
0.0122951	0.209016	0.75	0.0286885
0.0833333	0.3125	0.5625	0.0416667
0.206897	0.0689655	0.655172	0.0689655
0.139344	0.315574	0.540984	0.00409836
0.191011	0.0674157	0.730337	0.011236
0.130435	0.0869565	0.478261	0.304348
0.230769	0.205128	0.282051	0.282051
0.0277778	0.708333	0.0138889	0.25
0.0298507	0.462687	0.0447761	0.462687
0.166667	0.5	0.291667	0.0416667
0.0243902	0.439024	0.146341	0.390244
0.08	0.72	0.12	0.08
0.0212766	0.765957	0.0212766	0.191489
0.487805	0.317073	0.0243902	0.170732
0.132653	0.306122	0.0510204	0.510204
0.414634	0.414634	0.097561	0.0731707
0.15625	0.5	0.21875	0.125
0.363636	0.159091	0.454545	0.0227273
0.30303	0.121212	0.454545	0.121212
0.0422535	0.605634	0.028169	0.323944
0.222222	0.622222	0.111111	0.0444444
0.28	0.28	0.4	0.04
0.230769	0.461538	0.153846	0.153846
0.111111	0.333333	0.5	0.0555556
0.181818	0.272727	0.409091	0.136364
0.0379747	0.531646	0.00632911	0.424051
0.0192308	0.269231	0.692308	0.0192308
0.107143	0.392857	0.464286	0.0357143
0.2	0.35	0.35	0.1
0.0645161	0.564516	0.0322581	0.33871
0.263158	0.315789	0.105263	0.315789
0.230769	0.384615	0.307692	0.0769231
0.232558	0.255814	0.488372	0.0232558
0.190476	0.47619	0.126984	0.206349
0.181818	0.212121	0.545455	0.0606061
0.125	0.25	0.125	0.5
0.25	0.25	0.25	0.25
0.230769	0.0769231	0.615385	0.0769231
0.25	0.25	0.25	0.25
0.5	0.4	0.075	0.025
0.317073	0.195122	0.390244	0.097561
0.166667	0.375	0.416667	0.0416667
0.00865801	0.701299	0.030303	0.25974
0.05	0.533333	0.366667	0.05
0.025641	0.769231	0.0512821	0.153846
0.136364	0.113636	0.727273	0.0227273
0.0105263	0.178947	0.0105263	0.8
0.111111	0.444444	0.388889	0.0555556
0.0472441	0.440945	0.023622	0.488189
0.181818	0.181818	0.272727	0.363636
0.0625	0.4375	0.4375	0.0625
0.0833333	0.583333	0.25	0.0833333
0.027027	0.486486	0.445946	0.0405405
0.655227	0.144667	0.179514	0.0205913
0.166667	0.0833333	0.666667	0.0833333
0.034188	0.897436	0.042735	0.025641
0.1	0.36	0.48	0.06
0.677704	0.286976	0.0309051	0.00441501
0.214286	0.0714286	0.428571	0.285714
0.0110599	0.760138	0.0133641	0.215438
0.148148	0.481481	0.222222	0.148148
0.433333	0.4	0.0333333	0.133333
0.173913	0.478261	0.0869565	0.26087
0.0301205	0.506024	0.0361446	0.427711
0.363636	0.254545	0.327273	0.0545455
0.258065	0.0645161	0.580645	0.0967742
0.238095	0.047619	0.666667	0.047619
0.742857	0.0285714	0.0571429	0.171429
0.0909091	0.590909	0.181818	0.136364
0.0559441	0.300699	0.013986	0.629371
0.0285714	0.685714	0.2	0.0857143
0.119048	0.738095	0.047619	0.0952381
0.540541	0.335135	0.102703	0.0216216
0.183333	0.233333	0.533333	0.05
0.0285714	0.242857	0.614286	0.114286
0.04	0.76	0.04	0.16
0.510264	0.167155	0.0909091	0.231672
0.375	0.273438	0.335938	0.015625
0.0515654	0.64825	0.0368324	0.263352
0.125	0.125	0.625	0.125
0.0619469	0.451327	0.477876	0.00884956
0.191489	0.382979	0.404255	0.0212766
0.0909091	0.295455	0.568182	0.0454545
0.0275229	0.733945	0.0366972	0.201835
0.125	0.322917	0.526042	0.0260417
0.0588235	0.676471	0.205882	0.0588235
0.0545455	0.472727	0.454545	0.0181818
0.153846	0.269231	0.153846	0.423077
0.875622	0.0447761	0.00995025	0.0696517
0.0222222	0.6	0.0222222	0.355556
0.125	0.25	0.5	0.125
0.0638298	0.808511	0.0141844	0.113475
0.575758	0.333333	0.0606061	0.030303
0.25	0.25	0.25	0.25
0.388889	0.0555556	0.333333	0.222222
0.125	0.5	0.25	0.125
0.166667	0.333333	0.166667	0.333333
0.333333	0.458333	0.166667	0.0416667
0.222222	0.277778	0.444444	0.0555556
0.184211	0.605263	0.157895	0.0526316
0.116883	0.74026	0.012987	0.12987
0.361345	0.512605	0.0756303	0.0504202
0.0178571	0.473214	0.00892857	0.5
0.393939	0.181818	0.393939	0.030303
0.0442478	0.610619	0.292035	0.0530973
0.0769231	0.769231	0.0769231	0.0769231
0.166667	0.111111	0.666667	0.0555556
0.157895	0.526316	0.263158	0.0526316
0.533333	0.366667	0.0666667	0.0333333
0.1875	0.4375	0.0625	0.3125
0.0625	0.364583	0.0208333	0.552083
0.142857	0.142857	0.428571	0.285714
0.25	0.5625	0.0625	0.125
0.45	0.35	0.15	0.05
0.0769231	0.153846	0.692308	0.0769231
0.116279	0.651163	0.0697674	0.162791
0.662338	0.194805	0.012987	0.12987
0.25	0.25	0.25	0.25
0.270588	0.258824	0.435294	0.0352941
0.112319	0.746377	0.0326087	0.108696
0.0625	0.125	0.75	0.0625
0.0566038	0.754717	0.0283019	0.160377
0.142857	0.47619	0.238095	0.142857
0.04	0.36	0.16	0.44
0.0540541	0.418919	0.0675676	0.459459
0.333333	0.111111	0.444444	0.111111
0.0113636	0.909091	0.0227273	0.0568182
0.0285714	0.114286	0.6	0.257143
0.176667	0.413333	0.0266667	0.383333
0.351351	0.540541	0.027027	0.0810811
0.0151188	0.360691	0.0323974	0.591793
0.111111	0.433333	0.4	0.0555556
0.0331492	0.81768	0.038674	0.110497
0.0119048	0.267857	0.0238095	0.696429
0.0555556	0.0555556	0.722222	0.166667
0.125	0.625	0.125	0.125
0.261364	0.204545	0.329545	0.204545
0.08	0.485714	0.382857	0.0514286
0.803097	0.0884956	0.0734513	0.0349558
0.0645161	0.483871	0.0752688	0.376344
0.0555556	0.819444	0.0138889	0.111111
0.25	0.6	0.0714286	0.0785714
0.142857	0.571429	0.142857	0.142857
0.0344828	0.482759	0.37931	0.103448
0.333333	0.272727	0.151515	0.242424
0.0172414	0.327586	0.0172414	0.637931
0.0352941	0.535294	0.00588235	0.423529
0.222222	0.166667	0.555556	0.0555556
0.398844	0.179191	0.381503	0.0404624
0.3	0.5	0.1	0.1
0.0657895	0.631579	0.0657895	0.236842
0.0588235	0.411765	0.117647	0.411765
0.433962	0.396226	0.150943	0.0188679
0.0181818	0.654545	0.0363636	0.290909
0.549296	0.267606	0.169014	0.0140845
0.0493827	0.82716	0.0123457	0.111111
0.369565	0.434783	0.152174	0.0434783
0.190476	0.238095	0.47619	0.0952381
0.208333	0.1875	0.416667	0.1875
0.142857	0.738095	0.0952381	0.0238095
0.0888889	0.777778	0.0888889	0.0444444
0.545455	0.333333	0.0606061	0.0606061
0.0392157	0.607843	0.313725	0.0392157
0.03233	0.251951	0.00557414	0.710145
0.113821	0.804878	0.00813008	0.0731707
0.297619	0.154762	0.297619	0.25
0.209302	0.325581	0.44186	0.0232558
0.0769231	0.538462	0.230769	0.153846
0.3	0.2	0.3	0.2
0.485714	0.387302	0.0984127	0.0285714
0.0265957	0.731383	0.0718085	0.170213
0.0625	0.45	0.0875	0.4
0.125	0.166667	0.541667	0.166667
0.138889	0.277778	0.111111	0.472222
0.1	0.607692	0.00769231	0.284615
0.586957	0.217391	0.108696	0.0869565
0.666667	0.142857	0.142857	0.047619
0.0588235	0.72549	0.0588235	0.156863
0.195122	0.317073	0.414634	0.0731707
0.424242	0.363636	0.0606061	0.151515
0.65	0.225	0.1	0.025
0.0967742	0.548387	0.0967742	0.258065
0.133333	0.333333	0.466667	0.0666667
0.134868	0.746711	0.0526316	0.0657895
0.097561	0.463415	0.414634	0.0243902
0.0681818	0.568182	0.204545	0.159091
0.1	0.3	0.3	0.3
0.0731707	0.682927	0.0731707	0.170732
0.538462	0.0769231	0.0769231	0.307692
0.1	0.366667	0.5	0.0333333
0.0810811	0.547297	0.0945946	0.277027
0.166667	0.183333	0.633333	0.0166667
0.125	0.475	0.225	0.175
0.145455	0.0545455	0.781818	0.0181818
0.591667	0.216667	0.183333	0.00833333
0.28	0.64	0.04	0.04
0.78125	0.135417	0.0625	0.0208333
0.0384615	0.730769	0.0576923	0.173077
0.641509	0.188679	0.0754717	0.0943396
0.0833333	0.625	0.166667	0.125
0.333333	0.0740741	0.555556	0.037037
0.607843	0.30719	0.0196078	0.0653595
0.363636	0.272727	0.0909091	0.272727
0.0410959	0.123288	0.780822	0.0547945
0.0695652	0.382609	0.530435	0.0173913
0.35	0.55	0.05	0.05
0.0625	0.6875	0.03125	0.21875
0.166667	0.469697	0.348485	0.0151515
0.5	0.307692	0.115385	0.0769231
0.030303	0.222222	0.69697	0.0505051
0.1	0.6	0.1	0.2
0.102564	0.025641	0.820513	0.0512821
0.0833333	0.791667	0.0208333	0.104167
0.0333333	0.65	0.0166667	0.3
0.150943	0.836478	0.00628931	0.00628931
0.208333	0.208333	0.541667	0.0416667
0.185185	0.0740741	0.555556	0.185185
0.047619	0.571429	0.285714	0.0952381
0.814815	0.0740741	0.0740741	0.037037
0.0642202	0.30581	0.0550459	0.574924
0.0869565	0.492754	0.347826	0.0724638
0.0384615	0.230769	0.0384615	0.692308
0.157895	0.526316	0.210526	0.105263
0.0775862	0.793103	0.112069	0.0172414
0.478261	0.26087	0.0869565	0.173913
0.25	0.25	0.25	0.25
0.230769	0.0576923	0.692308	0.0192308
0.282051	0.25641	0.25641	0.205128
0.368421	0.526316	0.0526316	0.0526316
0.25	0.25	0.25	0.25
0.385321	0.366972	0.00917431	0.238532
0.142857	0.666667	0.142857	0.047619
0.12069	0.534483	0.172414	0.172414
0.05	0.2	0.725	0.025
0.42029	0.130435	0.42029	0.0289855
0.178571	0.571429	0.142857	0.107143
0.333333	0.121212	0.515152	0.030303
0.0952381	0.047619	0.809524	0.047619
0.26087	0.298913	0.407609	0.0326087
0.05	0.65	0.05	0.25
0.142857	0.571429	0.214286	0.0714286
0.5625	0.359375	0.0625	0.015625
0.318182	0.159091	0.272727	0.25
0.142857	0.571429	0.142857	0.142857
0.0740741	0.703704	0.0740741	0.148148
0.666667	0.242424	0.030303	0.0606061
0.276923	0.676923	0.0153846	0.0307692
0.166667	0.0416667	0.291667	0.5
0.238095	0.428571	0.142857	0.190476
0.0555556	0.666667	0.111111	0.166667
0.341463	0.268293	0.170732	0.219512
0.0344828	0.827586	0.0689655	0.0689655
0.0909091	0.181818	0.636364	0.0909091
0.047619	0.333333	0.571429	0.047619
0.112903	0.483871	0.387097	0.016129
0.125	0.390625	0.46875	0.015625
0.0454545	0.654545	0.218182	0.0818182
0.222222	0.533333	0.177778	0.0666667
0.0833333	0.433333	0.0166667	0.466667
0.263158	0.385965	0.315789	0.0350877
0.0247934	0.344353	0.0137741	0.61708
0.0625	0.1875	0.6875	0.0625
0.235294	0.529412	0.0588235	0.176471
0.0909091	0.727273	0.0909091	0.0909091
0.769231	0.025641	0.153846	0.0512821
0.1	0.3	0.5	0.1
0.30303	0.181818	0.454545	0.0606061
0.0789474	0.421053	0.131579	0.368421
0.107143	0.75	0.0357143	0.107143
0.0416667	0.861111	0.0416667	0.0555556
0.0337079	0.876404	0.0449438	0.0449438
0.222222	0.444444	0.111111	0.222222
0.102564	0.769231	0.0769231	0.0512821
0.151515	0.363636	0.363636	0.121212
0.0175439	0.754386	0.0701754	0.157895
0.1875	0.0520833	0.6875	0.0729167
0.242424	0.212121	0.515152	0.030303
0.131488	0.809689	0.0103806	0.0484429
0.45614	0.131579	0.385965	0.0263158
0.0689655	0.103448	0.586207	0.241379
0.0972222	0.416667	0.0277778	0.458333
0.0384615	0.211538	0.711538	0.0384615
0.677419	0.16129	0.129032	0.0322581
0.730769	0.0384615	0.192308	0.0384615
0.54	0.32	0.08	0.06
0.0638298	0.0212766	0.893617	0.0212766
0.166667	0.444444	0.333333	0.0555556
0.27027	0.243243	0.459459	0.027027
0.228261	0.26087	0.304348	0.206522
0.0392157	0.470588	0.333333	0.156863
0.438596	0.350877	0.192982	0.0175439
0.129032	0.451613	0.387097	0.0322581
0.25	0.25	0.25	0.25
0.0229885	0.287356	0.678161	0.0114943
0.0526316	0.421053	0.473684	0.0526316
0.125	0.0208333	0.833333	0.0208333
0.175	0.575	0.05	0.2
0.0895522	0.134328	0.731343	0.0447761
0.122302	0.661871	0.0143885	0.201439
0.108597	0.20362	0.0135747	0.674208
0.433526	0.479769	0.0751445	0.0115607
0.558824	0.0735294	0.352941	0.0147059
0.136364	0.0454545	0.772727	0.0454545
0.25	0.25	0.25	0.25
0.710526	0.105263	0.105263	0.0789474
0.5	0.288462	0.173077	0.0384615
0.338235	0.558824	0.0441176	0.0588235
0.514286	0.342857	0.0857143	0.0571429
0.384615	0.307692	0.269231	0.0384615
0.305556	0.111111	0.527778	0.0555556
0.0645161	0.516129	0.0322581	0.387097
0.5	0.314815	0.166667	0.0185185
0.703704	0.0740741	0.166667	0.0555556
0.321429	0.321429	0.25	0.107143
0.0434783	0.130435	0.782609	0.0434783
0.116279	0.325581	0.488372	0.0697674
0.443114	0.227545	0.281437	0.0479042
0.0634921	0.777778	0.047619	0.111111
0.137931	0.724138	0.0689655	0.0689655
0.673077	0.230769	0.0769231	0.0192308
0.0769231	0.615385	0.269231	0.0384615
0.133333	0.733333	0.0666667	0.0666667
0.0246914	0.481481	0.419753	0.0740741
0.0717131	0.836653	0.0278884	0.063745
0.153846	0.538462	0.230769	0.0769231
0.0510949	0.255474	0.0875912	0.605839
0.0909091	0.181818	0.666667	0.0606061
0.0481928	0.650602	0.240964	0.060241
0.357143	0.357143	0.214286	0.0714286
0.142857	0.428571	0.142857	0.285714
0.09375	0.75	0.046875	0.109375
0.101695	0.372881	0.355932	0.169492
0.25	0.25	0.25	0.25
0.205128	0.282051	0.435897	0.0769231
0.0350877	0.385965	0.0526316	0.526316
0.0555556	0.833333	0.0277778	0.0833333
0.333333	0.222222	0.277778	0.166667
0.0605263	0.792105	0.0315789	0.115789
0.15	0.7	0.05	0.1
0.259259	0.259259	0.444444	0.037037
0.03125	0.78125	0.09375	0.09375
0.142857	0.357143	0.428571	0.0714286
0.0851064	0.680851	0.106383	0.12766
0.589744	0.25641	0.0769231	0.0769231
0.0869565	0.456522	0.108696	0.347826
0.145833	0.6875	0.0416667	0.125
0.190601	0.287206	0.496084	0.0261097
0.0294118	0.382353	0.441176	0.147059
0.0543933	0.167364	0.0083682	0.769874
0.217391	0.0434783	0.695652	0.0434783
0.196532	0.156069	0.560694	0.0867052
0.285714	0.0952381	0.571429	0.047619
0.162887	0.19299	0.00948454	0.634639
0.0895522	0.238806	0.0746269	0.597015
0.129412	0.447059	0.411765	0.0117647
0.047619	0.666667	0.142857	0.142857
0.05	0.4	0.483333	0.0666667
0.0678899	0.838532	0.0146789	0.0788991
0.678571	0.107143	0.142857	0.0714286
0.0714286	0.678571	0.0357143	0.214286
0.102564	0.487179	0.025641	0.384615
0.0952381	0.166667	0.666667	0.0714286
0.0519481	0.558442	0.350649	0.038961
0.0576923	0.461538	0.365385	0.115385
0.0767123	0.252055	0.0383562	0.632877
0.0526316	0.368421	0.473684	0.105263
0.333333	0.333333	0.222222	0.111111
0.00757576	0.931818	0.030303	0.030303
0.08	0.48	0.04	0.4
0.142857	0.428571	0.285714	0.142857
0.0373832	0.570093	0.299065	0.0934579
0.151515	0.575758	0.030303	0.242424
0.588235	0.235294	0.147059	0.0294118
0.358974	0.384615	0.230769	0.025641
0.0731707	0.390244	0.512195	0.0243902
0.111111	0.444444	0.222222	0.222222
0.666667	0.0666667	0.2	0.0666667
0.16	0.44	0.24	0.16
0.183673	0.459184	0.142857	0.214286
0.276596	0.404255	0.0638298	0.255319
0.459459	0.405405	0.0675676	0.0675676
0.708609	0.0860927	0.00662252	0.198675
0.452381	0.0952381	0.428571	0.0238095
0.0116279	0.837209	0.0581395	0.0930233
0.0833333	0.25	0.583333	0.0833333
0.5	0.373016	0.0555556	0.0714286
0.00990099	0.950495	0.00990099	0.029703
0.0555556	0.555556	0.277778	0.111111
0.0434783	0.826087	0.0217391	0.108696
0.220339	0.220339	0.542373	0.0169492
0.213592	0.145631	0.61165	0.0291262
0.0652174	0.73913	0.173913	0.0217391
0.489362	0.255319	0.234043	0.0212766
0.342857	0.171429	0.461905	0.0238095
0.0357143	0.0714286	0.821429	0.0714286
0.0789474	0.710526	0.131579	0.0789474
0.170213	0.595745	0.0851064	0.148936
0.0384615	0.333333	0.602564	0.025641
0.0833333	0.25	0.5	0.166667
0.692308	0.0769231	0.0769231	0.153846
0.125	0.25	0.5	0.125
0.0645161	0.451613	0.0322581	0.451613
0.0909091	0.454545	0.0454545	0.409091
0.0588235	0.411765	0.470588	0.0588235
0.151515	0.787879	0.0151515	0.0454545
0.0810811	0.513514	0.0540541	0.351351
0.269841	0.238095	0.47619	0.015873
0.4	0.2	0.24	0.16
0.521739	0.26087	0.173913	0.0434783
0.72	0.16	0.1	0.02
0.196721	0.557377	0.0491803	0.196721
0.140845	0.239437	0.521127	0.0985915
0.798122	0.0469484	0.0868545	0.0680751
0.315789	0.289474	0.342105	0.0526316
0.127273	0.690909	0.0545455	0.127273
0.458824	0.458824	0.0235294	0.0588235
0.135135	0.756757	0.027027	0.0810811
0.328947	0.144737	0.473684	0.0526316
0.100719	0.323741	0.517986	0.057554
0.04	0.56	0.08	0.32
0.0254777	0.261146	0.636943	0.0764331
0.0588235	0.823529	0.0294118	0.0882353
0.405405	0.378378	0.189189	0.027027
0.158621	0.0413793	0.793103	0.00689655
0.111111	0.333333	0.444444	0.111111
0.166667	0.25	0.0416667	0.541667
0.708333	0.0833333	0.0416667	0.166667
0.372881	0.474576	0.0508475	0.101695
0.16	0.62	0.08	0.14
0.333333	0.5	0.111111	0.0555556
0.0606061	0.727273	0.030303	0.181818
0.0909091	0.636364	0.181818	0.0909091
0.166667	0.541667	0.125	0.166667
0.0454545	0.545455	0.0454545	0.363636
0.15	0.3	0.45	0.1
0.0263158	0.328947	0.578947	0.0657895
0.0555556	0.527778	0.194444	0.222222
0.571429	0.22449	0.183673	0.0204082
0.212389	0.353982	0.336283	0.0973451
0.0940171	0.589744	0.102564	0.213675
0.363636	0.181818	0.363636	0.0909091
0.171875	0.46875	0.328125	0.03125
0.195652	0.26087	0.217391	0.326087
0.129032	0.612903	0.193548	0.0645161
0.0724638	0.478261	0.275362	0.173913
0.0769231	0.538462	0.0384615	0.346154
0.217949	0.538462	0.192308	0.0512821
0.0131579	0.776316	0.171053	0.0394737
0.835749	0.057971	0.0144928	0.0917874
0.0103093	0.175258	0.762887	0.0515464
0.470588	0.117647	0.294118	0.117647
0.4	0.25	0.3	0.05
0.176471	0.235294	0.529412	0.0588235
0.0588235	0.764706	0.117647	0.0588235
0.0909091	0.181818	0.409091	0.318182
0.56	0.36	0.04	0.04
0.30303	0.545455	0.0909091	0.0606061
0.0985915	0.366197	0.056338	0.478873
0.209091	0.318182	0.445455	0.0272727
0.0909091	0.5	0.227273	0.181818
0.226415	0.716981	0.0377358	0.0188679
0.4	0.2	0.2	0.2
0.454545	0.472727	0.0363636	0.0363636
0.0196078	0.45098	0.411765	0.117647
0.4	0.266667	0.0666667	0.266667
0.545455	0.272727	0.0909091	0.0909091
0.380952	0.0238095	0.571429	0.0238095
0.157895	0.578947	0.0526316	0.210526
0.0690537	0.790281	0.028133	0.112532
0.0666667	0.533333	0.0666667	0.333333
0.2	0.6	0.1	0.1
0.0625	0.4375	0.46875	0.03125
0.117647	0.588235	0.235294	0.0588235
0.0255102	0.918367	0.00510204	0.0510204
0.477987	0.245283	0.150943	0.125786
0.09375	0.4375	0.4375	0.03125
0.143885	0.453237	0.129496	0.273381
0.0428571	0.0857143	0.0142857	0.857143
0.333333	0.166667	0.333333	0.166667
0.0107527	0.236559	0.0215054	0.731183
0.142132	0.365482	0.446701	0.0456853
0.352941	0.117647	0.235294	0.294118
0.113924	0.392405	0.43038	0.0632911
0.25	0.25	0.25	0.25
0.25	0.625	0.0416667	0.0833333
0.0140845	0.915493	0.028169	0.0422535
0.109489	0.664234	0.0364964	0.189781
0.142857	0.666667	0.142857	0.047619
0.111111	0.166667	0.666667	0.0555556
0.338235	0.323529	0.0735294	0.264706
0.117647	0.352941	0.411765	0.117647
0.08	0.32	0.48	0.12
0.0869565	0.652174	0.0869565	0.173913
0.350649	0.571429	0.012987	0.0649351
0.181818	0.727273	0.0227273	0.0681818
0.037037	0.518519	0.0740741	0.37037
0.267857	0.571429	0.107143	0.0535714
0.32	0.52	0.02	0.14
0.424242	0.272727	0.0909091	0.212121
0.6	0.133333	0.133333	0.133333
0.0625	0.75	0.0625	0.125
0.24	0.64	0.08	0.04
0.117647	0.588235	0.235294	0.0588235
0.25	0.25	0.25	0.25
0.21875	0.25	0.46875	0.0625
0.147059	0.397059	0.102941	0.352941
0.632653	0.102041	0.22449	0.0408163
0.116279	0.651163	0.116279	0.116279
0.15625	0.203125	0.625	0.015625
0.0588235	0.862745	0.0196078	0.0588235
0.0465116	0.581395	0.0232558	0.348837
0.0454545	0.136364	0.681818	0.136364
0.108108	0.702703	0.0540541	0.135135
0.0869565	0.782609	0.0869565	0.0434783
0.558442	0.194805	0.233766	0.012987
0.166667	0.611111	0.166667	0.0555556
0.150685	0.232877	0.589041	0.0273973
0.0145985	0.737226	0.0291971	0.218978
0.091954	0.494253	0.241379	0.172414
0.0394737	0.526316	0.0921053	0.342105
0.451613	0.322581	0.0322581	0.193548
0.0454545	0.698864	0.0113636	0.244318
0.057971	0.521739	0.0869565	0.333333
0.4	0.2	0.2	0.2
0.428571	0.214286	0.285714	0.0714286
0.25	0.25	0.25	0.25
0.00884956	0.769912	0.0353982	0.185841
0.0898876	0.853933	0.0337079	0.0224719
0.0645161	0.580645	0.322581	0.0322581
0.0152672	0.519084	0.381679	0.0839695
0.0238095	0.833333	0.0238095	0.119048
0.230769	0.128205	0.538462	0.102564
0.189189	0.702703	0.027027	0.0810811
0.867925	0.0188679	0.0566038	0.0566038
0.0952381	0.738095	0.0238095	0.142857
0.222222	0.380952	0.031746	0.365079
0.05	0.825	0.025	0.1
0.1	0.15	0.05	0.7
0.0263158	0.342105	0.0263158	0.605263
0.0243056	0.822917	0.0104167	0.142361
0.444444	0.37037	0.148148	0.037037
0.177778	0.666667	0.0222222	0.133333
0.666667	0.238095	0.047619	0.047619
0.294118	0.117647	0.529412	0.0588235
0.176471	0.0735294	0.735294	0.0147059
0.181818	0.0909091	0.681818	0.0454545
0.0380623	0.809689	0.0311419	0.121107
0.454545	0.363636	0.0909091	0.0909091
0.230769	0.296703	0.0989011	0.373626
0.166667	0.416667	0.333333	0.0833333
0.103448	0.62069	0.206897	0.0689655
0.230769	0.538462	0.153846	0.0769231
0.0666667	0.266667	0.6	0.0666667
0.114754	0.295082	0.57377	0.0163934
0.133333	0.106667	0.746667	0.0133333
0.5	0.337838	0.027027	0.135135
0.0159363	0.888446	0.0119522	0.0836653
0.892857	0.0446429	0.0178571	0.0446429
0.153846	0.307692	0.384615	0.153846
0.192982	0.532164	0.0526316	0.222222
0.434783	0.347826	0.130435	0.0869565
0.0574713	0.488506	0.0632184	0.390805
0.419355	0.387097	0.0967742	0.0967742
0.201923	0.163462	0.625	0.00961538
0.257485	0.191617	0.48503	0.0658683
0.0333333	0.133333	0.666667	0.166667
0.25	0.25	0.25	0.25
0.2	0.666667	0.0666667	0.0666667
0.125	0.3125	0.3125	0.25
0.0378549	0.138801	0.810726	0.0126183
0.461538	0.230769	0.230769	0.0769231
0.0689655	0.689655	0.172414	0.0689655
0.440678	0.474576	0.0508475	0.0338983
0.119266	0.284404	0.53211	0.0642202
0.216981	0.433962	0.301887	0.0471698
0.0545455	0.8	0.0363636	0.109091
0.0512821	0.410256	0.179487	0.358974
0.0571429	0.32	0.617143	0.00571429
0.166667	0.208333	0.583333	0.0416667
0.0434783	0.586957	0.173913	0.195652
0.411765	0.0588235	0.470588	0.0588235
0.0129032	0.677419	0.283871	0.0258065
0.1875	0.34375	0.4375	0.03125
0.209677	0.354839	0.322581	0.112903
0.0300752	0.398496	0.0075188	0.56391
0.173913	0.695652	0.0434783	0.0869565
0.25	0.25	0.25	0.25
0.047619	0.571429	0.166667	0.214286
0.285714	0.428571	0.142857	0.142857
0.0232558	0.651163	0.162791	0.162791
0.0140845	0.619718	0.0140845	0.352113
0.106481	0.694444	0.0324074	0.166667
0.05	0.45	0.05	0.45
0.333333	0.25	0.375	0.0416667
0.0735294	0.0588235	0.838235	0.0294118
0.733333	0.0666667	0.133333	0.0666667
0.00660161	0.000861079	0.978186	0.0143513
0.0189394	0.191288	0.00378788	0.785985
0.28777	0.151079	0.539568	0.0215827
0.0172414	0.5	0.0344828	0.448276
0.285714	0.0714286	0.571429	0.0714286
0.157895	0.526316	0.0526316	0.263158
0.03125	0.5	0.4375	0.03125
0.315789	0.105263	0.552632	0.0263158
0.407407	0.444444	0.037037	0.111111
0.0638298	0.702128	0.0851064	0.148936
0.0714286	0.5	0.285714	0.142857
0.0944882	0.204724	0.661417	0.0393701
0.030303	0.737374	0.0505051	0.181818
0.0422078	0.951299	0.00324675	0.00324675
0.5	0.133333	0.333333	0.0333333
0.0909091	0.545455	0.272727	0.0909091
0.125	0.125	0.125	0.625
0.0350877	0.0614035	0.885965	0.0175439
0.0612245	0.0408163	0.244898	0.653061
0.352941	0.352941	0.235294	0.0588235
0.0809524	0.195238	0.0333333	0.690476
0.0985915	0.380282	0.507042	0.0140845
0.297297	0.0720721	0.387387	0.243243
0.5	0.261905	0.0714286	0.166667
0.0149254	0.441791	0.0985075	0.444776
0.111111	0.444444	0.166667	0.277778
0.4	0.15	0.4	0.05
0.637168	0.185841	0.106195	0.0707965
0.0909091	0.545455	0.0909091	0.272727
0.782123	0.0614525	0.125698	0.0307263
0.902228	0.0730198	0.019802	0.0049505
0.230769	0.384615	0.0769231	0.307692
0.181818	0.5	0.227273	0.0909091
0.0588235	0.588235	0.176471	0.176471
0.0621118	0.798137	0.0434783	0.0962733
0.570248	0.404959	0.00826446	0.0165289
0.0923077	0.538462	0.338462	0.0307692
0.14	0.48	0.36	0.02
0.168317	0.584158	0.0693069	0.178218
0.555556	0.194444	0.222222	0.0277778
0.405405	0.243243	0.297297	0.0540541
0.434783	0.217391	0.217391	0.130435
0.151515	0.272727	0.515152	0.0606061
0.25	0.25	0.25	0.25
0.17284	0.283951	0.45679	0.0864198
0.142857	0.52381	0.285714	0.047619
0.0576923	0.365385	0.0961538	0.480769
0.0153551	0.0902111	0.0115163	0.882917
0.305556	0.333333	0.222222	0.138889
0.0769231	0.269231	0.538462	0.115385
0.408451	0.056338	0.478873	0.056338
0.310345	0.103448	0.551724	0.0344828
0.065	0.37	0.08	0.485
0.285714	0.047619	0.619048	0.047619
0.025974	0.753247	0.038961	0.181818
0.0833333	0.694444	0.212963	0.00925926
0.0721649	0.680412	0.0515464	0.195876
0.346939	0.55102	0.0612245	0.0408163
0.027027	0.810811	0.135135	0.027027
0.328947	0.578947	0.0131579	0.0789474
0.25	0.25	0.25	0.25
0.294118	0.0588235	0.588235	0.0588235
0.0810811	0.756757	0.0810811	0.0810811
0.0691489	0.829787	0.00531915	0.0957447
0.0526316	0.815789	0.0789474	0.0526316
0.25	0.25	0.25	0.25
0.0952381	0.619048	0.190476	0.0952381
0.54878	0.280488	0.158537	0.0121951
0.0144928	0.724638	0.0289855	0.231884
0.466667	0.466667	0.0333333	0.0333333
0.230769	0.461538	0.128205	0.179487
0.2	0.4	0.2	0.2
0.555556	0.222222	0.166667	0.0555556
0.0909091	0.454545	0.181818	0.272727
0.125	0.125	0.708333	0.0416667
0.111111	0.5	0.111111	0.277778
0.047619	0.738095	0.047619	0.166667
0.35	0.425	0.2	0.025
0.173077	0.123077	0.526923	0.176923
0.387097	0.354839	0.225806	0.0322581
0.0405405	0.378378	0.567568	0.0135135
0.192308	0.0384615	0.692308	0.0769231
0.345238	0.5	0.047619	0.107143
0.047619	0.666667	0.190476	0.0952381
0.230769	0.461538	0.230769	0.0769231
0.0625	0.291667	0.125	0.520833
0.0526316	0.526316	0.368421	0.0526316
0.047619	0.285714	0.619048	0.047619
0.0361446	0.542169	0.39759	0.0240964
0.203704	0.481481	0.037037	0.277778
0.645161	0.0967742	0.0645161	0.193548
0.190141	0.176056	0.373239	0.260563
0.316667	0.233333	0.433333	0.0166667
0.5	0.233333	0.166667	0.1
0.05	0.4	0.45	0.1
0.567568	0.243243	0.135135	0.0540541
0.25	0.25	0.25	0.25
0.0615385	0.153846	0.769231	0.0153846
0.047619	0.761905	0.119048	0.0714286
0.159091	0.431818	0.386364	0.0227273
0.145161	0.612903	0.0322581	0.209677
0.6	0.32	0.04	0.04
0.049505	0.693069	0.029703	0.227723
0.292683	0.109756	0.512195	0.0853659
0.36	0.4	0.2	0.04
0.242424	0.151515	0.363636	0.242424
0.166667	0.444444	0.0833333	0.305556
0.25	0.1875	0.375	0.1875
0.1875	0.0625	0.6875	0.0625
0.125	0.4375	0.375	0.0625
0.230769	0.461538	0.0769231	0.230769
0.0769231	0.0192308	0.884615	0.0192308
0.178295	0.147287	0.658915	0.0155039
0.25	0.25	0.25	0.25
0.0322581	0.419355	0.419355	0.129032
0.253521	0.380282	0.295775	0.0704225
0.028777	0.744604	0.133094	0.0935252
0.04	0.72	0.04	0.2
0.142857	0.357143	0.142857	0.357143
0.565217	0.26087	0.0434783	0.130435
0.0759494	0.341772	0.0253165	0.556962
0.542857	0.114286	0.314286	0.0285714
0.0344828	0.241379	0.482759	0.241379
0.111111	0.555556	0.111111	0.222222
0.143737	0.542094	0.0205339	0.293634
0.05	0.25	0.05	0.65
0.1	0.5	0.3	0.1
0.205298	0.218543	0.562914	0.013245
0.650407	0.284553	0.0487805	0.0162602
0.0668962	0.214461	0.00541072	0.713232
0.0243902	0.341463	0.609756	0.0243902
0.0714286	0.321429	0.571429	0.0357143
0.137124	0.19398	0.625418	0.0434783
0.2	0.2	0.566667	0.0333333
0.304348	0.304348	0.173913	0.217391
0.0625	0.21875	0.625	0.09375
0.132075	0.396226	0.45283	0.0188679
0.0310881	0.875648	0.015544	0.0777202
0.119565	0.315217	0.521739	0.0434783
0.423077	0.461538	0.0769231	0.0384615
0.0384615	0.225275	0.021978	0.714286
0.0277778	0.305556	0.0277778	0.638889
0.0116279	0.825581	0.0116279	0.151163
0.527778	0.388889	0.0555556	0.0277778
0.131387	0.189781	0.0364964	0.642336
0.0625	0.6875	0.21875	0.03125
0.117647	0.588235	0.176471	0.117647
0.0852713	0.829457	0.0232558	0.0620155
0.655172	0.275862	0.0344828	0.0344828
0.521739	0.130435	0.304348	0.0434783
0.0677966	0.559322	0.254237	0.118644
0.653061	0.244898	0.0714286	0.0306122
0.224138	0.344828	0.396552	0.0344828
0.0923077	0.0461538	0.846154	0.0153846
0.0740741	0.407407	0.481481	0.037037
0.42	0.22	0.32	0.04
0.0697674	0.767442	0.0232558	0.139535
0.125	0.25	0.375	0.25
0.264706	0.0588235	0.647059	0.0294118
0.0416667	0.329167	0.0291667	0.6
0.0368509	0.906198	0.0234506	0.0335008
0.269231	0.461538	0.230769	0.0384615
0.0657895	0.421053	0.0131579	0.5
0.153846	0.692308	0.0769231	0.0769231
0.177419	0.193548	0.596774	0.0322581
0.227848	0.383966	0.337553	0.0506329
0.244444	0.555556	0.111111	0.0888889
0.142857	0.178571	0.535714	0.142857
0.214286	0.142857	0.428571	0.214286
0.0571429	0.371429	0.542857	0.0285714
0.757781	0.170952	0.0180424	0.0532251
0.2	0.4	0.2	0.2
0.0746269	0.492537	0.0348259	0.39801
0.3	0.3	0.2	0.2
0.0799508	0.0799508	0.790898	0.0492005
0.0180085	0.783898	0.032839	0.165254
0.037037	0.148148	0.0740741	0.740741
0.0263158	0.486842	0.0131579	0.473684
0.614035	0.233918	0.0448343	0.107212
0.0285714	0.314286	0.542857	0.114286
0.0588235	0.352941	0.352941	0.235294
0.037037	0.666667	0.111111	0.185185
0.214286	0.357143	0.214286	0.214286
0.244444	0.377778	0.344444	0.0333333
0.258065	0.322581	0.290323	0.129032
0.341463	0.414634	0.219512	0.0243902
0.0566038	0.811321	0.0377358	0.0943396
0.0666667	0.333333	0.1	0.5
0.261538	0.461538	0.261538	0.0153846
0.0526316	0.736842	0.105263	0.105263
0.0592593	0.822222	0.0444444	0.0740741
0.3	0.15	0.5	0.05
0.181818	0.121212	0.666667	0.030303
0.464286	0.178571	0.25	0.107143
0.416667	0.527778	0.0277778	0.0277778
0.0454545	0.818182	0.0909091	0.0454545
0.0555556	0.833333	0.0555556	0.0555556
0.166667	0.0833333	0.583333	0.166667
0.196078	0.137255	0.627451	0.0392157
0.25	0.25	0.25	0.25
0.318182	0.409091	0.242424	0.030303
0.307692	0.384615	0.173077	0.134615
0.266667	0.466667	0.2	0.0666667
0.783784	0.0540541	0.0810811	0.0810811
0.045	0.635	0.02	0.3
0.352273	0.477273	0.147727	0.0227273
0.25	0.125	0.5625	0.0625
0.169492	0.220339	0.576271	0.0338983
0.03125	0.34375	0.59375	0.03125
0.0444444	0.688889	0.0444444	0.222222
0.265306	0.510204	0.0204082	0.204082
0.0471698	0.735849	0.0849057	0.132075
0.153846	0.307692	0.5	0.0384615
0.25	0.25	0.25	0.25
0.653846	0.264423	0.0192308	0.0625
0.155556	0.666667	0.0666667	0.111111
0.0555556	0.388889	0.388889	0.166667
0.0888889	0.377778	0.511111	0.0222222
0.210526	0.368421	0.368421	0.0526316
0.030303	0.333333	0.515152	0.121212
0.0166667	0.85	0.05	0.0833333
0.166667	0.555556	0.111111	0.166667
0.333333	0.333333	0.266667	0.0666667
0.09375	0.21875	0.609375	0.078125
0.0526316	0.473684	0.263158	0.210526
0.0425532	0.43026	0.00236407	0.524823
0.119048	0.678571	0.0595238	0.142857
0.142857	0.114286	0.657143	0.0857143
0.037037	0.740741	0.185185	0.037037
0.791667	0.0833333	0.104167	0.0208333
0.174419	0.337209	0.430233	0.0581395
0.0555556	0.0555556	0.777778	0.111111
0.181818	0.272727	0.454545	0.0909091
0.0769231	0.692308	0.153846	0.0769231
0.428571	0.285714	0.25	0.0357143
0.384615	0.538462	0.0384615	0.0384615
0.118644	0.711864	0.0169492	0.152542
0.0714286	0.178571	0.0714286	0.678571
0.142857	0.571429	0.142857	0.142857
0.012987	0.324675	0.038961	0.623377
0.341463	0.353659	0.207317	0.097561
0.145833	0.5625	0.125	0.166667
0.111111	0.555556	0.111111	0.222222
0.527273	0.163636	0.3	0.00909091
0.0416667	0.3125	0.5625	0.0833333
0.0526316	0.631579	0.157895	0.157895
0.030303	0.363636	0.575758	0.030303
0.272727	0.654545	0.0181818	0.0545455
0.679775	0.0955056	0.0280899	0.196629
0.46875	0.125	0.375	0.03125
0.0142857	0.8	0.0571429	0.128571
0.344828	0.37931	0.241379	0.0344828
0.0344828	0.678161	0.0114943	0.275862
0.155039	0.333333	0.470284	0.0413437
0.296296	0.0740741	0.481481	0.148148
0.444444	0.222222	0.111111	0.222222
0.0384615	0.615385	0.115385	0.230769
0.809524	0.0952381	0.047619	0.047619
0.0333333	0.5	0.333333	0.133333
0.1	0.4	0.4	0.1
0.0574713	0.425287	0.482759	0.0344828
0.0993151	0.143836	0.00342466	0.753425
0.340909	0.227273	0.340909	0.0909091
0.333333	0.333333	0.222222	0.111111
0.102564	0.794872	0.0769231	0.025641
0.0909091	0.318182	0.545455	0.0454545
0.0714286	0.242857	0.642857	0.0428571
0.142857	0.357143	0.285714	0.214286
0.1	0.1	0.7	0.1
0.257143	0.2	0.314286	0.228571
0.0952381	0.333333	0.547619	0.0238095
0.0625	0.1875	0.3125	0.4375
0.0434783	0.652174	0.26087	0.0434783
0.242991	0.373832	0.35514	0.0280374
0.00719424	0.364508	0.00479616	0.623501
0.133333	0.466667	0.333333	0.0666667
0.521739	0.26087	0.130435	0.0869565
0.393939	0.0808081	0.464646	0.0606061
0.0285714	0.314286	0.628571	0.0285714
0.295455	0.659091	0.0227273	0.0227273
0.0740741	0.0277778	0.0185185	0.87963
0.108696	0.5	0.0652174	0.326087
0.0819672	0.540984	0.0327869	0.344262
0.207207	0.459459	0.306306	0.027027
0.45	0.3	0.15	0.1
0.0433071	0.562992	0.0393701	0.354331
0.070122	0.320122	0.0213415	0.588415
0.0945946	0.675676	0.0135135	0.216216
0.25	0.125	0.375	0.25
0.0662824	0.717579	0.0115274	0.204611
0.493976	0.0120482	0.433735	0.060241
0.0421687	0.325301	0.0060241	0.626506
0.66286	0.291463	0.0130506	0.0326264
0.0344828	0.448276	0.41954	0.0977011
0.702703	0.216216	0.0540541	0.027027
0.0909091	0.613636	0.0227273	0.272727
0.222222	0.111111	0.555556	0.111111
0.04	0.28	0.12	0.56
0.25	0.25	0.25	0.25
0.0136986	0.561644	0.0136986	0.410959
0.47619	0.285714	0.190476	0.047619
0.0625	0.3125	0.3125	0.3125
0.122449	0.193878	0.663265	0.0204082
0.027933	0.407821	0.547486	0.0167598
0.396552	0.206897	0.327586	0.0689655
0.181818	0.454545	0.272727	0.0909091
0.166667	0.333333	0.166667	0.333333
0.0232558	0.302326	0.604651	0.0697674
0.1	0.55	0.05	0.3
0.6	0.1	0.25	0.05
0.25	0.25	0.25	0.25
0.142857	0.428571	0.285714	0.142857
0.108108	0.486486	0.135135	0.27027
0.0192308	0.346154	0.576923	0.0576923
0.1875	0.5625	0.125	0.125
0.25	0.25	0.25	0.25
0.0714286	0.357143	0.5	0.0714286
0.142857	0.428571	0.142857	0.285714
0.112676	0.422535	0.126761	0.338028
0.0416667	0.416667	0.0833333	0.458333
0.333333	0.25	0.166667	0.25
0.00724638	0.478261	0.471014	0.0434783
0.0625	0.520833	0.0208333	0.395833
0.078125	0.25	0.625	0.046875
0.0166667	0.5	0.433333	0.05
0.133333	0.733333	0.0666667	0.0666667
0.25	0.25	0.25	0.25
0.138462	0.6	0.246154	0.0153846
0.117647	0.294118	0.411765	0.176471
0.121951	0.658537	0.097561	0.121951
0.1375	0.3875	0.1	0.375
0.285714	0.2	0.328571	0.185714
0.190476	0.190476	0.428571	0.190476
0.0952381	0.47619	0.285714	0.142857
0.1	0.433333	0.05	0.416667
0.380282	0.056338	0.492958	0.0704225
0.0322581	0.0322581	0.806452	0.129032
0.0229885	0.62069	0.344828	0.0114943
0.0144928	0.84058	0.0434783	0.101449
0.5	0.4	0.0666667	0.0333333
0.0555556	0.555556	0.111111	0.277778
0.3	0.3	0.3	0.1
0.288889	0.488889	0.133333	0.0888889
0.030303	0.181818	0.69697	0.0909091
0.266667	0.4	0.133333	0.2
0.333333	0.333333	0.222222	0.111111
0.428571	0.404762	0.142857	0.0238095
0.208333	0.541667	0.208333	0.0416667
0.153846	0.384615	0.384615	0.0769231
0.142857	0.392857	0.392857	0.0714286
0.16129	0.330645	0.443548	0.0645161
0.2	0.6	0.133333	0.0666667
0.118182	0.5	0.0727273	0.309091
0.166667	0.541667	0.0416667	0.25
0.685714	0.171429	0.114286	0.0285714
0.20438	0.50365	0.255474	0.0364964
0.4	0.4	0.1	0.1
0.533333	0.283333	0.116667	0.0666667
0.519231	0.211538	0.230769	0.0384615
0.1	0.4	0.3	0.2
0.435185	0.462963	0.037037	0.0648148
0.529412	0.0588235	0.352941	0.0588235
0.285714	0.428571	0.142857	0.142857
0.166667	0.333333	0.166667	0.333333
0.111111	0.555556	0.222222	0.111111
0.0416667	0.583333	0.1875	0.1875
0.1	0.65	0.1	0.15
0.277778	0.555556	0.0555556	0.111111
0.680851	0.234043	0.0638298	0.0212766
0.35	0.05	0.5	0.1
0.315789	0.526316	0.0526316	0.105263
0.027027	0.594595	0.351351	0.027027
0.0740741	0.148148	0.740741	0.037037
0.139535	0.418605	0.418605	0.0232558
0.0930233	0.209302	0.44186	0.255814
0.00546448	0.464481	0.00546448	0.52459
0.0379747	0.493671	0.43038	0.0379747
0.0810811	0.567568	0.135135	0.216216
0.804878	0.097561	0.0731707	0.0243902
0.0537383	0.735981	0.00934579	0.200935
0.166667	0.388889	0.111111	0.333333
0.326923	0.153846	0.480769	0.0384615
0.212766	0.319149	0.425532	0.0425532
0.0529661	0.762712	0.141949	0.0423729
0.0833333	0.666667	0.125	0.125
0.347826	0.347826	0.217391	0.0869565
0.6	0.1	0.166667	0.133333
0.138889	0.222222	0.583333	0.0555556
0.176471	0.0588235	0.705882	0.0588235
0.238095	0.142857	0.52381	0.0952381
0.383562	0.273973	0.328767	0.0136986
0.226415	0.245283	0.509434	0.0188679
0.0344828	0.54023	0.0804598	0.344828
0.357798	0.449541	0.12844	0.0642202
0.3	0.26	0.42	0.02
0.0108696	0.293478	0.00543478	0.690217
0.12	0.68	0.186667	0.0133333
0.25	0.25	0.25	0.25
0.00714286	0.678571	0.0428571	0.271429
0.0533333	0.64	0.08	0.226667
0.0909091	0.363636	0.272727	0.272727
0.0175439	0.526316	0.0175439	0.438596
0.0153846	0.676923	0.0153846	0.292308
0.0985915	0.56338	0.028169	0.309859
0.0625	0.515625	0.03125	0.390625
0.0826446	0.719008	0.0247934	0.173554
0.15	0.7	0.05	0.1
0.1875	0.1875	0.5	0.125
0.04	0.44	0.0933333	0.426667
0.189189	0.297297	0.486486	0.027027
0.125	0.416667	0.125	0.333333
0.0608365	0.460076	0.39924	0.0798479
0.0322581	0.322581	0.0322581	0.612903
0.333333	0.277778	0.375	0.0138889
0.03125	0.6875	0.15625	0.125
0.193548	0.193548	0.580645	0.0322581
0.68	0.12	0.08	0.12
0.28125	0.28125	0.3125	0.125
0.016129	0.709677	0.0322581	0.241935
0.0833333	0.583333	0.0833333	0.25
0.136364	0.681818	0.0227273	0.159091
0.0273973	0.835616	0.0547945	0.0821918
0.6	0.1	0.1	0.2
0.47619	0.285714	0.190476	0.047619
0.222222	0.444444	0.111111	0.222222
0.142857	0.261905	0.571429	0.0238095
0.5625	0.25	0.125	0.0625
0.0735294	0.779412	0.0294118	0.117647
0.915976	0.0447761	0.0215589	0.0176893
0.0833333	0.333333	0.527778	0.0555556
0.0638298	0.276596	0.106383	0.553191
0.0625	0.75	0.0625	0.125
0.142857	0.107143	0.696429	0.0535714
0.116279	0.465116	0.162791	0.255814
0.14	0.1	0.74	0.02
0.0675676	0.0945946	0.77027	0.0675676
0.617647	0.235294	0.117647	0.0294118
0.08577	0.520468	0.00974659	0.384016
0.125	0.375	0.375	0.125
0.315789	0.631579	0.0263158	0.0263158
0.25	0.25	0.25	0.25
0.25	0.25	0.25	0.25
0.131868	0.71978	0.00549451	0.142857
0.357895	0.0315789	0.589474	0.0210526
0.0625	0.75	0.125	0.0625
0.0153846	0.00854701	0.0410256	0.935043
0.133333	0.133333	0.7	0.0333333
0.0540541	0.202703	0.702703	0.0405405
0.538462	0.403846	0.0384615	0.0192308
0.214286	0.285714	0.428571	0.0714286
0.383333	0.1	0.416667	0.1
0.571429	0.142857	0.142857	0.142857
0.325	0.2	0.35	0.125
0.111111	0.305556	0.472222	0.111111
0.0454545	0.681818	0.0909091	0.181818
0.352941	0.294118	0.294118	0.0588235
0.296296	0.296296	0.37037	0.037037
0.230357	0.592857	0.119643	0.0571429
0.5	0.365385	0.115385	0.0192308
0.0212766	0.638298	0.297872	0.0425532
0.0555556	0.833333	0.0555556	0.0555556
0.25	0.25	0.25	0.25
0.03125	0.5625	0.03125	0.375
0.238095	0.571429	0.0952381	0.0952381
0.125	0.0625	0.625	0.1875
0.125	0.625	0.125	0.125
0.172414	0.62069	0.0689655	0.137931
0.0571429	0.471429	0.114286	0.357143
0.388889	0.333333	0.222222	0.0555556
0.276596	0.297872	0.404255	0.0212766
0.265625	0.5625	0.015625	0.15625
0.028314	0.249678	0.00643501	0.715573
0.546296	0.305556	0.0648148	0.0833333
0.257143	0.471429	0.257143	0.0142857
0.578947	0.210526	0.157895	0.0526316
0.1875	0.0375	0.75	0.025
0.393443	0.295082	0.262295	0.0491803
0.496894	0.453416	0.0372671	0.0124224
0.404762	0.404762	0.119048	0.0714286
0.11215	0.364486	0.00934579	0.514019
0.0909091	0.136364	0.636364	0.136364
0.4	0.2	0.2	0.2
0.0869565	0.347826	0.521739	0.0434783
0.111111	0.333333	0.444444	0.111111
0.55414	0.292994	0.11465	0.0382166
0.25	0.25	0.25	0.25
0.25	0.25	0.25	0.25
0.52381	0.380952	0.047619	0.047619
0.14	0.38	0.42	0.06
0.062448	0.218152	0.0324729	0.686928
0.1	0.4	0.4	0.1
0.0555556	0.166667	0.722222	0.0555556
0.103448	0.241379	0.62069	0.0344828
0.5	0.136364	0.318182	0.0454545
0.0970874	0.165049	0.533981	0.203883
0.25	0.25	0.25	0.25
0.171429	0.0285714	0.685714	0.114286
0.0152672	0.549618	0.374046	0.0610687
0.0769231	0.846154	0.0461538	0.0307692
0.44	0.28	0.22	0.06
0.105263	0.578947	0.157895	0.157895
0.0208333	0.291667	0.0833333	0.604167
0.0169492	0.813559	0.0677966	0.101695
0.309524	0.595238	0.0238095	0.0714286
0.142857	0.571429	0.142857	0.142857
0.647059	0.235294	0.0588235	0.0588235
0.117647	0.647059	0.117647	0.117647
0.428571	0.261905	0.214286	0.0952381
0.0126183	0.895899	0.0283912	0.0630915
0.117647	0.647059	0.0588235	0.176471
0.333333	0.333333	0.166667	0.166667
0.259259	0.37037	0.185185	0.185185
0.625	0.25	0.0833333	0.0416667
0.0962963	0.314815	0.0148148	0.574074
0.0357143	0.446429	0.482143	0.0357143
0.0454545	0.409091	0.136364	0.409091
0.584906	0.320755	0.0754717	0.0188679
0.0588235	0.705882	0.0588235	0.176471
0.166667	0.395833	0.0208333	0.416667
0.012987	0.207792	0.74026	0.038961
0.228571	0.457143	0.2	0.114286
0.25	0.25	0.25	0.25
0.25	0.25	0.25	0.25
0.366667	0.466667	0.1	0.0666667
0.0769231	0.307692	0.538462	0.0769231
0.551724	0.137931	0.206897	0.103448
0.10219	0.105839	0.0237226	0.768248
0.0625	0.625	0.25	0.0625
0.0454545	0.801136	0.0795455	0.0738636
0.219512	0.0487805	0.634146	0.097561
0.737705	0.213115	0.00819672	0.0409836
0.345455	0.363636	0.272727	0.0181818
0.138889	0.527778	0.25	0.0833333
0.16	0.64	0.15	0.05
0.375	0.3125	0.0625	0.25
0.398892	0.313019	0.0498615	0.238227
0.0689655	0.413793	0.37931	0.137931
0.235294	0.411765	0.294118	0.0588235
0.463415	0.365854	0.0243902	0.146341
0.0740741	0.111111	0.0740741	0.740741
0.253521	0.183099	0.492958	0.0704225
0.25	0.25	0.25	0.25
0.25	0.25	0.25	0.25
0.459459	0.378378	0.148649	0.0135135
0.0655738	0.47541	0.393443	0.0655738
0.2	0.2	0.4	0.2
0.157895	0.684211	0.105263	0.0526316
0.0769231	0.318681	0.582418	0.021978
0.15942	0.666667	0.057971	0.115942
0.135922	0.213592	0.203883	0.446602
0.214286	0.446429	0.333333	0.00595238
0.0731707	0.243902	0.560976	0.121951
0.375	0.375	0.208333	0.0416667
0.111111	0.0185185	0.851852	0.0185185
0.166667	0.166667	0.166667	0.5
0.0384615	0.615385	0.230769	0.115385
0.5	0.293103	0.0172414	0.189655
0.316667	0.45	0.183333	0.05
0.117647	0.215686	0.0196078	0.647059
0.097561	0.707317	0.146341	0.0487805
0.0833333	0.416667	0.416667	0.0833333
0.40625	0.234375	0.234375	0.125
0.466667	0.266667	0.133333	0.133333
0.318182	0.568182	0.0454545	0.0681818
0.125	0.125	0.5	0.25
0.0869565	0.26087	0.0869565	0.565217
0.2	0.4	0.2	0.2
0.216667	0.0666667	0.683333	0.0333333
0.61828	0.198925	0.155914	0.0268817
0.214286	0.5	0.214286	0.0714286
0.25	0.25	0.25	0.25
0.657895	0.0789474	0.236842	0.0263158
0.454545	0.0909091	0.0454545	0.409091
0.409836	0.262295	0.295082	0.0327869
0.0217391	0.23913	0.108696	0.630435
0.413559	0.4	0.132203	0.0542373
0.227273	0.272727	0.454545	0.0454545
0.32	0.3	0.36	0.02
0.0714286	0.142857	0.642857	0.142857
0.0925926	0.666667	0.0185185	0.222222
0.122807	0.836257	0.0233918	0.0175439
0.0869565	0.26087	0.565217	0.0869565
0.0795455	0.545455	0.352273	0.0227273
0.126761	0.056338	0.806338	0.0105634
0.0555556	0.527778	0.305556	0.111111
0.518519	0.277778	0.185185	0.0185185
0.134615	0.346154	0.153846	0.365385
0.125	0.375	0.25	0.25
0.0507937	0.2	0.0222222	0.726984
0.869853	0.0911765	0.0205882	0.0183824
0.0952381	0.0952381	0.0952381	0.714286
0.0882353	0.794118	0.0588235	0.0588235
0.0186916	0.850467	0.102804	0.0280374
0.05	0.15	0.65	0.15
0.192308	0.346154	0.423077	0.0384615
0.6	0.1	0.25	0.05
0.322581	0.387097	0.129032	0.16129
0.6	0.2	0.12	0.08
0.25	0.25	0.25	0.25
0.04	0.4	0.12	0.44
0.3	0.2	0.4	0.1
0.0215054	0.16129	0.0322581	0.784946
0.692308	0.0989011	0.10989	0.0989011
0.372549	0.352941	0.254902	0.0196078
0.0952381	0.428571	0.460317	0.015873
0.04	0.3	0.02	0.64
0.25	0.25	0.25	0.25
0.714286	0.171429	0.0857143	0.0285714
0.065	0.515	0.07	0.35
0.714286	0.142857	0.0714286	0.0714286
0.121212	0.666667	0.0909091	0.121212
0.05	0.2	0.2	0.55
0.209302	0.209302	0.0232558	0.55814
0.0277778	0.444444	0.444444	0.0833333
0.333333	0.333333	0.111111	0.222222
0.184211	0.315789	0.394737	0.105263
0.217391	0.0869565	0.478261	0.217391
0.125	0.25	0.5625	0.0625
0.0882353	0.647059	0.0294118	0.235294
0.05	0.816667	0.0333333	0.1
0.102041	0.530612	0.0408163	0.326531
0.0344828	0.482759	0.448276	0.0344828
0.0769231	0.461538	0.0769231	0.384615
0.1	0.3	0.1	0.5
0.25	0.5	0.125	0.125
0.148148	0.37037	0.407407	0.0740741
0.1	0.533333	0.0666667	0.3
0.142857	0.142857	0.571429	0.142857
0.2	0.4	0.2	0.2
0.178571	0.232143	0.571429	0.0178571
0.280702	0.596491	0.0701754	0.0526316
0.0454545	0.227273	0.681818	0.0454545
0.272727	0.0909091	0.454545	0.181818
0.0208333	0.833333	0.0833333	0.0625
0.0571429	0.291429	0.645714	0.00571429
0.0864198	0.740741	0.111111	0.0617284
0.130435	0.782609	0.0434783	0.0434783
0.208333	0.666667	0.0416667	0.0833333
0.0833333	0.25	0.0833333	0.583333
0.142857	0.285714	0.285714	0.285714
0.170732	0.243902	0.560976	0.0243902
0.0364964	0.861314	0.0437956	0.0583942
0.0243902	0.658537	0.097561	0.219512
0.307692	0.538462	0.0769231	0.0769231
0.333333	0.111111	0.333333	0.222222
0.714286	0.0714286	0.196429	0.0178571
0.316176	0.529412	0.0514706	0.102941
0.0526316	0.684211	0.0526316	0.210526
0.292683	0.292683	0.097561	0.317073
0.133333	0.4	0.133333	0.333333
0.0769231	0.5	0.0384615	0.384615
0.307692	0.230769	0.384615	0.0769231
0.217742	0.387097	0.322581	0.0725806
0.225806	0.516129	0.129032	0.129032
0.315789	0.157895	0.421053	0.105263
0.347826	0.391304	0.0434783	0.217391
0.68	0.16	0.12	0.04
0.247059	0.305882	0.435294	0.0117647
0.0555556	0.388889	0.5	0.0555556
0.222222	0.222222	0.444444	0.111111
0.297872	0.382979	0.276596	0.0425532
0.272727	0.590909	0.0454545	0.0909091
0.571429	0.238095	0.142857	0.047619
0.5	0.35	0.1	0.05
0.0833333	0.666667	0.166667	0.0833333
0.121951	0.560976	0.170732	0.146341
0.25	0.25	0.25	0.25
0.424242	0.212121	0.272727	0.0909091
0.148148	0.580247	0.0123457	0.259259
0.117647	0.470588	0.294118	0.117647
0.030303	0.212121	0.0909091	0.666667
0.222222	0.111111	0.111111	0.555556
0.222222	0.166667	0.5	0.111111
0.033557	0.657718	0.033557	0.275168
0.205882	0.411765	0.0588235	0.323529
0.030303	0.575758	0.272727	0.121212
0.171875	0.265625	0.1875	0.375
0.548387	0.193548	0.225806	0.0322581
0.1	0.7	0.1	0.1
0.166667	0.0555556	0.722222	0.0555556
0.0536585	0.502439	0.434146	0.0097561
0.00420168	0.012605	0.0336134	0.94958
0.0714286	0.392857	0.285714	0.25
0.266667	0.333333	0.2	0.2
0.129032	0.290323	0.548387	0.0322581
0.392027	0.33887	0.222591	0.0465116
0.0625	0.5	0.3125	0.125
0.142857	0.571429	0.142857	0.142857
0.52381	0.333333	0.047619	0.0952381
0.0909091	0.636364	0.0909091	0.181818
0.130435	0.73913	0.0869565	0.0434783
0.25	0.05	0.35	0.35
0.44	0.24	0.28	0.04
0.292683	0.146341	0.512195	0.0487805
0.113636	0.295455	0.5	0.0909091
0.138889	0.722222	0.0138889	0.125
0.105263	0.368421	0.5	0.0263158
0.545455	0.333333	0.0606061	0.0606061
0.0555556	0.722222	0.0925926	0.12963
0.322581	0.548387	0.0322581	0.0967742
0.190476	0.47619	0.0952381	0.238095
0.0408163	0.428571	0.0204082	0.510204
0.0666667	0.266667	0.0666667	0.6
0.0625	0.53125	0.34375	0.0625
0.0461095	0.783862	0.00576369	0.164265
0.217391	0.0869565	0.652174	0.0434783
0.0606061	0.363636	0.181818	0.393939
0.416	0.36	0.208	0.016
0.125	0.25	0.5	0.125
0.302326	0.395349	0.116279	0.186047
0.612903	0.322581	0.0322581	0.0322581
0.263158	0.157895	0.526316	0.0526316
0.118644	0.288136	0.542373	0.0508475
0.0285714	0.457143	0.0857143	0.428571
0.921875	0.046875	0.015625	0.015625
0.08	0.76	0.04	0.12
0.0384615	0.653846	0.0769231	0.230769
0.411765	0.352941	0.0588235	0.176471
0.0625	0.5	0.1875	0.25
0.235294	0.529412	0.117647	0.117647
0.25	0.40625	0.328125	0.015625
0.0443038	0.113924	0.0189873	0.822785
0.124183	0.261438	0.601307	0.0130719
0.142857	0.571429	0.047619	0.238095
0.106628	0.792507	0.0345821	0.0662824
0.0326087	0.771739	0.0326087	0.163043
0.01	0.56	0.41	0.02
0.0127551	0.52551	0.00510204	0.456633
0.206745	0.0931085	0.0494868	0.65066
0.147059	0.588235	0.0882353	0.176471
0.25	0.5	0.05	0.2
0.263158	0.131579	0.578947	0.0263158
0.732194	0.173789	0.0626781	0.031339
0.08	0.34	0.54	0.04
0.191489	0.446809	0.319149	0.0425532
0.142857	0.571429	0.214286	0.0714286
0.125	0.375	0.125	0.375
0.125	0.25	0.40625	0.21875
0.0285714	0.257143	0.571429	0.142857
0.0833333	0.541667	0.166667	0.208333
0.0638298	0.617021	0.0212766	0.297872
0.0344828	0.793103	0.0344828	0.137931
0.0322581	0.274194	0.467742	0.225806
0.0410959	0.739726	0.0821918	0.136986
0.0273973	0.246575	0.0273973	0.69863
0.137931	0.586207	0.103448	0.172414
0.0591017	0.172577	0.00945626	0.758865
0.05	0.8	0.1	0.05
0.0115741	0.157407	0.793981	0.037037
0.432432	0.108108	0.297297	0.162162
0.333333	0.444444	0.111111	0.111111
0.346154	0.0769231	0.538462	0.0384615
0.0203046	0.862944	0.0406091	0.0761421
0.0789474	0.815789	0.0789474	0.0263158
0.111111	0.444444	0.111111	0.333333
0.271429	0.328571	0.342857	0.0571429
0.255814	0.209302	0.511628	0.0232558
0.200893	0.214286	0.566964	0.0178571
0.2	0.5	0.2	0.1
0.256757	0.391892	0.202703	0.148649
0.173913	0.73913	0.0434783	0.0434783
0.0416667	0.25	0.666667	0.0416667
0.115385	0.384615	0.0384615	0.461538
0.444444	0.244444	0.266667	0.0444444
0.0857143	0.657143	0.228571	0.0285714
0.14	0.64	0.2	0.02
0.25	0.625	0.0625	0.0625
0.03125	0.578125	0.375	0.015625
0.142857	0.0357143	0.785714	0.0357143
0.3	0.566667	0.0666667	0.0666667
0.307692	0.538462	0.0769231	0.0769231
0.0311526	0.934579	0.0124611	0.0218069
0.177778	0.622222	0.0222222	0.177778
0.294118	0.117647	0.352941	0.235294
0.0103093	0.634021	0.0412371	0.314433
0.0677966	0.491525	0.101695	0.338983
0.121951	0.45122	0.378049	0.0487805
0.0555556	0.444444	0.444444	0.0555556
0.519231	0.346154	0.0576923	0.0769231
0.153846	0.340659	0.428571	0.0769231
0.285714	0.428571	0.142857	0.142857
0.0454545	0.863636	0.0454545	0.0454545
0.222222	0.305556	0.333333	0.138889
0.238095	0.238095	0.47619	0.047619
0.545455	0.181818	0.181818	0.0909091
0.0833333	0.583333	0.166667	0.166667
0.161765	0.485294	0.338235	0.0147059
0.0909091	0.287879	0.0151515	0.606061
0.12	0.32	0.52	0.04
0.125	0.5	0.25	0.125
0.05	0.15	0.75	0.05
0.448276	0.0862069	0.431034	0.0344828
0.282407	0.537037	0.162037	0.0185185
0.166667	0.75	0.0277778	0.0555556
0.315789	0.105263	0.526316	0.0526316
0.55	0.1	0.2	0.15
0.08	0.28	0.62	0.02
0.0645161	0.612903	0.290323	0.0322581
0.0183486	0.657492	0.0244648	0.299694
0.5	0.3	0.15	0.05
0.105263	0.642105	0.0947368	0.157895
0.464286	0.214286	0.285714	0.0357143
0.267606	0.0774648	0.591549	0.0633803
0.1	0.3	0.25	0.35
0.227273	0.613636	0.0227273	0.136364
0.638554	0.253012	0.0722892	0.0361446
0.222222	0.577778	0.0888889	0.111111
0.02	0.52	0.34	0.12
0.42	0.42	0.06	0.1
0.036036	0.405405	0.459459	0.0990991
0.211538	0.519231	0.230769	0.0384615
0.424242	0.484848	0.030303	0.0606061
0.307692	0.153846	0.461538	0.0769231
0.0338983	0.610169	0.0847458	0.271186
0.481481	0.37037	0.0185185	0.12963
0.5	0.269231	0.192308	0.0384615
0.191176	0.352941	0.117647	0.338235
0.2	0.2	0.4	0.2
0.030303	0.757576	0.151515	0.0606061
0.294118	0.411765	0.235294	0.0588235
0.166667	0.333333	0.333333	0.166667
0.210526	0.368421	0.0526316	0.368421
0.296296	0.333333	0.333333	0.037037
0.181818	0.0909091	0.681818	0.0454545
0.310345	0.103448	0.551724	0.0344828
0.0337079	0.640449	0.0898876	0.235955
0.0322581	0.66129	0.016129	0.290323
0.0166667	0.65	0.133333	0.2
0.324324	0.243243	0.297297	0.135135
0.0769231	0.192308	0.461538	0.269231
0.0925926	0.407407	0.490741	0.00925926
0.116402	0.724868	0.0740741	0.0846561
0.15	0.3	0.5375	0.0125
0.0625	0.8125	0.0625	0.0625
0.413793	0.206897	0.310345	0.0689655
0.5	0.1875	0.25	0.0625
0.302326	0.511628	0.139535	0.0465116
0.4	0.4	0.0666667	0.133333
0.1	0.3	0.5	0.1
0.0405405	0.635135	0.263514	0.0608108
0.363636	0.272727	0.181818	0.181818
0.0327869	0.540984	0.0983607	0.327869
0.569231	0.307692	0.0307692	0.0923077
0.354167	0.479167	0.0833333	0.0833333
0.384615	0.538462	0.025641	0.0512821
0.0515198	0.892839	0.00618238	0.049459
0.1	0.6	0.2	0.1
0.111111	0.577778	0.0888889	0.222222
0.45	0.141667	0.333333	0.075
0.0268336	0.182469	0.0107335	0.779964
0.272727	0.454545	0.0909091	0.181818
0.264706	0.529412	0.147059	0.0588235
0.583333	0.194444	0.145833	0.0763889
0.529412	0.352941	0.0588235	0.0588235
0.190476	0.238095	0.380952	0.190476
0.227642	0.406504	0.097561	0.268293
0.0952381	0.428571	0.380952	0.0952381
0.651163	0.162791	0.0930233	0.0930233
0.18239	0.377358	0.421384	0.0188679
0.0691244	0.336406	0.580645	0.0138249
0.0617284	0.302469	0.0123457	0.623457
0.25	0.111111	0.527778	0.111111
0.0357143	0.25	0.642857	0.0714286
0.0955056	0.258427	0.0224719	0.623596
0.0208333	0.458333	0.479167	0.0416667
0.0446429	0.857143	0.00892857	0.0892857
0.193548	0.0967742	0.645161	0.0645161
0.0566038	0.735849	0.0943396	0.113208
0.0392157	0.166667	0.00980392	0.784314
0.0405405	0.837838	0.027027	0.0945946
0.0769231	0.153846	0.461538	0.307692
0.0588235	0.617647	0.117647	0.205882
0.285714	0.52381	0.142857	0.047619
0.208333	0.625	0.125	0.0416667
0.153846	0.692308	0.0769231	0.0769231
0.123288	0.410959	0.438356	0.0273973
0.255319	0.361702	0.0425532	0.340426
0.2	0.342857	0.2	0.257143
0.0416667	0.375	0.0833333	0.5
0.0434783	0.26087	0.652174	0.0434783
0.0857143	0.428571	0.0857143	0.4
0.384615	0.153846	0.384615	0.0769231
0.769912	0.132743	0.0884956	0.00884956
0.142857	0.428571	0.357143	0.0714286
0.679245	0.169811	0.0566038	0.0943396
0.0843373	0.819277	0.0120482	0.0843373
0.117188	0.828125	0.015625	0.0390625
0.1875	0.475	0.225	0.1125
0.0169492	0.915254	0.0169492	0.0508475
0.842014	0.0753411	0.0682299	0.0144148
0.125	0.5	0.25	0.125
0.235294	0.470588	0.176471	0.117647
0.0545455	0.690909	0.0181818	0.236364
0.0847458	0.666667	0.0847458	0.163842
0.517699	0.30531	0.0752212	0.10177
0.0266667	0.24	0.68	0.0533333
0.25	0.394231	0.269231	0.0865385
0.16	0.74	0.06	0.04
0.230769	0.538462	0.153846	0.0769231
0.111111	0.527778	0.333333	0.0277778
0.25	0.25	0.25	0.25
0.045584	0.002849	0.925926	0.025641
0.0909091	0.285714	0.584416	0.038961
0.599138	0.142241	0.24569	0.012931
0.120879	0.307692	0.505495	0.0659341
0.339286	0.0357143	0.589286	0.0357143
0.3	0.632143	0.0285714	0.0392857
0.145455	0.381818	0.290909	0.181818
0.116279	0.244186	0.0232558	0.616279
0.575	0.15	0.2	0.075
0.25	0.25	0.25	0.25
0.09375	0.53125	0.3125	0.0625
0.655063	0.186709	0.113924	0.0443038
0.075	0.5625	0.1	0.2625
0.527778	0.305556	0.0555556	0.111111
0.342857	0.0285714	0.6	0.0285714
0.0126582	0.544304	0.43038	0.0126582
0.15	0.3	0.5	0.05
0.111111	0.222222	0.444444	0.222222
0.529412	0.0588235	0.352941	0.0588235
0.0833333	0.638889	0.0277778	0.25
0.210526	0.236842	0.0263158	0.526316
0.0225989	0.60452	0.124294	0.248588
0.898446	0.0797927	0.0103627	0.011399
0.0666667	0.295238	0.62381	0.0142857
0.130435	0.217391	0.608696	0.0434783
0.292453	0.198113	0.415094	0.0943396
0.214286	0.285714	0.285714	0.214286
0.0357143	0.607143	0.285714	0.0714286
0.25	0.4	0.25	0.1
0.0434783	0.652174	0.130435	0.173913
0.1875	0.6875	0.0125	0.1125
0.178571	0.25	0.0714286	0.5
0.2	0.5	0.1	0.2
0.239437	0.0704225	0.647887	0.0422535
0.147059	0.264706	0.441176	0.147059
0.111111	0.185185	0.037037	0.666667
0.796296	0.12963	0.037037	0.037037
0.130435	0.478261	0.347826	0.0434783
0.032	0.344	0.6	0.024
0.805195	0.0519481	0.025974	0.116883
0.655556	0.211111	0.0888889	0.0444444
0.681818	0.272727	0.00909091	0.0363636
0.555556	0.197531	0.234568	0.0123457
0.169014	0.352113	0.028169	0.450704
0.467742	0.354839	0.145161	0.0322581
0.816206	0.126482	0.00790514	0.0494071
0.0588235	0.352941	0.0588235	0.529412
0.125	0.666667	0.0138889	0.194444
0.151515	0.030303	0.787879	0.030303
0.674699	0.168675	0.060241	0.0963855
0.0833333	0.333333	0.5	0.0833333
0.409836	0.557377	0.0163934	0.0163934
0.2	0.3	0.2	0.3
0.230769	0.205128	0.538462	0.025641
0.25	0.25	0.25	0.25
0.0952381	0.77381	0.0595238	0.0714286
0.130435	0.173913	0.652174	0.0434783
0.0217391	0.934783	0.0217391	0.0217391
0.148148	0.333333	0.481481	0.037037
0.0980392	0.333333	0.0196078	0.54902
0.2	0.4	0.2	0.2
0.030303	0.80303	0.0606061	0.106061
0.333333	0.233333	0.266667	0.166667
0.117647	0.705882	0.0784314	0.0980392
0.0833333	0.733333	0.133333	0.05
0.416667	0.125	0.375	0.0833333
0.0930233	0.534884	0.139535	0.232558
0.0344828	0.534483	0.0517241	0.37931
0.0392157	0.235294	0.0784314	0.647059
0.148936	0.617021	0.212766	0.0212766
0.363636	0.212121	0.393939	0.030303
0.409091	0.181818	0.340909	0.0681818
0.0769231	0.0769231	0.769231	0.0769231
0.0185185	0.851852	0.037037	0.0925926
0.146341	0.634146	0.097561	0.121951
0.25	0.25	0.25	0.25
0.54386	0.298246	0.0526316	0.105263
0.3	0.342857	0.328571	0.0285714
0.0178571	0.357143	0.517857	0.107143
0.0245902	0.696721	0.00819672	0.270492
0.0196078	0.764706	0.0392157	0.176471
0.125	0.5	0.3125	0.0625
0.185185	0.253968	0.550265	0.010582
0.0294118	0.558824	0.352941	0.0588235
0.142857	0.464286	0.357143	0.0357143
0.0914286	0.76	0.0171429	0.131429
0.621212	0.212121	0.136364	0.030303
0.285714	0.285714	0.285714	0.142857
0.136364	0.272727	0.545455	0.0454545
0.0364964	0.40146	0.0875912	0.474453
0.0727273	0.672727	0.00909091	0.245455
0.463415	0.443902	0.0682927	0.0243902
0.142857	0.238095	0.571429	0.047619
0.25	0.25	0.25	0.25
0.122807	0.701754	0.0877193	0.0877193
0.0510949	0.737226	0.0729927	0.138686
0.162162	0.27027	0.540541	0.027027
0.109756	0.341463	0.109756	0.439024
0.0441176	0.691176	0.0441176	0.220588
0.181818	0.636364	0.121212	0.0606061
0.202849	0.277137	0.46981	0.0502035
0.142857	0.485714	0.314286	0.0571429
0.0348837	0.0697674	0.0116279	0.883721
0.0285714	0.228571	0.657143	0.0857143
0.115385	0.346154	0.384615	0.153846
0.295082	0.491803	0.147541	0.0655738
0.368421	0.547368	0.0421053	0.0421053
0.393939	0.363636	0.212121	0.030303
0.025641	0.769231	0.0512821	0.153846
0.0526316	0.736842	0.157895	0.0526316
0.206897	0.241379	0.344828	0.206897
0.877041	0.0475504	0.0509126	0.0244957
0.45679	0.345679	0.0987654	0.0987654
0.0528053	0.79538	0.0264026	0.125413
0.0909091	0.181818	0.545455	0.181818
0.542857	0.171429	0.171429	0.114286
0.428571	0.428571	0.0714286	0.0714286
0.206081	0.364865	0.152027	0.277027
0.234375	0.046875	0.546875	0.171875
0.181818	0.272727	0.454545	0.0909091
0.09375	0.71875	0.125	0.0625
0.00766284	0.421456	0.0191571	0.551724
0.04	0.706667	0.0533333	0.2
0.0681818	0.659091	0.227273	0.0454545
0.162437	0.177665	0.649746	0.0101523
0.125	0.375	0.375	0.125
0.0327869	0.344262	0.0163934	0.606557
0.214286	0.357143	0.285714	0.142857
0.107143	0.321429	0.464286	0.107143
0.025	0.2625	0.05	0.6625
0.285714	0.369048	0.285714	0.0595238
0.684211	0.105263	0.157895	0.0526316
0.189189	0.574324	0.0202703	0.216216
0.0166667	0.455556	0.0555556	0.472222
0.125	0.375	0.375	0.125
0.666667	0.111111	0.194444	0.0277778
0.82342	0.108736	0.0436803	0.0241636
0.133333	0.266667	0.266667	0.333333
0.0606061	0.545455	0.30303	0.0909091
0.0909091	0.363636	0.0454545	0.5
0.375	0.5	0.0416667	0.0833333
0.109244	0.294118	0.537815	0.0588235
0.294118	0.0588235	0.470588	0.176471
0.0869565	0.565217	0.0434783	0.304348
0.227273	0.545455	0.159091	0.0681818
0.153846	0.461538	0.307692	0.0769231
0.738462	0.0276923	0.0553846	0.178462
0.103448	0.310345	0.517241	0.0689655
0.0571429	0.728571	0.0714286	0.142857
0.0909091	0.272727	0.363636	0.272727
0.0428571	0.471429	0.114286	0.371429
0.119048	0.261905	0.595238	0.0238095
0.0860215	0.841398	0.00806452	0.0645161
0.0377358	0.566038	0.0188679	0.377358
0.295455	0.5	0.181818	0.0227273
0.485294	0.308824	0.0882353	0.117647
0.357143	0.428571	0.196429	0.0178571
0.0416667	0.666667	0.1875	0.104167
0.222222	0.111111	0.111111	0.555556
0.166667	0.4	0.266667	0.166667
0.115789	0.494737	0.0210526	0.368421
0.25	0.0625	0.625	0.0625
0.142857	0.47619	0.333333	0.047619
0.215385	0.6	0.169231	0.0153846
0.173469	0.765306	0.0204082	0.0408163
0.037037	0.685185	0.259259	0.0185185
0.142857	0.107143	0.0714286	0.678571
0.313953	0.622093	0.0116279	0.0523256
0.111111	0.555556	0.111111	0.222222
0.173913	0.652174	0.0869565	0.0869565
0.0789474	0.5	0.236842	0.184211
0.12	0.4	0.04	0.44
0.357143	0.0714286	0.357143	0.214286
0.346154	0.461538	0.0769231	0.115385
0.111111	0.277778	0.5	0.111111
0.00571429	0.328571	0.0114286	0.654286
0.101695	0.457627	0.423729	0.0169492
0.166667	0.333333	0.166667	0.333333
0.0952381	0.238095	0.0952381	0.571429
0.0241935	0.459677	0.451613	0.0645161
0.114286	0.114286	0.257143	0.514286
0.273585	0.283019	0.132075	0.311321
0.0555556	0.5	0.111111	0.333333
0.208333	0.152778	0.625	0.0138889
0.0576923	0.0384615	0.865385	0.0384615
0.0125	0.7875	0.0875	0.1125
0.166667	0.166667	0.5	0.166667
0.0766129	0.423387	0.455645	0.0443548
0.0176991	0.672566	0.0176991	0.292035
0.147368	0.431579	0.126316	0.294737
0.365854	0.390244	0.170732	0.0731707
0.0900071	0.793763	0.0155918	0.100638
0.5	0.0833333	0.333333	0.0833333
0.133333	0.433333	0.333333	0.1
0.621795	0.211538	0.121795	0.0448718
0.0535714	0.892857	0.0357143	0.0178571
0.142857	0.142857	0.666667	0.047619
0.721311	0.114754	0.114754	0.0491803
0.0806452	0.467742	0.322581	0.129032
0.047619	0.428571	0.428571	0.0952381
0.108108	0.621622	0.189189	0.0810811
0.157143	0.5	0.278571	0.0642857
0.166667	0.166667	0.638889	0.0277778
0.692308	0.192308	0.0384615	0.0769231
0.047619	0.595238	0.285714	0.0714286
0.816737	0.0932203	0.0889831	0.00105932
0.210526	0.526316	0.105263	0.157895
0.037037	0.62963	0.111111	0.222222
0.148148	0.222222	0.518519	0.111111
0.25	0.125	0.375	0.25
0.266667	0.133333	0.2	0.4
0.0149254	0.910448	0.0597015	0.0149254
0.0188679	0.45283	0.490566	0.0377358
0.0774648	0.471831	0.338028	0.112676
0.145038	0.557252	0.19084	0.10687
0.670886	0.126582	0.0253165	0.177215
0.0620438	0.667883	0.00364964	0.266423
0.0441176	0.617647	0.161765	0.176471
0.684211	0.184211	0.105263	0.0263158
0.205479	0.0273973	0.684932	0.0821918
0.0681818	0.590909	0.0909091	0.25
0.0521472	0.650307	0.0184049	0.279141
0.464286	0.0952381	0.369048	0.0714286
0.691643	0.221902	0.0576369	0.0288184
0.132353	0.617647	0.191176	0.0588235
0.109091	0.454545	0.418182	0.0181818
0.0289855	0.565217	0.0724638	0.333333
0.269231	0.384615	0.0769231	0.269231
0.0462963	0.472222	0.462963	0.0185185
0.0564516	0.915323	0.00806452	0.0201613
0.269231	0.461538	0.192308	0.0769231
0.0740741	0.481481	0.111111	0.333333
0.1	0.525	0.325	0.05
0.137931	0.344828	0.344828	0.172414
0.264706	0.382353	0.323529	0.0294118
0.141553	0.630137	0.0547945	0.173516
0.416667	0.0666667	0.5	0.0166667
0.133333	0.777778	0.0222222	0.0666667
0.207921	0.39604	0.356436	0.039604
0.0454545	0.409091	0.0909091	0.454545
0.0789474	0.526316	0.210526	0.184211
0.632653	0.306122	0.0204082	0.0408163
0.2	0.3	0.4	0.1
0.211009	0.449541	0.0825688	0.256881
0.666667	0.166667	0.0666667	0.1
0.0185185	0.740741	0.166667	0.0740741
0.037037	0.703704	0.0740741	0.185185
0.171053	0.289474	0.473684	0.0657895
0.0431034	0.560345	0.0517241	0.344828
0.219512	0.414634	0.353659	0.0121951
0.0914634	0.676829	0.0731707	0.158537
0.0666667	0.283333	0.0833333	0.566667
0.0571429	0.4	0.514286	0.0285714
0.0526316	0.368421	0.421053	0.157895
0.294118	0.117647	0.470588	0.117647
0.901961	0.0686275	0.00490196	0.0245098
0.409091	0.295455	0.204545	0.0909091
0.0133333	0.58	0.393333	0.0133333
0.695652	0.130435	0.0289855	0.144928
0.55303	0.378788	0.0606061	0.00757576
0.191176	0.397059	0.352941	0.0588235
0.15	0.25	0.55	0.05
0.40625	0.28125	0.28125	0.03125
0.08	0.12	0.68	0.12
0.145455	0.381818	0.454545	0.0181818
0.245283	0.0566038	0.641509	0.0566038
0.24183	0.686275	0.00653595	0.0653595
0.688889	0.133333	0.133333	0.0444444
0.333333	0.142857	0.428571	0.0952381
0.226804	0.257732	0.484536	0.0309278
0.15625	0.734375	0.03125	0.078125
0.037037	0.740741	0.111111	0.111111
0.323529	0.588235	0.0588235	0.0294118
0.132479	0.811966	0.017094	0.0384615
0.266667	0.0666667	0.6	0.0666667
0.0972222	0.486111	0.277778	0.138889
0.0740741	0.185185	0.0740741	0.666667
0.186667	0.613333	0.173333	0.0266667
0.0961538	0.442308	0.442308	0.0192308
0.25	0.25	0.25	0.25
0.177778	0.222222	0.555556	0.0444444
0.0454545	0.727273	0.0454545	0.181818
0.222222	0.222222	0.333333	0.222222
0.0487805	0.365854	0.463415	0.121951
0.0571429	0.779592	0.0122449	0.15102
0.0212766	0.319149	0.510638	0.148936
0.227273	0.545455	0.181818	0.0454545
0.2	0.3	0.3	0.2
0.0138889	0.479167	0.00694444	0.5
0.364583	0.447917	0.114583	0.0729167
0.0344828	0.344828	0.517241	0.103448
0.382979	0.361702	0.170213	0.0851064
0.0980392	0.392157	0.460784	0.0490196
0.493151	0.39726	0.0958904	0.0136986
0.538462	0.307692	0.0769231	0.0769231
0.5	0.347826	0.0652174	0.0869565
0.833333	0.0666667	0.0666667	0.0333333
0.111111	0.333333	0.333333	0.222222
0.185185	0.148148	0.592593	0.0740741
0.166667	0.694444	0.0555556	0.0833333
0.12766	0.106383	0.702128	0.0638298
0.027027	0.405405	0.459459	0.108108
0.047619	0.761905	0.142857	0.047619
0.230769	0.0769231	0.461538	0.230769
0.0467836	0.643275	0.0409357	0.269006
0.230769	0.5	0.115385	0.153846
0.166667	0.583333	0.0833333	0.166667
0.21875	0.125	0.59375	0.0625
0.25	0.225806	0.508065	0.016129
0.614907	0.279503	0.0372671	0.068323
0.0172414	0.465517	0.482759	0.0344828
0.0923077	0.553846	0.276923	0.0769231
0.0857143	0.457143	0.4	0.0571429
0.3125	0.15625	0.21875	0.3125
0.030303	0.242424	0.212121	0.515152
0.00769231	0.769231	0.0153846	0.207692
0.245614	0.245614	0.0701754	0.438596
0.2	0.2	0.4	0.2
0.209302	0.0232558	0.651163	0.116279
0.03125	0.4375	0.0625	0.46875
0.145833	0.4375	0.375	0.0416667
0.206897	0.206897	0.577586	0.00862069
0.285714	0.428571	0.142857	0.142857
0.444444	0.333333	0.111111	0.111111
0.0645161	0.322581	0.0107527	0.602151
0.00970874	0.786408	0.00970874	0.194175
0.15	0.65	0.15	0.05
0.0243902	0.341463	0.0731707	0.560976
0.0816327	0.714286	0.0816327	0.122449
0.5	0.3	0.1	0.1
0.0645161	0.193548	0.677419	0.0645161
0.111111	0.481481	0.037037	0.37037
0.666667	0.151515	0.151515	0.030303
0.0645161	0.709677	0.193548	0.0322581
0.05	0.55	0.3	0.1
0.411765	0.176471	0.0588235	0.352941
0.315789	0.315789	0.280702	0.0877193
0.0424354	0.643911	0.0147601	0.298893
0.015625	0.203125	0.003125	0.778125
0.291667	0.25	0.375	0.0833333
0.151515	0.575758	0.0909091	0.181818
0.617021	0.265957	0.0478723	0.0691489
0.25	0.368421	0.0131579	0.368421
0.0861244	0.794258	0.0478469	0.0717703
0.0243902	0.560976	0.317073	0.097561
0.0545024	0.329384	0.00947867	0.606635
0.00775194	0.51938	0.434109	0.0387597
0.25	0.166667	0.333333	0.25
0.05	0.75	0.05	0.15
0.208333	0.125	0.583333	0.0833333
0.0869565	0.608696	0.0978261	0.206522
0.233333	0.7	0.0333333	0.0333333
0.113208	0.188679	0.641509	0.0566038
0.0175439	0.701754	0.0877193	0.192982
0.103448	0.172414	0.689655	0.0344828
0.375	0.25	0.125	0.25
0.0285714	0.457143	0.142857	0.371429
0.0882353	0.176471	0.705882	0.0294118
0.127273	0.2	0.6	0.0727273
0.157233	0.710692	0.0314465	0.100629
0.0763359	0.290076	0.0305344	0.603053
0.142857	0.428571	0.142857	0.285714
0.340426	0.574468	0.0638298	0.0212766
0.102564	0.358974	0.025641	0.512821
0.0967742	0.604839	0.0887097	0.209677
0.215686	0.509804	0.137255	0.137255
0.0555556	0.666667	0.222222	0.0555556
0.0434783	0.391304	0.0869565	0.478261
0.112245	0.183673	0.673469	0.0306122
0.1	0.7	0.1	0.1
0.111111	0.638889	0.111111	0.138889
0.107143	0.464286	0.0357143	0.392857
0.122449	0.428571	0.0816327	0.367347
0.0125	0.375	0.05	0.5625
0.155172	0.206897	0.517241	0.12069
0.140625	0.578125	0.09375	0.1875
0.537736	0.320755	0.122642	0.0188679
0.0625	0.4375	0.3125	0.1875
0.0833333	0.208333	0.0416667	0.666667
0.0204082	0.204082	0.0102041	0.765306
0.297872	0.170213	0.0425532	0.489362
0.12	0.26	0.6	0.02
0.0833333	0.666667	0.208333	0.0416667
0.0547945	0.780822	0.150685	0.0136986
0.62069	0.0344828	0.241379	0.103448
0.025641	0.683761	0.0512821	0.239316
0.0412371	0.43299	0.0824742	0.443299
0.25	0.25	0.25	0.25
0.222222	0.638889	0.111111	0.0277778
0.326531	0.469388	0.142857	0.0612245
0.0444444	0.688889	0.0222222	0.244444
0.2	0.24	0.24	0.32
0.087156	0.756881	0.00458716	0.151376
0.0123457	0.493827	0.0246914	0.469136
0.025974	0.448052	0.474026	0.0519481
0.0188679	0.339623	0.0377358	0.603774
0.101124	0.191011	0.202247	0.505618
0.214286	0.214286	0.357143	0.214286
0.0357143	0.5	0.0357143	0.428571
0.0714286	0.142857	0.142857	0.642857
0.0630631	0.504505	0.00900901	0.423423
0.105263	0.578947	0.105263	0.210526
0.0882353	0.352941	0.147059	0.411765
0.0225225	0.716216	0.0225225	0.238739
0.25	0.25	0.25	0.25
0.0740741	0.833333	0.0185185	0.0740741
0.0658683	0.898204	0.0179641	0.0179641
0.171429	0.571429	0.0285714	0.228571
0.0526316	0.342105	0.473684	0.131579
0.0282486	0.898305	0.039548	0.0338983
0.017094	0.910256	0.034188	0.0384615
0.0177515	0.920118	0.00591716	0.056213
0.141732	0.811024	0.00787402	0.0393701
0.133333	0.533333	0.2	0.133333
0.0328947	0.802632	0.00657895	0.157895
0.142857	0.47619	0.285714	0.0952381
0.0449827	0.851211	0.0449827	0.0588235
0.0454545	0.772727	0.0909091	0.0909091
0.0151515	0.712121	0.030303	0.242424
0.060241	0.289157	0.00401606	0.646586
0.2	0.4	0.3	0.1
0.111111	0.444444	0.222222	0.222222
0.416667	0.416667	0.0833333	0.0833333
0.15	0.6	0.1	0.15
0.0869565	0.304348	0.217391	0.391304
0.0126582	0.759494	0.177215	0.0506329
0.0347826	0.608696	0.00869565	0.347826
0.0555556	0.555556	0.0555556	0.333333
0.0454545	0.409091	0.136364	0.409091
0.0418605	0.92093	0.00930233	0.027907
0.125	0.625	0.125	0.125
0.0882353	0.794118	0.0294118	0.0882353
0.0463768	0.734783	0.0405797	0.178261
0.176471	0.735294	0.0588235	0.0294118
0.1875	0.6875	0.0625	0.0625
0.0273973	0.931507	0.0273973	0.0136986
0.137931	0.758621	0.0344828	0.0689655
0.238095	0.52381	0.190476	0.047619
0.0416667	0.75	0.0833333	0.125
0.0666667	0.733333	0.0666667	0.133333
0.0422535	0.887324	0.028169	0.0422535
0.0408163	0.571429	0.122449	0.265306
0.2	0.466667	0.2	0.133333
0.015625	0.703125	0.0625	0.21875
0.25	0.25	0.25	0.25
0.1	0.65	0.1	0.15
0.0084507	0.814085	0.0309859	0.146479
0.0685358	0.88162	0.00934579	0.0404984
0.318182	0.409091	0.227273	0.0454545
0.4	0.2	0.2	0.2
0.0869565	0.434783	0.173913	0.304348
0.0545455	0.6	0.0181818	0.327273
0.0294118	0.808824	0.0588235	0.102941
0.0638298	0.904255	0.0212766	0.0106383
